MutationsType	SBS96A	SBS96B	SBS96C	SBS96D	SBS96E	SBS96F	SBS96G	SBS96H	SBS96I	SBS96J	SBS96K	SBS96L	SBS96M	SBS96N	SBS96O	SBS96P	SBS96Q	SBS96R
A[C>A]A	0.00918727	0.02370660	0.04463271	0.04957398	0.00001742	0.00082555	0.00725051	0.00059677	0.00006522	0.00148622	0.05649974	0.00043360	0.00226458	0.00106047	0.00466930	0.00013703	0.00420421	0.00131626
A[C>A]C	0.01278318	0.02375909	0.01257983	0.04024090	0.00011252	0.00195388	0.00424216	0.00011316	0.00061992	0.00022347	0.01582578	0.00053967	0.00141110	0.00048411	0.00036834	0.00070127	0.00100755	0.00176544
A[C>A]G	0.00329470	0.00037399	0.00331503	0.01866489	0.00001836	0.00017469	0.00097154	0.00006432	0.00021072	0.00006302	0.00091526	0.00005323	0.00013929	0.00016706	0.00017357	0.00037443	0.00039890	0.00009156
A[C>A]T	0.00616714	0.01446019	0.01917776	0.03579039	0.00016895	0.00097877	0.00105125	0.00011170	0.00040067	0.00051398	0.02247495	0.00672514	0.00029266	0.00025128	0.00114638	0.00374587	0.00494560	0.00346538
A[C>G]A	0.01287625	0.03228117	0.01166218	0.00706840	0.00005818	0.00210675	0.00385562	0.00024478	0.00019424	0.00000000	0.00090879	0.00470357	0.00084644	0.00329923	0.00045171	0.00132300	0.00446698	0.00607139
A[C>G]C	0.00541036	0.01974043	0.01040249	0.00264913	0.00000343	0.00080829	0.00265525	0.00007605	0.00009815	0.00003495	0.00368888	0.00170036	0.00054719	0.00091084	0.00030443	0.00266301	0.00094521	0.00424121
A[C>G]G	0.00255601	0.00000000	0.00434684	0.00135673	0.00003053	0.00001044	0.00057901	0.00005570	0.00002784	0.00051708	0.00228543	0.00038059	0.00037009	0.00038053	0.00025955	0.00068388	0.00006606	0.00172246
A[C>G]T	0.01171217	0.02657454	0.02060446	0.00308100	0.00005696	0.00149274	0.00306804	0.00006982	0.00031947	0.00008463	0.00493712	0.00483521	0.00041254	0.00422827	0.00191930	0.00375411	0.00298688	0.00669289
A[C>T]A	0.05207319	0.01291739	0.02757568	0.00854754	0.00004622	0.02448809	0.01351709	0.00166495	0.00050770	0.00062935	0.00557079	0.09028367	0.00249205	0.00786764	0.00141663	0.00363304	0.00964940	0.01040893
A[C>T]C	0.02717992	0.01572036	0.01412251	0.00396814	0.02215087	0.00564165	0.00460693	0.00022952	0.00135365	0.03897008	0.00362686	0.02073685	0.00230265	0.00010127	0.00905550	0.00506147	0.00174419	0.00234316
A[C>T]G	0.00034027	0.00872111	0.00723070	0.00173484	0.00001140	0.37256140	0.00034118	0.00717505	0.00002011	0.00022325	0.00020848	0.00074756	0.00015247	0.00016785	0.00016058	0.00162212	0.01061077	0.00108008
A[C>T]T	0.03929298	0.01382456	0.02399544	0.00331199	0.00891864	0.00932401	0.00301314	0.00074733	0.00349525	0.01138494	0.00808461	0.02787368	0.00110051	0.00027133	0.00850429	0.02842347	0.00244055	0.00897805
A[T>A]A	0.00966659	0.00082671	0.01056300	0.00340846	0.00246669	0.00095849	0.00629020	0.00003333	0.00028091	0.00201994	0.00100052	0.00508823	0.00090021	0.00001830	0.01343823	0.00052236	0.05449830	0.00291218
A[T>A]C	0.00998075	0.00965272	0.00393648	0.00315237	0.00042732	0.00316596	0.00638468	0.00018695	0.00115078	0.00037267	0.00058602	0.00276681	0.00075848	0.00021386	0.00325366	0.00160024	0.00797822	0.00223090
A[T>A]G	0.01492926	0.00957714	0.00902911	0.00816329	0.00063902	0.00165648	0.00364680	0.00008276	0.00012172	0.00146167	0.00091685	0.00162167	0.00018881	0.00101494	0.00022721	0.00300033	0.04877200	0.00168633
A[T>A]T	0.00070878	0.00097056	0.00739638	0.00404743	0.00414809	0.00009569	0.00649852	0.00035404	0.00005438	0.00868424	0.00361906	0.02942652	0.00111002	0.00093124	0.06275093	0.03133408	0.00048348	0.04956630
A[T>C]A	0.09280808	0.01151546	0.02804120	0.00589048	0.00046038	0.00144568	0.06256665	0.00033304	0.00046678	0.00054663	0.00036981	0.02251876	0.00036447	0.00163849	0.00081400	0.00446497	0.02623452	0.00332635
A[T>C]C	0.01353294	0.00679371	0.01083774	0.00003501	0.00004134	0.00379637	0.03729678	0.00018337	0.00061577	0.00017976	0.00249773	0.00419822	0.01204651	0.00026086	0.00053309	0.00454150	0.00240166	0.00049041
A[T>C]G	0.05872363	0.00783053	0.02412063	0.00467991	0.00005216	0.00020998	0.06602701	0.00002286	0.00050539	0.00106368	0.00300111	0.03484936	0.00083406	0.00035442	0.00061345	0.00982037	0.00741830	0.00018139
A[T>C]T	0.06438512	0.01851613	0.02687681	0.00078113	0.00062344	0.00618935	0.05386208	0.00024922	0.00075604	0.00149774	0.00536013	0.00273717	0.00915587	0.00184534	0.00264524	0.04847607	0.00209670	0.00747204
A[T>G]A	0.00427429	0.00453676	0.01265503	0.00078216	0.00048839	0.00004513	0.00253534	0.00140591	0.00045097	0.00005140	0.00063210	0.00042578	0.00079368	0.00002093	0.01109750	0.00335899	0.00160088	0.00909689
A[T>G]C	0.00223594	0.00285064	0.01334321	0.00009696	0.00012576	0.00020624	0.00056637	0.00475256	0.00025348	0.00109892	0.00064037	0.00031109	0.00053172	0.00001380	0.00055498	0.00276693	0.00009567	0.00942071
A[T>G]G	0.01189128	0.00886651	0.01305665	0.00081958	0.00024753	0.00068016	0.00268858	0.00102409	0.00013351	0.00145560	0.00273505	0.00107836	0.00089735	0.00000003	0.00052036	0.00941377	0.00481188	0.00734219
A[T>G]T	0.00012774	0.00084776	0.03373108	0.00000228	0.00027609	0.00000000	0.00023197	0.06553851	0.00004276	0.00028187	0.00020597	0.00133565	0.01206946	0.00028438	0.00000000	0.01211649	0.00023450	0.05254775
C[C>A]A	0.00023317	0.02528585	0.01357394	0.09447666	0.00048482	0.00002827	0.00076723	0.00014230	0.00011067	0.00110204	0.08392940	0.00002159	0.00011527	0.00123602	0.00013770	0.01332360	0.00206419	0.00451897
C[C>A]C	0.00045877	0.02640854	0.00242568	0.09986101	0.00011126	0.00205203	0.00060829	0.00002985	0.00035164	0.00095442	0.01038716	0.02869379	0.00132140	0.00049248	0.00205909	0.00302241	0.00608597	0.00051366
C[C>A]G	0.00584817	0.00006499	0.00003034	0.02996707	0.00000479	0.00007533	0.00072149	0.00002742	0.00000107	0.00020159	0.01224221	0.00363823	0.00034203	0.00000261	0.00186317	0.00037345	0.00056485	0.00002140
C[C>A]T	0.00000000	0.00565264	0.00685496	0.08813524	0.00013694	0.00000054	0.00004682	0.00000000	0.00026995	0.00131182	0.02785958	0.08630825	0.00002452	0.00000000	0.01278225	0.00001237	0.00094962	0.00010793
C[C>G]A	0.00778937	0.03133242	0.00220743	0.00913905	0.00000195	0.00025706	0.00250857	0.00013098	0.00003319	0.00037015	0.00000000	0.00112974	0.00079857	0.00630016	0.00003839	0.00161639	0.00211047	0.00110360
C[C>G]C	0.01354516	0.02208179	0.01047846	0.00800393	0.00002301	0.00024211	0.00252259	0.00005855	0.00035808	0.00101003	0.00287292	0.00160147	0.00007101	0.00054923	0.00192941	0.00057777	0.00295575	0.00061106
C[C>G]G	0.00428786	0.00163731	0.00178630	0.00352763	0.00003436	0.00034554	0.00111304	0.00000112	0.00021863	0.00063433	0.00451511	0.00027373	0.00045765	0.00006891	0.00035912	0.00134932	0.00167222	0.00032226
C[C>G]T	0.00916506	0.03534957	0.01542730	0.00731738	0.00008017	0.00004826	0.00509125	0.00007572	0.00010194	0.00067506	0.00351396	0.00158187	0.00004438	0.00666650	0.00440478	0.00043305	0.00105297	0.00376682
C[C>T]A	0.01350395	0.01533875	0.02492248	0.01414025	0.06048997	0.00345587	0.00780642	0.00047527	0.00055351	0.12161959	0.00705271	0.00401951	0.00153080	0.00002053	0.00558052	0.04930854	0.00300679	0.00499750
C[C>T]C	0.00709206	0.01834655	0.01469542	0.01161581	0.05975745	0.00019610	0.00852055	0.00013543	0.00000399	0.21569111	0.00245968	0.00532806	0.00170859	0.00014356	0.00535393	0.00128114	0.00794165	0.00055168
C[C>T]G	0.02730868	0.00466194	0.00258250	0.00280537	0.00638496	0.18619489	0.00258864	0.00726225	0.00351153	0.02435618	0.01536886	0.01300302	0.00253191	0.00223418	0.00982533	0.00538284	0.00688150	0.01617685
C[C>T]T	0.02129342	0.02666907	0.02164770	0.01859255	0.06860276	0.00019232	0.00608486	0.00020710	0.00028749	0.14477680	0.00093630	0.00686148	0.00210929	0.00081806	0.02721240	0.00996751	0.00571772	0.00214065
C[T>A]A	0.00269117	0.00200495	0.00001685	0.00186694	0.00016053	0.00001281	0.00126915	0.00000446	0.00015774	0.00043607	0.00011905	0.00041398	0.00009888	0.00024305	0.00333841	0.00198891	0.10246614	0.00029635
C[T>A]C	0.00133897	0.01843209	0.00442703	0.00512991	0.00004565	0.00007529	0.00323372	0.00194371	0.00028486	0.00063940	0.00182570	0.00298742	0.03892779	0.00032356	0.01432731	0.00005744	0.06142946	0.00054284
C[T>A]G	0.00176811	0.00334217	0.00172612	0.01668987	0.00000938	0.00062568	0.00152577	0.00034284	0.00005091	0.00019624	0.00024892	0.00085645	0.01157323	0.00054742	0.00014415	0.00170298	0.15839796	0.00087208
C[T>A]T	0.00009508	0.00921648	0.00749919	0.00721718	0.00026258	0.00006917	0.00006222	0.00729476	0.00022648	0.00000000	0.00063306	0.00001243	0.07226155	0.00042509	0.04805063	0.00001276	0.05003889	0.00018813
C[T>C]A	0.01048758	0.00660263	0.01638061	0.00490200	0.00045170	0.00042322	0.03916830	0.00039547	0.00016151	0.00121728	0.00000578	0.01420146	0.01097733	0.00021416	0.00737621	0.00959101	0.00565767	0.00225757
C[T>C]C	0.00405119	0.01157904	0.00616300	0.00168367	0.00015344	0.00307562	0.02839219	0.00239291	0.00003748	0.00052657	0.00312647	0.00237101	0.17524821	0.00004873	0.00024331	0.00012875	0.00209979	0.00167973
C[T>C]G	0.02774330	0.00484385	0.01106138	0.00539570	0.00000000	0.00042456	0.03182025	0.00192830	0.00012158	0.00015876	0.00000532	0.03388906	0.09434048	0.00017574	0.00070040	0.00179091	0.00464537	0.00121387
C[T>C]T	0.01134245	0.00033437	0.00123739	0.00080028	0.00165619	0.00000191	0.01469867	0.00906200	0.00024511	0.00704341	0.00362696	0.00504868	0.41723280	0.00013411	0.02846882	0.03183521	0.00071458	0.00183445
C[T>G]A	0.00206810	0.00697526	0.00325238	0.00027868	0.00006236	0.00007869	0.00195645	0.00209054	0.00001911	0.00033412	0.00009576	0.00076989	0.00045368	0.00004378	0.00335179	0.00111664	0.00476606	0.01075253
C[T>G]C	0.00478431	0.01063910	0.00453711	0.00009941	0.00005194	0.00025645	0.00156195	0.03101586	0.00027902	0.00090514	0.00247162	0.00301904	0.00173608	0.00013490	0.00545849	0.00020128	0.00104703	0.01153706
C[T>G]G	0.00746015	0.01672143	0.00354308	0.00282344	0.00000000	0.00015056	0.00180245	0.01360643	0.00000977	0.00089147	0.00313953	0.00397256	0.00049365	0.00019032	0.00133237	0.00036264	0.00816431	0.00649036
C[T>G]T	0.00433738	0.00046939	0.00068256	0.00089187	0.00000000	0.00067950	0.00098693	0.54811173	0.00000000	0.00000000	0.00137111	0.00001540	0.00180944	0.00000000	0.00068516	0.00000253	0.00126534	0.01134948
G[C>A]A	0.01174270	0.00488689	0.01132688	0.02862735	0.00000245	0.00121486	0.00305719	0.00111769	0.00010656	0.00021074	0.14408405	0.00071232	0.00266441	0.00026323	0.00019365	0.00034709	0.00303447	0.00639769
G[C>A]C	0.01131023	0.01154581	0.00900700	0.04438732	0.00016441	0.00044230	0.00715523	0.00000289	0.00013932	0.00000476	0.01695337	0.00452437	0.00084241	0.00022139	0.00011605	0.00010440	0.00334882	0.00060680
G[C>A]G	0.00416217	0.00000892	0.00201368	0.01832606	0.00001075	0.00085253	0.00150753	0.00007404	0.00002100	0.00001449	0.00795332	0.00039450	0.00018324	0.00010492	0.00000254	0.00002196	0.00029214	0.00075323
G[C>A]T	0.00560678	0.01101451	0.00765241	0.01982610	0.00000000	0.00001872	0.00366021	0.00025775	0.00000000	0.00000000	0.08242160	0.01098524	0.00002192	0.00023576	0.00006753	0.00003538	0.00038740	0.00333221
G[C>G]A	0.00521675	0.02061684	0.00137279	0.00612556	0.00000000	0.00020369	0.00134761	0.00000910	0.00000790	0.00000240	0.00042438	0.00083959	0.00103094	0.00132825	0.00016745	0.00021833	0.00260472	0.00141195
G[C>G]C	0.00593273	0.01371738	0.00509593	0.00682865	0.00000284	0.00062323	0.00188210	0.00001096	0.00012890	0.00030893	0.00059468	0.00210151	0.00138951	0.00035303	0.00055132	0.00015153	0.00287926	0.00358571
G[C>G]G	0.00206993	0.00354620	0.00046240	0.00404441	0.00002118	0.00029585	0.00025238	0.00004063	0.00002825	0.00037822	0.00034899	0.00025605	0.00012171	0.00026437	0.00013915	0.00057885	0.00039535	0.00032833
G[C>G]T	0.00861580	0.02397100	0.00336456	0.00288740	0.00001461	0.00030950	0.00312868	0.00000899	0.00016560	0.00028329	0.00084237	0.00230458	0.00072076	0.00277754	0.00111384	0.00099243	0.00325960	0.00288740
G[C>T]A	0.02762379	0.02016867	0.01346311	0.00297707	0.00007021	0.00414683	0.00813465	0.00029271	0.00005228	0.00018947	0.00618708	0.08617688	0.00243621	0.00778639	0.00009089	0.00063755	0.00353335	0.00699818
G[C>T]C	0.03276164	0.01405038	0.00880384	0.00323628	0.01314866	0.00061291	0.00625478	0.00005657	0.00145414	0.02909747	0.00425472	0.07465378	0.00004545	0.00029412	0.00072451	0.00281992	0.00380256	0.00913253
G[C>T]G	0.01264857	0.00000000	0.00000000	0.00000000	0.00000000	0.21417835	0.00312675	0.00769999	0.00000000	0.00000000	0.01397309	0.05566154	0.00144353	0.00155999	0.00000000	0.00000446	0.00366719	0.01585792
G[C>T]T	0.02503618	0.00936988	0.01526572	0.00266540	0.02316918	0.00057400	0.00452295	0.00001297	0.00044879	0.00395356	0.00208338	0.06707422	0.00077901	0.00174911	0.00150523	0.04008575	0.00435301	0.00556974
G[T>A]A	0.00368446	0.00699142	0.00131065	0.00548952	0.00042331	0.00010955	0.00198766	0.00012441	0.00037413	0.00026643	0.00107349	0.00174183	0.00010951	0.00000255	0.00170014	0.00003882	0.03841567	0.00143925
G[T>A]C	0.00232857	0.01085988	0.00182060	0.00255687	0.00022667	0.00007434	0.00178196	0.00025230	0.00021868	0.00008914	0.00210436	0.00271631	0.00296430	0.00016994	0.00273855	0.00015837	0.01008496	0.00132680
G[T>A]G	0.00293105	0.01497107	0.00122624	0.01273341	0.00020147	0.00019093	0.00229337	0.00019269	0.00024273	0.00052454	0.00053894	0.00299511	0.00055031	0.00012444	0.00001730	0.00100954	0.02780720	0.00091960
G[T>A]T	0.00088585	0.01662767	0.00196926	0.00518750	0.00035386	0.00024662	0.00088083	0.00151556	0.00014118	0.00012980	0.00297393	0.00344905	0.00510306	0.00061222	0.02100858	0.00743198	0.00622880	0.00087150
G[T>C]A	0.00827640	0.00842601	0.00384073	0.00267581	0.00001833	0.00053681	0.05713978	0.00005881	0.00014738	0.00004285	0.00029682	0.02482308	0.00044676	0.00019430	0.00001953	0.00085882	0.00378766	0.00106457
G[T>C]C	0.00759624	0.00584767	0.00500021	0.00041583	0.00009218	0.00210557	0.02393233	0.00088417	0.00007235	0.00000262	0.00302490	0.00156931	0.01426409	0.00022685	0.00016855	0.00185706	0.00372593	0.00097741
G[T>C]G	0.01704313	0.01144808	0.00242287	0.00183763	0.00003601	0.00129144	0.03650764	0.00123963	0.00008723	0.00032679	0.00522662	0.01915171	0.00378105	0.00030164	0.00028486	0.00240272	0.00331220	0.00110374
G[T>C]T	0.00556949	0.00146506	0.00272811	0.00001887	0.00083082	0.00003636	0.02244286	0.00056137	0.00035422	0.00550434	0.00173488	0.00622832	0.00438014	0.00000000	0.00558334	0.27813533	0.00140119	0.00162840
G[T>G]A	0.00297416	0.00721124	0.00235728	0.00015796	0.00007401	0.00018810	0.00187692	0.00028622	0.00013863	0.00020978	0.00081954	0.00048535	0.00078471	0.00003668	0.00239517	0.00012228	0.00238981	0.00115722
G[T>G]C	0.00230252	0.00324672	0.00353561	0.00007659	0.00007725	0.00010381	0.00066901	0.00584091	0.00011807	0.00035857	0.00008658	0.00033629	0.00028316	0.00008244	0.00128543	0.00017622	0.00110476	0.00040580
G[T>G]G	0.00569320	0.01728092	0.00110677	0.00172093	0.00015519	0.00033776	0.00200863	0.00143093	0.00026205	0.00281796	0.00712727	0.00127331	0.00066839	0.00094692	0.00588008	0.00407776	0.00248157	0.00235926
G[T>G]T	0.00001444	0.00582926	0.00196377	0.00002437	0.00105594	0.00027982	0.00011763	0.11948183	0.00005762	0.00191674	0.00077333	0.00275647	0.00615030	0.00017923	0.00654394	0.00623275	0.00017468	0.00042551
T[C>A]A	0.00020875	0.00113675	0.04058131	0.04144450	0.00028760	0.00000000	0.00109491	0.00000149	0.00050656	0.00218420	0.08700587	0.00091806	0.00030111	0.07763920	0.00123063	0.01038480	0.00356982	0.00229328
T[C>A]C	0.00614821	0.01674851	0.02584445	0.05299850	0.00041997	0.00265342	0.00130851	0.00009685	0.00018411	0.00344616	0.04905666	0.00223366	0.00052888	0.03135826	0.01335148	0.00784343	0.00136668	0.00031896
T[C>A]G	0.00369875	0.00011217	0.00343094	0.01229751	0.00001118	0.00031124	0.00025226	0.00000942	0.00002241	0.00014677	0.01558809	0.00010222	0.00016310	0.01102107	0.00001191	0.00023184	0.00042995	0.00004396
T[C>A]T	0.00767045	0.00368455	0.02792175	0.03646118	0.00037497	0.00163250	0.00097583	0.00257787	0.00100927	0.00083639	0.15846902	0.01806257	0.00097672	0.03545002	0.00325125	0.00112585	0.00783834	0.00397433
T[C>G]A	0.00174404	0.01398464	0.00016614	0.00139261	0.00000000	0.00009916	0.00875402	0.00010422	0.00000782	0.00002751	0.00156909	0.00089767	0.00302056	0.29985288	0.00036438	0.00356323	0.00528539	0.00193795
T[C>G]C	0.00446214	0.03038097	0.01351752	0.00542118	0.00000208	0.00038846	0.00553926	0.00000849	0.00005955	0.00154098	0.00354918	0.00135723	0.00054713	0.06619773	0.00392900	0.00023276	0.00159035	0.00658974
T[C>G]G	0.00255177	0.00008364	0.00226368	0.00228445	0.00000000	0.00002645	0.00096534	0.00006385	0.00005238	0.00018901	0.00117231	0.00035268	0.00038598	0.01413980	0.00000520	0.00109014	0.00012199	0.00016042
T[C>G]T	0.00274406	0.02654129	0.01266448	0.00045218	0.00041856	0.00222692	0.01153460	0.00137671	0.00011586	0.00005351	0.00023506	0.00200629	0.00049843	0.38969522	0.01141702	0.00001891	0.00322644	0.00544581
T[C>T]A	0.00126790	0.00012692	0.03888957	0.00231310	0.13345937	0.00129122	0.00839718	0.00001908	0.58879574	0.00007049	0.00710874	0.00100398	0.00030361	0.00160165	0.01614554	0.00009277	0.00240315	0.00150873
T[C>T]C	0.00000000	0.00097429	0.01922809	0.00610512	0.45863040	0.00000000	0.01507481	0.00000104	0.06661299	0.15715472	0.00001502	0.00009151	0.00001746	0.00220139	0.01485557	0.08554679	0.00978616	0.00111370
T[C>T]G	0.02707205	0.00001825	0.00000000	0.00000000	0.09450958	0.10110107	0.00127605	0.00382007	0.04459585	0.05619572	0.01066437	0.00061105	0.00045840	0.00066733	0.00000000	0.00513391	0.00158880	0.00242456
T[C>T]T	0.00692147	0.00147658	0.03824207	0.00623492	0.02640217	0.00003636	0.05774153	0.00032406	0.27093427	0.11248997	0.00004996	0.00274262	0.00111202	0.00142258	0.00038693	0.03637564	0.03706026	0.00598401
T[T>A]A	0.00256171	0.00070927	0.00359411	0.00164497	0.00015058	0.00746858	0.00816621	0.00075787	0.00003533	0.00209951	0.01030969	0.00587683	0.00057700	0.00040331	0.02131425	0.01388402	0.05743164	0.07605720
T[T>A]C	0.00037562	0.01074100	0.01360006	0.00147736	0.00026281	0.00006995	0.00631252	0.00022459	0.00019040	0.00204794	0.00177433	0.00002772	0.00519239	0.00043144	0.03695989	0.00090546	0.02132456	0.00601440
T[T>A]G	0.00583372	0.00359171	0.00621290	0.00597954	0.00000094	0.00037392	0.00282859	0.00000496	0.00000799	0.00135391	0.00062755	0.00070635	0.00130973	0.00012707	0.01362244	0.00438264	0.04027997	0.00486977
T[T>A]T	0.00122526	0.00058832	0.02054004	0.00353343	0.00024988	0.00183667	0.00444651	0.00140350	0.00129324	0.00007152	0.00118599	0.01204688	0.00181006	0.00018478	0.26798357	0.02526274	0.01364079	0.00405038
T[T>C]A	0.00713343	0.01072019	0.00232624	0.00082902	0.00233030	0.00035893	0.06966330	0.00062273	0.00054266	0.00476630	0.00017709	0.02094216	0.00094645	0.00001245	0.03701058	0.06697115	0.00686169	0.02773266
T[T>C]C	0.00333200	0.00727242	0.00547292	0.00001188	0.00063055	0.00485872	0.03816889	0.00102975	0.00002366	0.00137117	0.00545720	0.01052717	0.01417729	0.00013253	0.02509196	0.01214022	0.00011188	0.01126233
T[T>C]G	0.01201981	0.00439264	0.00311310	0.00104281	0.00005406	0.00056818	0.03416566	0.00107265	0.00004270	0.00381266	0.00288320	0.01778642	0.00184768	0.00003228	0.01509245	0.02098090	0.00355264	0.01265364
T[T>C]T	0.01457294	0.00844767	0.00003290	0.00006623	0.00092017	0.00552342	0.05137578	0.00051398	0.00023297	0.00286885	0.00030888	0.03188396	0.01951809	0.00041606	0.09268230	0.03420477	0.00017424	0.01086917
T[T>G]A	0.00432615	0.00888804	0.00709945	0.00002180	0.00013884	0.00012903	0.00427840	0.00000000	0.00007619	0.00043368	0.00003581	0.00006002	0.00000000	0.00021959	0.02203767	0.00022561	0.00224917	0.05813837
T[T>G]C	0.00675256	0.00731862	0.01768772	0.00000078	0.00002176	0.00066034	0.00398450	0.00883434	0.00014515	0.00120883	0.00103280	0.00062718	0.00005264	0.00017655	0.01683720	0.00064502	0.00080194	0.03391048
T[T>G]G	0.00893551	0.01221550	0.01112685	0.00182495	0.00000824	0.00075019	0.00288150	0.00443207	0.00008738	0.00091928	0.00076704	0.00233327	0.00156217	0.00000198	0.00821800	0.00076896	0.00460393	0.02169467
T[T>G]T	0.00158367	0.00789034	0.00894110	0.00012720	0.00001070	0.00088385	0.00654069	0.11919650	0.00011781	0.00018138	0.00065677	0.00820295	0.00533752	0.00000000	0.01600181	0.00051095	0.00043922	0.35211364
