10403 624 -885200287 -1039164242 -836547241
713644460 1664518845 -1032474022 1688757267 -1946150344
933353177 -1688530746 411860111 1197605252 621996725
-1866062862 577770187 1467898768 -697982383 2062686174
-688823609 -1005112228 1754896813 695916682 1290299523
-873637912 -1301402423 -1488383498 -1117593601 -1920183756
-876709979 1262366754 -1721744069 -86610112 815617601
1101029134 290313271 -1554990324 -1674484579 -96040262
-1975351053 -1590754920 2001796793 -1484497114 1023090543
-1256206620 1994277013 -1177139118 -90827861 1557688048
-974977487 72184382 -753950297 1885400508 -680727667
-172242710 427672931 -1843390648 -1138144087 312473686
34355935 2108127124 -1748941435 -1680774014 -709329381
20929184 -1846169055 233591150 2009975575 775081068
1601908349 -444755174 -1189012013 198940920 1050023577
-739320442 -1257426353 -647082940 58099317 1362271410
875463819 -1434045872 -1873520111 909114526 -790671225
-361670884 -716493459 -873535158 1500746307 305956520
871783561 2072252086 -1405811265 -1652601612 -489880731
180148450 153036539 166196736 -1405223423 294351822
-1789185545 1837600204 629925981 338873210 -1938021709
-270671784 963190393 1848806374 1534768431 832928164
-1571570603 -101506798 -1586403989 1868539312 -1330536975
556906238 -770150553 -358584196 2024562509 -1037289046
-167653597 -434461176 1137532009 361583894 -996851553
1080808020 -497438395 -2129103550 332152795 2041069920
946747873 51758638 1504577751 -1348010196 584815165
-1568787494 -1148479597 -586295368 -1883105703 266824262
-419715057 1729976068 1726865973 1664079218 -1332300213
-969094896 -1645030959 -1578458786 879951431 -716817956
-1811381971 2055977482 -195003389 328365416 -1851372471
1616104310 803531647 -440072268 132075301 -201571934
1912064187 -1588052800 -344037951 1696811150 276713399
-286711668 1206004765 947375162 428309619 -817660136
-442958279 -1633322842 -364377361 1328407652 -1598228459
1208007122 1809217323 -1242194832 -888146511 1626520510
-1314456281 -1162169540 -1244163315 589654634 1976015075
209450184 1064905769 661615062 -1361312161 954395924
14015749 1686126082 1004126619 -1110448096 1986429345
-2041840914 1636042391 -777653780 1092072957 171414682
-1784164013 777442936 1525011993 1275377414 -736633393
-349232700 -617021963 1870515762 2036901899 828514256
-1493104239 -756939234 1600941063 1465244828 680629485
1980844746 -1217452605 -1364253656 -348259319 -2106046410
-567111361 287146612 -1229628699 -541300126 631908987
-135838848 -2044818047 -2128093874 1349987703 -1439337652
1995714525 -673870598 992253491 -836772392 -1952408071
-1784863386 -282910545 1752764196 -572918827 -1396764014
461719787 391795504 -1665266319 944799870 -1350874393
326088188 -223443251 -1184408790 311370403 1141113736
-1360217111 -721006954 916491295 1909245908 1324730565
2127087298 2141258587 1685475040 -1013020319 1011806126
1024443479 1995416748 233806269 -311839398 825608979
-294218440 -1883154983 1158071238 1646384015 543403140
-1407723083 -555972878 811882955 850802320 322896209
-1646908706 1871419847 56639324 -693737299 -1086350454
-60846205 -2108517656 545090505 -827226890 215873279
-1974944460 722413221 1723683618 905333819 72682048
-740395711 1784230414 -486159561 -500398580 -427691107
587992506 -1156354061 993197208 -79692359 1876529702
801896047 -1740178972 -2056605803 -252826798 842914475
978176496 1836836145 -603257538 -917153625 -411076420
1391540877 -441316374 102263907 -1955409336 1374161833
1796336470 -1851600417 -1242996076 -394693499 -927854718
-790493925 -1000639072 1473663265 -1981897618 1511080471
1111758700 -1658634883 -590047718 938837203 -869461000
-569076327 2007863430 920226127 -2122647740 -448105099
-636747854 927583115 -788984496 174897425 -1752756322
1116768135 740647452 -1576600467 383167562 -588138173
-314785368 -786130039 -239107658 -777577281 2080815092
1621930597 -507577374 1956392443 2103546112 -327279359
-445167922 367667447 -1718724404 -1974765731 182144634
588515763 624745304 -1003020935 169524966 839027759
-1185438556 -2094060715 -1655831534 -239063957 -2054160208
1158249713 1088571902 -1124784537 -374736004 -1168134579
-926581590 1243837987 -1584897784 -1473569943 -162379754
-1247619169 -1879524012 -1457463227 -84142014 -514013477
-197174176 718133473 -1816454866 -431456297 -1771877844
-1032675011 691549914 329711251 909791928 -1247832743
549002566 -1208025329 1228210692 1385222453 1238120562
-1344733877 -756374512 1951019217 347386974 1983591751
-463125284 1316180013 -40469238 853910275 237875304
1559464777 1482833526 38666879 -786992460 323878437
1770087586 1935396795 -640886848 -1480751935 2000821134
-152811849 -1826952308 370195229 1073958714 -1125751949
1526561304 910556473 18918310 998695407 1718292324
-2098764011 -90268462 1540111915 534837104 -349776719
462835390 135967783 -1934672324 -860233203 1130474858
-1737474077 84193224 -243930327 1132946646 1482726751
1253758996 749472773 -1905860350 584140955 -891157728
-196796255 1050955246 -814383721 -1777517332 295552253
-480995430 -301320109 1532907896 1176655129 1021929990
189936847 1917963460 2141908213 -690147022 2077355787
-1085605168 -124295023 706681118 1749787399 -18880612
1605067757 -1270936118 -1745138493 -1008378072 -475383031
794409782 882026559 876277108 -1095562779 -691761822
-2081083013 1347870336 -1654870911 1685696590 1404314743
1368538700 -40780067 860098554 -1840612045 1798625496
1630313721 -1314170778 1377367983 -96388572 -262970667
295695762 841093099 -268390864 -409736079 -521727106
-393870873 55525628 -306194995 -163144150 1790888355
-190333304 763919081 -546225770 -274980065 -252726572
-824510523 -1145935422 -956331429 -553424416 737945697
794444462 -1017627817 604106668 -563828547 -605439910
-1327549933 710479928 2136790233 -1996589370 378743439
-1215211644 -1202141003 -369169934 1022664907 -589688432
-15441839 -1400488482 914477255 240470620 426719149
999317130 1710405251 -1390162456 1158195913 1667626998
-1103819265 271657012 -1633954395 -1035438558 -1205316805
-675306176 622564417 -1310849778 -1172717001 397693196
1955496605 358453434 1828738803 -1532823656 346750137
947569958 997772655 -1885723420 -147644779 -1424880046
-159276629 -1666243344 -2112830415 -980117442 1542918055
1078592444 1093765517 1110724330 -87092381 1865518408
472042153 382721622 -1323996961 1297567124 -1418878075
2073997954 -1079538661 -2023518048 162721825 -895682706
800110871 -486448532 1015499901 -1548248806 98954195
1374326520 286200985 -2118630522 2139217999 -1816944060
140141685 -1410243918 1426133643 844621904 -1350494191
816456350 -1096958329 1703243036 2139016045 1414164298
-1232347069 682163368 550427273 -1589185354 -1258998849
-1883626764 -1362599579 -2066931998 -508218117 650587136
1455045633 607066574 2010456055 -398384180 1858537053
-686829190 -691539789 369612376 -528409479 1917776358
2103862063 20303780 -2092524971 1337255698 -357895317
-1934861392
