MutationsType	SBS96A	SBS96B	SBS96C	SBS96D	SBS96E	SBS96F	SBS96G	SBS96H	SBS96I	SBS96J	SBS96K	SBS96L	SBS96M
A[C>A]A	0.00044902	0.03078757	0.00000000	0.00073542	0.01064969	0.02592218	0.00246031	0.06906561	0.00076527	0.00039228	0.00321906	0.00231035	0.00461541
A[C>A]C	0.00002377	0.01991573	0.00064692	0.00308904	0.00503830	0.03801895	0.00142462	0.01931774	0.00278776	0.00051886	0.00058219	0.00111890	0.00144809
A[C>A]G	0.00002083	0.00075301	0.00018552	0.00181144	0.00284036	0.01909523	0.00016469	0.00443779	0.00016655	0.00005380	0.00008568	0.00036167	0.00021565
A[C>A]T	0.00016303	0.01446035	0.00052936	0.00110072	0.00709911	0.02870134	0.00605941	0.03051979	0.00081087	0.00025148	0.00277367	0.00041256	0.00146874
A[C>G]A	0.00003261	0.02588941	0.00018597	0.00314387	0.00789198	0.00928278	0.00464454	0.00178299	0.00177547	0.00009128	0.00081201	0.00408141	0.00134857
A[C>G]C	0.00002272	0.01685498	0.00016440	0.00069853	0.00514461	0.00319894	0.00141773	0.00308341	0.00110455	0.00001177	0.00100813	0.00122624	0.00057290
A[C>G]G	0.00017121	0.00116385	0.00007802	0.00156339	0.00439117	0.00053950	0.00031795	0.00286389	0.00031875	0.00000000	0.00018848	0.00039769	0.00027575
A[C>G]T	0.00000977	0.02590163	0.00036106	0.00236502	0.01184758	0.00338983	0.00484687	0.00374766	0.00157829	0.00027885	0.00210935	0.00462549	0.00063451
A[C>T]A	0.00011022	0.02231851	0.00050925	0.03221644	0.01445626	0.00844308	0.09450619	0.00360531	0.03217110	0.00139706	0.00179247	0.00920615	0.00138254
A[C>T]C	0.03072930	0.01951508	0.00205631	0.01329115	0.01660920	0.00393074	0.02105717	0.00227516	0.00894525	0.00049193	0.00464428	0.00051009	0.00194913
A[C>T]G	0.00001695	0.00363515	0.00000964	0.00000000	0.00143553	0.00261485	0.00188061	0.00015423	0.32767242	0.00042127	0.00104244	0.00082016	0.00333371
A[C>T]T	0.01142576	0.02150272	0.00267264	0.01925625	0.01761902	0.00216789	0.03472311	0.00645827	0.01338143	0.00054437	0.01494586	0.00145144	0.00020226
A[T>A]A	0.00236752	0.00500574	0.00075759	0.00877053	0.01304119	0.01475626	0.00660063	0.00106061	0.00142091	0.00025186	0.00959338	0.00014536	0.00044285
A[T>A]C	0.00045735	0.00956555	0.00094252	0.00673163	0.00349613	0.00565873	0.00378734	0.00030178	0.00259693	0.00029745	0.00265862	0.00022981	0.00144740
A[T>A]G	0.00091277	0.01270546	0.00036503	0.00877393	0.00621983	0.01951213	0.00251073	0.00196667	0.00207848	0.00018574	0.00085555	0.00084780	0.00011647
A[T>A]T	0.00602788	0.00100071	0.00021292	0.00290157	0.02136986	0.00362706	0.02414783	0.00356865	0.00124662	0.00063922	0.06407353	0.00065752	0.00127933
A[T>C]A	0.00010794	0.02661519	0.00105997	0.09166788	0.02406438	0.01171396	0.02291423	0.00090402	0.00480215	0.00023157	0.00077250	0.00399525	0.00041205
A[T>C]C	0.00021517	0.01104633	0.00019258	0.02875801	0.00960838	0.00051218	0.00205342	0.00176048	0.00328567	0.00010208	0.00056120	0.00048230	0.01149967
A[T>C]G	0.00024051	0.02025402	0.00067653	0.07755874	0.01754600	0.00568931	0.02839382	0.00235718	0.00121868	0.00000000	0.00145537	0.00202371	0.00144043
A[T>C]T	0.00159647	0.02809759	0.00089764	0.07097345	0.03057456	0.00025176	0.00187913	0.00495117	0.00752077	0.00035760	0.01322430	0.00284759	0.00691189
A[T>G]A	0.00009941	0.00398947	0.00060307	0.00228559	0.02342111	0.00146034	0.00094798	0.00020460	0.00003776	0.00092749	0.01105051	0.00010175	0.00102555
A[T>G]C	0.00045457	0.00478043	0.00013785	0.00101325	0.01395276	0.00000000	0.00070091	0.00079211	0.00016763	0.00427490	0.00197835	0.00001591	0.00120431
A[T>G]G	0.00101061	0.01126625	0.00007281	0.00693356	0.01162376	0.00081930	0.00095929	0.00254326	0.00119956	0.00108640	0.00277775	0.00081947	0.00084592
A[T>G]T	0.00044441	0.00546278	0.00064440	0.00087752	0.03845741	0.00000060	0.00206268	0.00117694	0.00001701	0.07148978	0.00501214	0.00006585	0.01353876
C[C>A]A	0.00097642	0.01428717	0.00007649	0.00081947	0.00232123	0.07485691	0.00046112	0.08755644	0.00057679	0.00011059	0.00493476	0.00145949	0.00230164
C[C>A]C	0.00050427	0.01231115	0.00000906	0.00063945	0.00032851	0.09989728	0.02424238	0.02296651	0.00053408	0.00007176	0.00307266	0.00072094	0.00164069
C[C>A]G	0.00009149	0.00000000	0.00000779	0.00454963	0.00009398	0.02474498	0.00349026	0.01459994	0.00023034	0.00008659	0.00097191	0.00004489	0.00008016
C[C>A]T	0.00045791	0.00003027	0.00029858	0.00218036	0.00017818	0.07349681	0.06678575	0.04490081	0.00060237	0.00006442	0.01066898	0.00000000	0.00044408
C[C>G]A	0.00007081	0.02086416	0.00000000	0.00141078	0.00048965	0.01238489	0.00147140	0.00066860	0.00005689	0.00014494	0.00059405	0.00514084	0.00068670
C[C>G]C	0.00035185	0.02083592	0.00005776	0.00339072	0.00420745	0.00890173	0.00191573	0.00244030	0.00068330	0.00012170	0.00136738	0.00138575	0.00023484
C[C>G]G	0.00032957	0.00229734	0.00004306	0.00273246	0.00067763	0.00268296	0.00032867	0.00413273	0.00086842	0.00014535	0.00048015	0.00052350	0.00042286
C[C>G]T	0.00017044	0.02981110	0.00002820	0.00113922	0.00605355	0.00849303	0.00192645	0.00346637	0.00002872	0.00010646	0.00319169	0.00621480	0.00022617
C[C>T]A	0.08537812	0.02235123	0.00450426	0.00835301	0.03744083	0.01144849	0.01291470	0.01128289	0.00381745	0.00027852	0.00871719	0.00009291	0.00186432
C[C>T]C	0.11975004	0.02222025	0.00000088	0.00398907	0.04899380	0.01223167	0.01650042	0.00480945	0.00145567	0.00002621	0.00221854	0.00101882	0.00178267
C[C>T]G	0.01337964	0.00409904	0.00092673	0.01373414	0.01028065	0.00222852	0.01747800	0.00663714	0.19126182	0.00238607	0.00713527	0.00181536	0.00126813
C[C>T]T	0.09819888	0.02881611	0.00119726	0.00847682	0.04190897	0.01829248	0.01624584	0.00419251	0.00157022	0.00001958	0.01632168	0.00166797	0.00261278
C[T>A]A	0.00034328	0.00289788	0.00011554	0.00424861	0.00049856	0.02662846	0.00267879	0.00001899	0.00033450	0.00029268	0.00329202	0.00019234	0.00035482
C[T>A]C	0.00029933	0.01574685	0.00015631	0.00016556	0.00016394	0.02132467	0.00377728	0.00097241	0.00020816	0.00150006	0.00940799	0.00045930	0.03844399
C[T>A]G	0.00025994	0.00520144	0.00002463	0.00461783	0.00035077	0.05422245	0.00407936	0.00137537	0.00139418	0.00082766	0.00031058	0.00012353	0.01155712
C[T>A]T	0.00006974	0.00954142	0.00047010	0.00000000	0.00246015	0.01900770	0.00102200	0.00156874	0.00010521	0.00714655	0.03297631	0.00035933	0.06452830
C[T>C]A	0.00065315	0.00939187	0.00028484	0.02982861	0.01566061	0.00702776	0.01156161	0.00029490	0.00000032	0.00028284	0.00906568	0.00030322	0.01092510
C[T>C]C	0.00006723	0.01153211	0.00022610	0.01942786	0.00332183	0.00275004	0.00244274	0.00094239	0.00135829	0.00417404	0.00000317	0.00027092	0.17338828
C[T>C]G	0.00000268	0.00993524	0.00025334	0.04004456	0.00750326	0.00683048	0.03121313	0.00058605	0.00074085	0.00388305	0.00000115	0.00060175	0.08083906
C[T>C]T	0.00394488	0.00000000	0.00000304	0.02723429	0.00347515	0.00268775	0.00511515	0.00022357	0.00002834	0.01371508	0.03742193	0.00005881	0.42044437
C[T>G]A	0.00012358	0.00384012	0.00002313	0.00149329	0.01070078	0.00151739	0.00098982	0.00000460	0.00000001	0.00202053	0.00334371	0.00005537	0.00016604
C[T>G]C	0.00031205	0.00910126	0.00016416	0.00247291	0.00482748	0.00016568	0.00305514	0.00109355	0.00059409	0.03000527	0.00353680	0.00013715	0.00179255
C[T>G]G	0.00025975	0.01200140	0.00000000	0.00342516	0.00700158	0.00571218	0.00457035	0.00072017	0.00073075	0.01341165	0.00065201	0.00013160	0.00051986
C[T>G]T	0.00001435	0.00013921	0.00005126	0.00326429	0.00068562	0.00181307	0.00025311	0.00001789	0.00001377	0.54811907	0.00017864	0.00035184	0.00280269
G[C>A]A	0.00013765	0.00872903	0.00000339	0.00650119	0.00059863	0.00154945	0.00108065	0.11382315	0.00404175	0.00193280	0.00076641	0.00153844	0.00394596
G[C>A]C	0.00004069	0.01024858	0.00026739	0.00572199	0.00507189	0.03884938	0.00525173	0.02538784	0.00006011	0.00008051	0.00014922	0.00067982	0.00087375
G[C>A]G	0.00000022	0.00029926	0.00011929	0.00294582	0.00108117	0.01470021	0.00093964	0.01097366	0.00057215	0.00025421	0.00000000	0.00035969	0.00024927
G[C>A]T	0.00000435	0.01045676	0.00001306	0.00208238	0.00072314	0.00368816	0.01060441	0.06954961	0.00053152	0.00079893	0.00021085	0.00044651	0.00151731
G[C>G]A	0.00001630	0.01410963	0.00005339	0.00063689	0.00065757	0.00806171	0.00132653	0.00038738	0.00009311	0.00005862	0.00009637	0.00167663	0.00074827
G[C>G]C	0.00010909	0.01170946	0.00003095	0.00228780	0.00250258	0.00784474	0.00192556	0.00135873	0.00038193	0.00031773	0.00029295	0.00083033	0.00028197
G[C>G]G	0.00013848	0.00277976	0.00002031	0.00089240	0.00036679	0.00411451	0.00015729	0.00057327	0.00040320	0.00004184	0.00022915	0.00028597	0.00006196
G[C>G]T	0.00005211	0.01814176	0.00005603	0.00200270	0.00447162	0.00460701	0.00279829	0.00054756	0.00016758	0.00000000	0.00116623	0.00274413	0.00086174
G[C>T]A	0.00016439	0.01953072	0.00000001	0.01371194	0.00617649	0.00362012	0.08642805	0.00205399	0.01080885	0.00000000	0.00000557	0.00796446	0.00172218
G[C>T]C	0.01994461	0.01551663	0.00015865	0.01904154	0.01068921	0.00432180	0.07867577	0.00118870	0.00661833	0.00023320	0.00009217	0.00154537	0.00055977
G[C>T]G	0.00000011	0.00029313	0.00000912	0.00964333	0.00020731	0.00020322	0.03742890	0.00067303	0.20721621	0.00330851	0.00000302	0.00000000	0.00038825
G[C>T]T	0.01844873	0.01317433	0.00496153	0.01666663	0.01078177	0.00293256	0.05868899	0.00198880	0.00467798	0.00000307	0.01182244	0.00165708	0.00091775
G[T>A]A	0.00048601	0.00564772	0.00011074	0.00287359	0.00180745	0.01681368	0.00281458	0.00039340	0.00060600	0.00013993	0.00120598	0.00010907	0.00000231
G[T>A]C	0.00017242	0.00793642	0.00018802	0.00083478	0.00114702	0.00559229	0.00251821	0.00077983	0.00035116	0.00040398	0.00181258	0.00011685	0.00283584
G[T>A]G	0.00047908	0.01033247	0.00001659	0.00164187	0.00042049	0.02019859	0.00301717	0.00072937	0.00079765	0.00038435	0.00010956	0.00001490	0.00045767
G[T>A]T	0.00030039	0.01104625	0.00009827	0.00007738	0.00111113	0.00850044	0.00322429	0.00179509	0.00005351	0.00132012	0.01757532	0.00018262	0.00472262
G[T>C]A	0.00003867	0.00937027	0.00011213	0.03988145	0.00260691	0.00403425	0.01702157	0.00000000	0.00043103	0.00001628	0.00003367	0.00058297	0.00025949
G[T>C]C	0.00000119	0.00711338	0.00021224	0.01806588	0.00452538	0.00098023	0.00052808	0.00168179	0.00180498	0.00135263	0.00018171	0.00028028	0.01485420
G[T>C]G	0.00013112	0.01195686	0.00002259	0.03365579	0.00059863	0.00268783	0.01406071	0.00137387	0.00153121	0.00084690	0.00032362	0.00058799	0.00490686
G[T>C]T	0.01015991	0.00001537	0.00004457	0.03686668	0.01141523	0.00048981	0.00575104	0.00067829	0.00000000	0.00085126	0.10408601	0.00002361	0.00316581
G[T>G]A	0.00007104	0.00500816	0.00016551	0.00148955	0.00505364	0.00083623	0.00040712	0.00009031	0.00026485	0.00040891	0.00169393	0.00015116	0.00035896
G[T>G]C	0.00010544	0.00289051	0.00012956	0.00090044	0.00412326	0.00034557	0.00034179	0.00007205	0.00001496	0.00712650	0.00132218	0.00003651	0.00013256
G[T>G]G	0.00095923	0.01220118	0.00004721	0.00279653	0.00200907	0.00199633	0.00084895	0.00367527	0.00117837	0.00168448	0.00546153	0.00040916	0.00097201
G[T>G]T	0.00140013	0.00322324	0.00001628	0.00017434	0.00467245	0.00007114	0.00212065	0.00052190	0.00006733	0.11390121	0.00754010	0.00000000	0.00753638
T[C>A]A	0.00117936	0.00530008	0.00004163	0.00043195	0.01856541	0.00737902	0.00225762	0.11135006	0.00000000	0.00001447	0.00574241	0.07636359	0.00114269
T[C>A]C	0.00138296	0.01625724	0.00035623	0.00139465	0.00600518	0.03615915	0.00311746	0.06417377	0.00209702	0.00000192	0.01279045	0.02929423	0.00001355
T[C>A]G	0.00007546	0.00048779	0.00001707	0.00238419	0.00049055	0.00730221	0.00016089	0.01741436	0.00019687	0.00016744	0.00000000	0.01136589	0.00018727
T[C>A]T	0.00057069	0.00971337	0.00052788	0.00326256	0.01411598	0.00087894	0.01608232	0.14921232	0.00038689	0.00261467	0.00280348	0.03558835	0.00141706
T[C>G]A	0.00007974	0.00072308	0.00001668	0.00214883	0.00068107	0.00357348	0.00098219	0.00041893	0.00011641	0.00015074	0.00215689	0.31646342	0.00319543
T[C>G]C	0.00036414	0.02376245	0.00000061	0.00014797	0.00452179	0.00668561	0.00158694	0.00435317	0.00002595	0.00000272	0.00327250	0.05917385	0.00089825
T[C>G]G	0.00013415	0.00059478	0.00001594	0.00171380	0.00209145	0.00140431	0.00036014	0.00149912	0.00018032	0.00009342	0.00010712	0.01444926	0.00019486
T[C>G]T	0.00000293	0.01444924	0.00089680	0.00165237	0.00766276	0.00199594	0.00310567	0.00284076	0.00100416	0.00145707	0.00871234	0.36045685	0.00001064
T[C>T]A	0.04959378	0.00205061	0.53999840	0.00156152	0.00734706	0.00380044	0.00210129	0.00266483	0.00164604	0.00008705	0.00753905	0.00462283	0.00273614
T[C>T]C	0.36303406	0.00255835	0.11681089	0.00015610	0.04004466	0.00608235	0.01180333	0.00000000	0.00000000	0.00071146	0.00584875	0.00060420	0.00264839
T[C>T]G	0.07735106	0.00001456	0.04509053	0.01236086	0.01302601	0.00000000	0.00424087	0.00071077	0.10783912	0.00073294	0.00009969	0.00021936	0.00078530
T[C>T]T	0.05730638	0.00883116	0.26449679	0.00892665	0.03510846	0.00819259	0.01135637	0.00024216	0.00009991	0.00050886	0.01747644	0.00281275	0.00171023
T[T>A]A	0.00107706	0.00259575	0.00004218	0.00490111	0.02405542	0.01400698	0.00772527	0.00514935	0.00749635	0.00184498	0.02399220	0.00040333	0.00022782
T[T>A]C	0.00073903	0.01269232	0.00004212	0.00042031	0.00764785	0.00657982	0.00066778	0.00182364	0.00000056	0.00004973	0.02842176	0.00032229	0.00541473
T[T>A]G	0.00042855	0.00478479	0.00002057	0.00417480	0.01152910	0.01575170	0.00211309	0.00026016	0.00039721	0.00000545	0.01144740	0.00031712	0.00154635
T[T>A]T	0.00030703	0.00355225	0.00133716	0.00370132	0.02221898	0.00703607	0.01267733	0.00290187	0.00155655	0.00132670	0.19288778	0.00006107	0.00012125
T[T>C]A	0.00499259	0.01112908	0.00000000	0.04678498	0.01064855	0.00275257	0.01230533	0.00027803	0.00000456	0.00055603	0.05221491	0.00021815	0.00198663
T[T>C]C	0.00101362	0.00785771	0.00001007	0.02299343	0.00923750	0.00000000	0.00602848	0.00294899	0.00314406	0.00092518	0.02088908	0.00033029	0.01484539
T[T>C]G	0.00139509	0.00614207	0.00007490	0.02926656	0.00627441	0.00091280	0.01418402	0.00255926	0.00010633	0.00162274	0.01713338	0.00051755	0.00233365
T[T>C]T	0.00176665	0.00522177	0.00003738	0.04245068	0.01723738	0.00011308	0.02857189	0.00000000	0.00261453	0.00056357	0.07382643	0.00068987	0.01823029
T[T>G]A	0.00007464	0.00606051	0.00016429	0.00179626	0.03173631	0.00061054	0.00133215	0.00004354	0.00000461	0.00001767	0.01737197	0.00022479	0.00037230
T[T>G]C	0.00035857	0.01062887	0.00005206	0.00233896	0.02048537	0.00000635	0.00114075	0.00113565	0.00093036	0.00865619	0.01235334	0.00050471	0.00084057
T[T>G]G	0.00024412	0.01132989	0.00000557	0.00423164	0.01555674	0.00308130	0.00215860	0.00087215	0.00135855	0.00420084	0.00552700	0.00048066	0.00155424
T[T>G]T	0.00004778	0.01179139	0.00020290	0.00525055	0.06287083	0.00000118	0.01099990	0.00247855	0.00185545	0.12498447	0.01412397	0.00040714	0.00831500
