MutationsType	SBS96A	SBS96B	SBS96C	SBS96D	SBS96E	SBS96F	SBS96G	SBS96H	SBS96I	SBS96J	SBS96K	SBS96L	SBS96M	SBS96N	SBS96O	SBS96P	SBS96Q	SBS96R	SBS96S	SBS96T	SBS96U
A[C>A]A	0.00000590	0.00000417	0.00254166	0.04630603	0.00647487	0.02388494	0.04270669	0.00105165	0.00013830	0.00138309	0.00745290	0.06137102	0.00415532	0.00483054	0.00236209	0.05304702	0.00028708	0.00215635	0.00927607	0.00184136	0.00795852
A[C>A]C	0.00008718	0.00048669	0.00020557	0.03468486	0.01307847	0.02295328	0.00934651	0.00072193	0.00028936	0.00199110	0.00157535	0.01266894	0.00093864	0.00471427	0.00032886	0.05882502	0.00075575	0.00038494	0.00283197	0.00255508	0.00395543
A[C>A]G	0.00002865	0.00014771	0.00007548	0.01722264	0.00239635	0.00048001	0.00218886	0.00001680	0.00006975	0.00000315	0.00008453	0.00031711	0.00040212	0.00136049	0.00019083	0.01783351	0.00023534	0.00036668	0.00139219	0.00013495	0.00178535
A[C>A]T	0.00007002	0.00054412	0.00030682	0.03109365	0.00357832	0.01499988	0.01839807	0.00618076	0.00063763	0.00157261	0.00213147	0.02172222	0.00192127	0.00596214	0.00000775	0.03318316	0.00446169	0.00008242	0.00508237	0.00121008	0.00645613
A[C>G]A	0.00000427	0.00022362	0.00000000	0.00750174	0.01700764	0.03155582	0.01258175	0.00316786	0.00002365	0.00231195	0.00273408	0.00064818	0.00129596	0.00470865	0.00101810	0.00605984	0.00139194	0.00419765	0.00291702	0.00591521	0.00128109
A[C>G]C	0.00001721	0.00006471	0.00013026	0.00262118	0.00818168	0.01852029	0.01113520	0.00069134	0.00007406	0.00143970	0.00195081	0.00221855	0.00008390	0.00151759	0.00077756	0.00678195	0.00279531	0.00141990	0.00145603	0.00276199	0.00053011
A[C>G]G	0.00001016	0.00004313	0.00056990	0.00156920	0.00311185	0.00000000	0.00484385	0.00009666	0.00001726	0.00017996	0.00032747	0.00210183	0.00004598	0.00069942	0.00029280	0.00103423	0.00085051	0.00020627	0.00021724	0.00080696	0.00011855
A[C>G]T	0.00001220	0.00040440	0.00009925	0.00345259	0.01369110	0.02626762	0.01850606	0.00336808	0.00022701	0.00211843	0.00400549	0.00344343	0.00206592	0.01039901	0.00067075	0.00663047	0.00232277	0.00400811	0.00059353	0.00949079	0.00387524
A[C>T]A	0.00010681	0.00006506	0.00103742	0.01047203	0.06570055	0.01158699	0.03111926	0.09164327	0.00203167	0.02778663	0.01149587	0.00376372	0.00219459	0.01509146	0.00122665	0.00046111	0.00348793	0.00671172	0.00292623	0.00896737	0.00487738
A[C>T]C	0.02426581	0.00150500	0.04214220	0.00351361	0.03032168	0.01574292	0.01481641	0.01701953	0.00028798	0.00651424	0.00625426	0.00281273	0.00645032	0.00714074	0.00167622	0.01031553	0.00026239	0.00007344	0.00159092	0.00311876	0.00415620
A[C>T]G	0.00000302	0.00001223	0.00040003	0.00152589	0.00079868	0.00972281	0.00250076	0.01262281	0.01571735	0.36627036	0.00095039	0.00269299	0.00019368	0.02355079	0.00045780	0.00040396	0.00144968	0.00202029	0.00263336	0.00061798	0.01512721
A[C>T]T	0.00973946	0.00212669	0.01099108	0.00408823	0.04369234	0.01325982	0.02655587	0.03012943	0.00038596	0.01011670	0.00506712	0.00532708	0.00713111	0.00919061	0.00152153	0.00877988	0.03067738	0.00090750	0.00164637	0.00485084	0.00653046
A[T>A]A	0.00279203	0.00013045	0.00212943	0.00462530	0.00855266	0.00037988	0.01009551	0.00513027	0.00013131	0.00062447	0.00564502	0.00210490	0.01158097	0.01216238	0.00090919	0.00201183	0.00070615	0.00000000	0.05509228	0.00539136	0.00143611
A[T>A]C	0.00029778	0.00129698	0.00042926	0.00288301	0.01076681	0.00986327	0.00346306	0.00306852	0.00040570	0.00238179	0.00374074	0.00093757	0.00426186	0.00924704	0.00135314	0.00454049	0.00131613	0.00014094	0.00762537	0.00314603	0.00041002
A[T>A]G	0.00072785	0.00016868	0.00153992	0.00780073	0.01503368	0.00911194	0.00915572	0.00016802	0.00010144	0.00128123	0.00484142	0.00250748	0.00034188	0.00680469	0.00009662	0.00663712	0.00245028	0.00061600	0.05129337	0.00340525	0.00026209
A[T>A]T	0.00458641	0.00032011	0.00820888	0.00435413	0.00001828	0.00035587	0.01018308	0.03025273	0.00047677	0.00002688	0.00026714	0.00516889	0.05022461	0.00257394	0.00132907	0.00080145	0.03978968	0.00032086	0.00026455	0.07739340	0.00991719
A[T>C]A	0.00054766	0.00041875	0.00031433	0.00301002	0.03761042	0.00872846	0.02132564	0.02299874	0.00000262	0.00126933	0.06830320	0.00031727	0.00054859	0.18265365	0.00057417	0.02791730	0.00499044	0.00205999	0.02677509	0.01413673	0.00164714
A[T>C]C	0.00011542	0.00045332	0.00012949	0.00031584	0.01515276	0.00782762	0.00960120	0.00279634	0.00027813	0.00319086	0.04049982	0.00307389	0.00037474	0.01400207	0.01221949	0.00417391	0.00388313	0.00043690	0.00199662	0.00611151	0.00058794
A[T>C]G	0.00005601	0.00045870	0.00093645	0.00270880	0.05779012	0.00672932	0.01882056	0.02633326	0.00002064	0.00115414	0.06852808	0.00180148	0.00119063	0.05484336	0.00059544	0.02783779	0.01163814	0.00136429	0.00916148	0.00535554	0.00037699
A[T>C]T	0.00025527	0.00102684	0.00268457	0.00044978	0.04367745	0.01554172	0.02573909	0.00071990	0.00071210	0.00535842	0.05881980	0.00542111	0.00209313	0.10591734	0.00828287	0.01147497	0.04638946	0.00114023	0.00429631	0.01796770	0.00107451
A[T>G]A	0.00060402	0.00031769	0.00002575	0.00062732	0.00381027	0.00465304	0.01237743	0.00021890	0.00129566	0.00003239	0.00211010	0.00001015	0.01148792	0.00523014	0.00104477	0.00387016	0.00306680	0.00000058	0.00123631	0.00682419	0.01091205
A[T>G]C	0.00035960	0.00001742	0.00094931	0.00000000	0.00243096	0.00271956	0.01475958	0.00026271	0.00431014	0.00018983	0.00097490	0.00054587	0.00065406	0.00155144	0.00081343	0.00120007	0.00221696	0.00010204	0.00115510	0.00151721	0.01569482
A[T>G]G	0.00024651	0.00003828	0.00170913	0.00068382	0.01519773	0.00797617	0.01383290	0.00046423	0.00085576	0.00029888	0.00102096	0.00264616	0.00043584	0.00482494	0.00094170	0.00286495	0.01053728	0.00012600	0.00599981	0.00212992	0.00768011
A[T>G]T	0.00031701	0.00025094	0.00045347	0.00004133	0.00001422	0.00093184	0.03149246	0.00118493	0.06626221	0.00025173	0.00059602	0.00063030	0.00000000	0.00368106	0.01221749	0.00205746	0.01277594	0.00023688	0.00037983	0.00338230	0.09823753
C[C>A]A	0.00046689	0.00000020	0.00107895	0.10357855	0.00036181	0.02580107	0.01772237	0.00001374	0.00009794	0.00030951	0.00062767	0.08516520	0.00000000	0.00556857	0.00062241	0.01204674	0.01655662	0.00118040	0.00413614	0.00251701	0.00999789
C[C>A]C	0.00003178	0.00068113	0.00118637	0.10443824	0.00119268	0.03060376	0.00388851	0.02939742	0.00011880	0.00201295	0.00141513	0.01130898	0.00267758	0.00778546	0.00052166	0.01113938	0.00309219	0.00141036	0.00623537	0.00060127	0.00256923
C[C>A]G	0.00000004	0.00000790	0.00026555	0.03303607	0.00633959	0.00066313	0.00001510	0.00401586	0.00002985	0.00000494	0.00066632	0.01154198	0.00164937	0.00158283	0.00007160	0.00483173	0.00030057	0.00000332	0.00095247	0.00011339	0.00128604
C[C>A]T	0.00005731	0.00075141	0.00141125	0.08859746	0.00000000	0.00988910	0.00821140	0.08830645	0.00000000	0.00006532	0.00000000	0.03023366	0.01446594	0.00144201	0.00045355	0.02915888	0.00001320	0.00000000	0.00236265	0.00104551	0.00536916
C[C>G]A	0.00000000	0.00004293	0.00034408	0.00930276	0.00934982	0.03081330	0.00214117	0.00030584	0.00012540	0.00001313	0.00309805	0.00000619	0.00002550	0.00641780	0.00086631	0.00345838	0.00155413	0.00548236	0.00444482	0.00263587	0.00023524
C[C>G]C	0.00002691	0.00039149	0.00100663	0.00731449	0.01498182	0.02265155	0.00878178	0.00060948	0.00002607	0.00048072	0.00300386	0.00195757	0.00228809	0.00594361	0.00047896	0.01125568	0.00029183	0.00069136	0.00278410	0.00179393	0.00011719
C[C>G]G	0.00004865	0.00005387	0.00097186	0.00436862	0.00427289	0.00172225	0.00193476	0.00023963	0.00009224	0.00065608	0.00085185	0.00438644	0.00032398	0.00177773	0.00015980	0.00127443	0.00118448	0.00074459	0.00042211	0.00031633	0.00029985
C[C>G]T	0.00009494	0.00010287	0.00095322	0.00644264	0.01133593	0.03600929	0.01329382	0.00072627	0.00006102	0.00116489	0.00285524	0.00274564	0.00360855	0.01012000	0.00000208	0.01565671	0.00005673	0.00583999	0.00324602	0.00564980	0.00189355
C[C>T]A	0.06812165	0.00312891	0.10923862	0.01366050	0.01580529	0.01824731	0.02618855	0.00366890	0.00031775	0.00130958	0.00804328	0.00891387	0.00288032	0.01454015	0.00087555	0.01217272	0.04075734	0.00001487	0.00087680	0.00939802	0.00207721
C[C>T]C	0.07526587	0.00000000	0.20796460	0.01137150	0.00476079	0.02330032	0.01708668	0.00364055	0.00001054	0.00006720	0.00461189	0.00041135	0.00402946	0.01150214	0.00210270	0.01075175	0.01046222	0.00138073	0.00643224	0.00227096	0.00262403
C[C>T]G	0.00788874	0.00257467	0.02406893	0.00180577	0.02902118	0.00252618	0.00202766	0.01823827	0.00933098	0.19310803	0.00060206	0.01601439	0.00864537	0.00874919	0.00276945	0.01733079	0.00522354	0.00281122	0.00395771	0.00732389	0.00087494
C[C>T]T	0.07647763	0.00093648	0.13912201	0.01870210	0.01713175	0.02810722	0.02562703	0.00502769	0.00005390	0.00006740	0.00790356	0.00327966	0.02056002	0.02382673	0.00145337	0.00625260	0.00606952	0.00169930	0.00325323	0.00805760	0.00296768
C[T>A]A	0.00007089	0.00019912	0.00102940	0.00054384	0.00160800	0.00013535	0.00001470	0.00027560	0.00001055	0.00000000	0.00223466	0.00000069	0.00369987	0.00297544	0.00018644	0.00080428	0.00169117	0.00023396	0.12833960	0.00116656	0.00033277
C[T>A]C	0.00007565	0.00056732	0.00082980	0.00747015	0.00153874	0.02045742	0.00326495	0.00314245	0.00141375	0.00105356	0.00617343	0.00111277	0.01353924	0.00361627	0.03978651	0.00492793	0.00012176	0.00041530	0.05312420	0.00206496	0.00220408
C[T>A]G	0.00006678	0.00025061	0.00038607	0.02112868	0.00349481	0.00509711	0.00026462	0.00070511	0.00048651	0.00078610	0.00166095	0.00084771	0.00091855	0.00135056	0.01191403	0.00162788	0.00103040	0.00026961	0.15371199	0.00106282	0.00232819
C[T>A]T	0.00054238	0.00003343	0.00001476	0.00322891	0.00000000	0.00897574	0.00715365	0.00003328	0.00657859	0.00005933	0.00000000	0.00102228	0.04930079	0.00180178	0.07221267	0.00904743	0.00102862	0.00048996	0.07154509	0.00569639	0.00083262
C[T>C]A	0.00039983	0.00034706	0.00142452	0.00612075	0.01229794	0.00610560	0.01700136	0.01302053	0.00068341	0.00005691	0.04666284	0.00000053	0.00700354	0.01098154	0.01034528	0.00180308	0.00920378	0.00005466	0.00586690	0.00698787	0.00099941
C[T>C]C	0.00018636	0.00015255	0.00046260	0.00239602	0.00209472	0.01169341	0.00673138	0.00128639	0.00445655	0.00117238	0.04526969	0.00367088	0.00221366	0.00286243	0.17868808	0.00200944	0.00002052	0.00038943	0.00136781	0.00601625	0.00663275
C[T>C]G	0.00001393	0.00008608	0.00045159	0.00488788	0.03261300	0.00480055	0.01079472	0.03136032	0.00362426	0.00069219	0.03801069	0.00026878	0.00208922	0.01154275	0.08556305	0.00937800	0.00126710	0.00000970	0.00420494	0.00420219	0.00380898
C[T>C]T	0.00129609	0.00122237	0.00558484	0.00195240	0.00686375	0.00045867	0.00376730	0.00556639	0.01337478	0.00012168	0.03648205	0.00136065	0.04105394	0.00458576	0.42003789	0.00313773	0.03788967	0.00000000	0.00099549	0.00300685	0.00061881
C[T>G]A	0.00000928	0.00041194	0.00020000	0.00013282	0.00246436	0.00581043	0.00315284	0.00044748	0.00173716	0.00005254	0.00089368	0.00028748	0.00292284	0.00370350	0.00040816	0.00122686	0.00159021	0.00000000	0.00514179	0.00358679	0.01528801
C[T>G]C	0.00012664	0.00019954	0.00081219	0.00013171	0.00644638	0.00983520	0.00500282	0.00271941	0.03069872	0.00052460	0.00108422	0.00191371	0.00535009	0.00291470	0.00099133	0.00276875	0.00012698	0.00004754	0.00038761	0.00165635	0.02121385
C[T>G]G	0.00000000	0.00001235	0.00131522	0.00279327	0.00943129	0.01554816	0.00266578	0.00385032	0.01291267	0.00034335	0.00130842	0.00299903	0.00120980	0.00479534	0.00002022	0.00289440	0.00002023	0.00029035	0.01140162	0.00301083	0.01803513
C[T>G]T	0.00000000	0.00000242	0.00000081	0.00077858	0.00471054	0.00293806	0.01033461	0.00006019	0.53529373	0.00084092	0.00059674	0.00149862	0.00283789	0.00207547	0.00522931	0.00285511	0.00003016	0.00017746	0.00123217	0.00486883	0.01774568
G[C>A]A	0.00003704	0.00005915	0.00054281	0.02612960	0.00731719	0.00111959	0.01057792	0.00076987	0.00068913	0.00133109	0.00153039	0.13904339	0.00093385	0.00671488	0.00182200	0.07931317	0.00027135	0.00067970	0.00509951	0.00337063	0.00634034
G[C>A]C	0.00014111	0.00007157	0.00004001	0.02802461	0.00537645	0.01081500	0.00147939	0.00546948	0.00000619	0.00016909	0.00032306	0.01263830	0.00059012	0.00614390	0.00084462	0.11034135	0.00017613	0.00049850	0.00417453	0.00100171	0.00524376
G[C>A]G	0.00001901	0.00008633	0.00000229	0.01662787	0.00276060	0.00000647	0.00142290	0.00082942	0.00012797	0.00033546	0.00086636	0.00732032	0.00000440	0.00075899	0.00017991	0.02082029	0.00000895	0.00030653	0.00010928	0.00025521	0.00084563
G[C>A]T	0.00000000	0.00000003	0.00000000	0.01263900	0.00070565	0.00833532	0.00376296	0.01159587	0.00022525	0.00010611	0.00070563	0.07575759	0.00009845	0.00706141	0.00028132	0.08365848	0.00025335	0.00000695	0.00376772	0.00266719	0.00291980
G[C>G]A	0.00001427	0.00002552	0.00000867	0.00545893	0.00711832	0.02065433	0.00088635	0.00063908	0.00001867	0.00009047	0.00244331	0.00021906	0.00041499	0.00116105	0.00099295	0.00460040	0.00049855	0.00159740	0.00193422	0.00272368	0.00164743
G[C>G]C	0.00001083	0.00009539	0.00041029	0.00704700	0.00821470	0.01392479	0.00394961	0.00156421	0.00000042	0.00019175	0.00142619	0.00065425	0.00027097	0.00530541	0.00115700	0.00291634	0.00015633	0.00036626	0.00099346	0.00349896	0.00146992
G[C>G]G	0.00004813	0.00002581	0.00038816	0.00442557	0.00277615	0.00385495	0.00033460	0.00017634	0.00000152	0.00030548	0.00031129	0.00050510	0.00014913	0.00079540	0.00005786	0.00009412	0.00078542	0.00042863	0.00084681	0.00017841	0.00000112
G[C>G]T	0.00003004	0.00012335	0.00025288	0.00269037	0.01019655	0.02340434	0.00383697	0.00205421	0.00000135	0.00031650	0.00232059	0.00030532	0.00128076	0.00616047	0.00052791	0.00746948	0.00102521	0.00266244	0.00114954	0.00469476	0.00068217
G[C>T]A	0.00004123	0.00005791	0.00059243	0.00237421	0.03375841	0.01740842	0.01544773	0.09619499	0.00033476	0.00458387	0.00659252	0.00556910	0.00060508	0.00836289	0.00140836	0.01282119	0.00050008	0.00774466	0.00137101	0.00655173	0.00554791
G[C>T]C	0.01546397	0.00109959	0.02734833	0.00176882	0.03614192	0.01164882	0.00972523	0.08325619	0.00020286	0.00083376	0.00372630	0.00384015	0.00069004	0.01499094	0.00025040	0.02105980	0.00176244	0.00069144	0.00393458	0.00812934	0.00253856
G[C>T]G	0.00000029	0.00000081	0.00000473	0.00014693	0.01834942	0.00000000	0.00000000	0.05048374	0.00910772	0.21517241	0.00404203	0.01433581	0.00000000	0.00592351	0.00277261	0.00125474	0.00000021	0.00153008	0.00172317	0.01184574	0.00333299
G[C>T]T	0.02368177	0.00021523	0.00317758	0.00275279	0.03091956	0.00991051	0.01592341	0.06489873	0.00000018	0.00002754	0.00403836	0.00344005	0.00084336	0.01487671	0.00033089	0.00850655	0.04047417	0.00100900	0.00199302	0.00934747	0.00386209
G[T>A]A	0.00062004	0.00009863	0.00029584	0.00528576	0.00462256	0.00671691	0.00146979	0.00121384	0.00005010	0.00026814	0.00235658	0.00083096	0.00164782	0.00134839	0.00016151	0.00355418	0.00011174	0.00000233	0.04331597	0.00197495	0.00026229
G[T>A]C	0.00025845	0.00008533	0.00030392	0.00318998	0.00319439	0.01108482	0.00155156	0.00259412	0.00027455	0.00004057	0.00203818	0.00240107	0.00219590	0.00089358	0.00321884	0.00260375	0.00014119	0.00022556	0.00738010	0.00221026	0.00139123
G[T>A]G	0.00030026	0.00009484	0.00056049	0.01198427	0.00413976	0.01488073	0.00128285	0.00210292	0.00012835	0.00026192	0.00305104	0.00146876	0.00000433	0.00439184	0.00067225	0.00044856	0.00127381	0.00000768	0.03402444	0.00067327	0.00037686
G[T>A]T	0.00029893	0.00040144	0.00002024	0.00548856	0.00202862	0.01752879	0.00224809	0.00352998	0.00125307	0.00003148	0.00031343	0.00312709	0.02010951	0.00129222	0.00462303	0.00164169	0.00805995	0.00011595	0.00837470	0.00336071	0.00081512
G[T>C]A	0.00002316	0.00014272	0.00007663	0.00308892	0.00642802	0.00745514	0.00412678	0.02500486	0.00000253	0.00026495	0.07268150	0.00176259	0.00040246	0.01104993	0.00001829	0.00449801	0.00091155	0.00088261	0.00159236	0.00350354	0.00020556
G[T>C]C	0.00000119	0.00015968	0.00000294	0.00060519	0.00584479	0.00529251	0.00509418	0.00068016	0.00132307	0.00225371	0.03184303	0.00381668	0.00020474	0.00633259	0.01350315	0.00534295	0.00217719	0.00003861	0.00233265	0.00344871	0.00049696
G[T>C]G	0.00000430	0.00001084	0.00044916	0.00160154	0.01855322	0.01199500	0.00217323	0.01719357	0.00094452	0.00102174	0.04287941	0.00607824	0.00039345	0.01003958	0.00335460	0.00908939	0.00251289	0.00041678	0.00084058	0.00152675	0.00174000
G[T>C]T	0.00073379	0.00038156	0.00769165	0.00002586	0.00859810	0.00483560	0.00110181	0.00837128	0.00045280	0.00005797	0.03378073	0.00038360	0.00791406	0.00180902	0.00480277	0.00273901	0.28984079	0.00000000	0.00297198	0.00173165	0.00343161
G[T>G]A	0.00004708	0.00019963	0.00033342	0.00032380	0.00417965	0.00677166	0.00193724	0.00018436	0.00028215	0.00018076	0.00092212	0.00128542	0.00254866	0.00127158	0.00055786	0.00120290	0.00008271	0.00041165	0.00149578	0.00183205	0.00158063
G[T>G]C	0.00017875	0.00003864	0.00029859	0.00009123	0.00245445	0.00369211	0.00295962	0.00027513	0.00619011	0.00002595	0.00112061	0.00002701	0.00168338	0.00134549	0.00040485	0.00130765	0.00001140	0.00000748	0.00066606	0.00076465	0.00062351
G[T>G]G	0.00031293	0.00014242	0.00273283	0.00249188	0.00853937	0.01625400	0.00114055	0.00015795	0.00130473	0.00054735	0.00178613	0.00708493	0.00614192	0.00189683	0.00107462	0.00250106	0.00351793	0.00041248	0.00185693	0.00052511	0.00350137
G[T>G]T	0.00106751	0.00007019	0.00200598	0.00005853	0.00011823	0.00609015	0.00448424	0.00239618	0.11261731	0.00012065	0.00051233	0.00115041	0.00672102	0.00768960	0.00714835	0.00350825	0.00637230	0.00000660	0.00042760	0.00343132	0.00528552
T[C>A]A	0.00026465	0.00048631	0.00263294	0.04937226	0.00136761	0.00292097	0.04232812	0.00128821	0.00000000	0.00001082	0.00063433	0.09076928	0.00300940	0.00099124	0.00013715	0.01204722	0.00967893	0.08127768	0.00066717	0.00416893	0.01438768
T[C>A]C	0.00080340	0.00016000	0.00321853	0.05790996	0.00863793	0.01859989	0.02591913	0.00282229	0.00003669	0.00215993	0.00096111	0.04694322	0.01447831	0.00296567	0.00006400	0.02377201	0.00636069	0.02917114	0.00208409	0.00069593	0.00441209
T[C>A]G	0.00000329	0.00011588	0.00018263	0.01281315	0.00297717	0.00012713	0.00295017	0.00005688	0.00007483	0.00016476	0.00045525	0.01452458	0.00005717	0.00112630	0.00001669	0.01144519	0.00000319	0.01127076	0.00031349	0.00036803	0.00130459
T[C>A]T	0.00033543	0.00120195	0.00095376	0.05009426	0.01220521	0.00401197	0.03447027	0.01679121	0.00243058	0.00000954	0.00145290	0.15748317	0.00355178	0.00608747	0.00086566	0.00016218	0.00003791	0.03346386	0.00234787	0.00544676	0.00291216
T[C>G]A	0.00000736	0.00001708	0.00000000	0.00202106	0.00435916	0.01512117	0.00031279	0.00045783	0.00017658	0.00026720	0.00139367	0.00060715	0.00107910	0.00222707	0.00337045	0.00273430	0.00382431	0.31284179	0.00247763	0.03024992	0.00076149
T[C>G]C	0.00004280	0.00000548	0.00140875	0.00541042	0.00530409	0.02991793	0.01333751	0.00100637	0.00001090	0.00000787	0.00289518	0.00385319	0.00497986	0.00575234	0.00123497	0.00836634	0.00082925	0.06432162	0.00309257	0.01954056	0.00231814
T[C>G]G	0.00000010	0.00003225	0.00043751	0.00176216	0.00218897	0.00001944	0.00258904	0.00013249	0.00002468	0.00012099	0.00061116	0.00041778	0.00000492	0.00172872	0.00067137	0.00249821	0.00069571	0.01436628	0.00073377	0.00241948	0.00042061
T[C>G]T	0.00001031	0.00089708	0.00066218	0.00022330	0.00059837	0.03009256	0.01575147	0.00300470	0.00134187	0.00205106	0.00329648	0.00018079	0.01109739	0.02076587	0.00067591	0.00792330	0.00006063	0.36969421	0.00333013	0.04546083	0.00222178
T[C>T]A	0.09190171	0.56669400	0.00003930	0.00313670	0.00682322	0.00022363	0.04416883	0.00224399	0.00007408	0.00016346	0.00266621	0.00915102	0.01846257	0.04293059	0.00210910	0.00827739	0.00053780	0.00412616	0.00167977	0.02257404	0.00293981
T[C>T]C	0.46759320	0.07973937	0.17340272	0.00629072	0.00016105	0.00556015	0.02479526	0.00078333	0.00049576	0.00023748	0.00010191	0.00025839	0.01393141	0.01544467	0.00002405	0.00052979	0.03720056	0.00238675	0.00147117	0.01223251	0.00107188
T[C>T]G	0.07713851	0.05131746	0.05822024	0.00000000	0.02098717	0.00000000	0.00000000	0.00089466	0.00498812	0.10639825	0.00216172	0.01014710	0.00000000	0.02243165	0.00005749	0.00530918	0.00156593	0.00008662	0.00001098	0.00807079	0.00070521
T[C>T]T	0.03574668	0.27002629	0.10812179	0.00588250	0.00883628	0.00085722	0.02722171	0.00339099	0.00052860	0.00021214	0.00181817	0.00024673	0.00076942	0.05598614	0.00029772	0.00915118	0.05137326	0.00192050	0.00445540	0.05332383	0.00171250
T[T>A]A	0.00037759	0.00008120	0.00266261	0.00270432	0.00200800	0.00014519	0.00513254	0.00674077	0.00139032	0.00618949	0.00172203	0.01204457	0.01584227	0.00177362	0.00004507	0.00231657	0.01619742	0.00035817	0.05484902	0.08953012	0.01220982
T[T>A]C	0.00046421	0.00025890	0.00217189	0.00162365	0.00022581	0.01200748	0.01372797	0.00005618	0.00000804	0.00004337	0.00629803	0.00277025	0.03367994	0.00123227	0.00575446	0.00363984	0.00141468	0.00037629	0.02263515	0.01168833	0.00345244
T[T>A]G	0.00000000	0.00003743	0.00186505	0.00383651	0.00564283	0.00383418	0.00681425	0.00010257	0.00000012	0.00019134	0.00328513	0.00160136	0.01140777	0.00232354	0.00149816	0.00157713	0.00552214	0.00032182	0.05679323	0.00694861	0.00076674
T[T>A]T	0.00120847	0.00023336	0.00000000	0.00183878	0.00477259	0.00133290	0.01805230	0.01357762	0.00123837	0.00241901	0.00432153	0.00301037	0.27750730	0.00151093	0.00110225	0.00388491	0.02231782	0.00000000	0.02589393	0.01956284	0.00909529
T[T>C]A	0.00252664	0.00082266	0.00553687	0.00146065	0.00193645	0.01121312	0.00078358	0.01620583	0.00083125	0.00055934	0.08139254	0.00042052	0.03096313	0.01144185	0.00156540	0.01204987	0.07938428	0.00000683	0.00064121	0.06888748	0.00517270
T[T>C]C	0.00076908	0.00002762	0.00174706	0.00000365	0.00342060	0.00698525	0.00593330	0.00907980	0.00066165	0.00282268	0.04322497	0.00816990	0.02123773	0.00468721	0.01448659	0.00313375	0.01294431	0.00029198	0.00027801	0.02760722	0.00371712
T[T>C]G	0.00003301	0.00050644	0.00401763	0.00075825	0.01353564	0.00377365	0.00388432	0.01845920	0.00095524	0.00001363	0.04032253	0.00277598	0.01427054	0.00426276	0.00248764	0.00809155	0.02239143	0.00000591	0.00229070	0.02019971	0.00318938
T[T>C]T	0.00067021	0.00048255	0.00307146	0.00001048	0.01696095	0.00636398	0.00000871	0.03525518	0.00070565	0.00408338	0.05808094	0.00265991	0.09898706	0.00743808	0.02132199	0.00016045	0.03750281	0.00087997	0.00003495	0.04077387	0.00636630
T[T>G]A	0.00004243	0.00023811	0.00072352	0.00000000	0.00454822	0.00841243	0.00707661	0.00000000	0.00000000	0.00027291	0.00146728	0.00000120	0.02047606	0.00205052	0.00000201	0.00135474	0.00018560	0.00000037	0.00234980	0.04052595	0.04597191
T[T>G]C	0.00012922	0.00016277	0.00159021	0.00001009	0.00837829	0.00743032	0.01781589	0.00046634	0.00839815	0.00013077	0.00189901	0.00202498	0.01617234	0.00451490	0.00023045	0.00118398	0.00044496	0.00005207	0.00002801	0.01499366	0.03381236
T[T>G]G	0.00000000	0.00003044	0.00129852	0.00232971	0.01083920	0.01077048	0.01174439	0.00107563	0.00465430	0.00021327	0.00245085	0.00081599	0.00764162	0.00321799	0.00096254	0.00108895	0.00002707	0.00001344	0.00473475	0.02165098	0.01582119
T[T>G]T	0.00007312	0.00005640	0.00036146	0.00045076	0.00474318	0.00061574	0.00565176	0.00750517	0.11914722	0.00000740	0.00204273	0.00087649	0.02117784	0.00437286	0.00418421	0.00145484	0.00025254	0.00000002	0.00016893	0.07974908	0.44587394
