MutationsType	ID83A	ID83B	ID83C	ID83D	ID83E	ID83F	ID83G	ID83H	ID83I	ID83J
1:Del:C:0	0.00235304	0.00000000	0.00174572	0.02820884	0.08317608	0.02254872	0.00304986	0.37122769	0.00890921	0.00263100
1:Del:C:1	0.00000000	0.00000003	0.00522757	0.01863822	0.23448353	0.00122358	0.00358225	0.09749479	0.00031484	0.00005963
1:Del:C:2	0.00000000	0.00000000	0.00638922	0.00000000	0.21099605	0.00406342	0.00727974	0.00000000	0.00096005	0.00000000
1:Del:C:3	0.00233527	0.00170200	0.00846083	0.00515836	0.07544546	0.00003515	0.00512114	0.01051394	0.00202853	0.00056979
1:Del:C:4	0.00355363	0.00051536	0.00163559	0.00055460	0.04430006	0.00166329	0.00047018	0.01434694	0.00319359	0.00113493
1:Del:C:5	0.01488672	0.00200929	0.00544969	0.00124160	0.02641285	0.00108539	0.00041992	0.00028375	0.00537055	0.00334233
1:Del:T:0	0.00608161	0.00083872	0.12815632	0.03292644	0.02272147	0.00025675	0.06178092	0.11836839	0.00653744	0.01635099
1:Del:T:1	0.00000000	0.00000001	0.01078300	0.00183237	0.00307077	0.00002391	0.43490548	0.00704303	0.00398157	0.00000001
1:Del:T:2	0.00664343	0.00006279	0.15106332	0.00325100	0.00185732	0.00753322	0.05586789	0.09068504	0.00194309	0.00585402
1:Del:T:3	0.01939037	0.00129609	0.11027433	0.00257574	0.00187966	0.01935519	0.06792791	0.11678554	0.00722104	0.01352694
1:Del:T:4	0.04519316	0.00286268	0.07852834	0.00340433	0.00178498	0.01422656	0.01789449	0.10619936	0.01495603	0.01009372
1:Del:T:5	0.82661870	0.00023002	0.00998106	0.00017284	0.00058580	0.00013097	0.00150215	0.00627890	0.00307368	0.06173299
1:Ins:C:0	0.00000001	0.00000002	0.00000005	0.00000014	0.00000011	0.00000002	0.00000006	0.00000025	0.00000007	0.53102969
1:Ins:C:1	0.00018871	0.00000685	0.00833642	0.00203343	0.00568207	0.00139239	0.00237887	0.00000000	0.00009591	0.01399690
1:Ins:C:2	0.00000021	0.00000001	0.00647552	0.00165482	0.00407516	0.00001262	0.00305464	0.00000210	0.00004899	0.00051001
1:Ins:C:3	0.00039624	0.00067509	0.00155661	0.00018251	0.00881219	0.00000141	0.00032028	0.00000360	0.00089728	0.00077639
1:Ins:C:4	0.00272848	0.00120813	0.00205096	0.00056504	0.00825214	0.00032815	0.00001148	0.00009860	0.00106580	0.00078382
1:Ins:C:5	0.00785509	0.01972055	0.02205782	0.00608431	0.00807830	0.00001909	0.00000000	0.00008908	0.00992983	0.00242440
1:Ins:T:0	0.00103161	0.00224517	0.00165129	0.00334720	0.01733805	0.00647202	0.02555110	0.01378045	0.00439016	0.03818698
1:Ins:T:1	0.00000000	0.00000000	0.01166816	0.00433072	0.06779537	0.00015764	0.01039409	0.00495891	0.00018651	0.00296824
1:Ins:T:2	0.00046981	0.00001570	0.03749871	0.00014304	0.05544559	0.00000000	0.01355706	0.00004548	0.00019037	0.00133821
1:Ins:T:3	0.00105833	0.00323436	0.02755476	0.00084905	0.03227028	0.00003297	0.01546850	0.00017232	0.00118078	0.00026320
1:Ins:T:4	0.00337492	0.01391261	0.02454512	0.00316232	0.00829311	0.00039271	0.01204593	0.00200252	0.00546280	0.00459110
1:Ins:T:5	0.00293089	0.91904762	0.04632421	0.01111371	0.00166596	0.00457719	0.00032279	0.00653203	0.01533499	0.16586682
2:Del:R:0	0.00003452	0.00015848	0.01930769	0.00737233	0.00871983	0.00019639	0.03014317	0.01245422	0.08299265	0.00096266
2:Del:R:1	0.00290116	0.00004271	0.01545876	0.00719171	0.01174833	0.00044555	0.01599121	0.00043313	0.19743692	0.00681978
2:Del:R:2	0.00170222	0.00043410	0.00164903	0.00017238	0.01344326	0.00164353	0.00381086	0.00003598	0.04386440	0.00235613
2:Del:R:3	0.00095718	0.00012999	0.00010302	0.00005123	0.00621799	0.00040857	0.00031591	0.00000988	0.00941864	0.00021457
2:Del:R:4	0.00092187	0.00001282	0.00052373	0.00024652	0.00328027	0.00015042	0.00022972	0.00017734	0.00320384	0.00039532
2:Del:R:5	0.00000000	0.00000001	0.02312106	0.00001750	0.00080282	0.00000219	0.01420420	0.00006118	0.00093315	0.00000000
3:Del:R:0	0.00000000	0.00001292	0.01353037	0.01434488	0.00201020	0.00067721	0.01584539	0.00102814	0.00434881	0.00139498
3:Del:R:1	0.00432541	0.00351834	0.00791538	0.00175745	0.00001105	0.00422360	0.00333490	0.00128640	0.09362131	0.00456609
3:Del:R:2	0.00209484	0.00054566	0.00077317	0.00025274	0.00000002	0.00053258	0.00106184	0.00043967	0.01460984	0.00165555
3:Del:R:3	0.00050409	0.00027524	0.00105035	0.00042272	0.00002483	0.00011529	0.00030499	0.00017545	0.00353544	0.00032337
3:Del:R:4	0.00000000	0.00000001	0.00650750	0.00000001	0.00002853	0.00000001	0.00324904	0.00000415	0.00036935	0.00000582
3:Del:R:5	0.00000000	0.00000001	0.01024404	0.00000000	0.00026913	0.00003221	0.00437367	0.00002439	0.00026507	0.00002159
4:Del:R:0	0.00000000	0.00002903	0.00677538	0.00759443	0.00084703	0.00228784	0.01279859	0.00039660	0.00599611	0.00043289
4:Del:R:1	0.00190784	0.00041559	0.00110044	0.00057460	0.00097684	0.00249489	0.00190948	0.00243596	0.05522350	0.00063138
4:Del:R:2	0.00048443	0.00000000	0.00000560	0.00000213	0.00000000	0.00055848	0.00033309	0.00003897	0.00953533	0.00065848
4:Del:R:3	0.00000000	0.00000001	0.00385896	0.00000628	0.00009463	0.00010923	0.00234599	0.00000046	0.00346484	0.00003979
4:Del:R:4	0.00000000	0.00000005	0.00513135	0.00009004	0.00015748	0.00001225	0.00271376	0.00000000	0.00015030	0.00000000
4:Del:R:5	0.00016205	0.00002971	0.00171349	0.00002357	0.00010664	0.00010448	0.00085247	0.00000000	0.00069102	0.00006986
5:Del:R:0	0.00000000	0.00000000	0.00711089	0.30099762	0.00112627	0.01401990	0.01971276	0.00012887	0.00209962	0.00062243
5:Del:R:1	0.00319929	0.00000175	0.00009001	0.00000686	0.00000000	0.00750092	0.00107962	0.00017369	0.01082537	0.00048359
5:Del:R:2	0.00044382	0.00008953	0.00025406	0.00029792	0.00002431	0.00043337	0.00037590	0.00005519	0.00273038	0.00003079
5:Del:R:3	0.00012823	0.00000527	0.00028273	0.00000227	0.00002713	0.00016680	0.00009183	0.00010713	0.00107027	0.00010768
5:Del:R:4	0.00007131	0.00000099	0.00011893	0.00000026	0.00003496	0.00008187	0.00003674	0.00005372	0.00016216	0.00002244
5:Del:R:5	0.00001815	0.00002286	0.00068001	0.00000536	0.00000506	0.00000000	0.00059433	0.00004880	0.00014235	0.00000365
2:Ins:R:0	0.00020158	0.00060408	0.00560797	0.00174813	0.00224724	0.00192877	0.01014840	0.00091546	0.00108904	0.02624503
2:Ins:R:1	0.00020771	0.00000560	0.02276474	0.00120379	0.00336618	0.00007041	0.01011292	0.00097434	0.00028838	0.00000573
2:Ins:R:2	0.00098740	0.00022890	0.00895129	0.00023273	0.00136059	0.00040829	0.00354388	0.00047203	0.00020558	0.00104320
2:Ins:R:3	0.00043612	0.00039738	0.00172421	0.00036896	0.00091597	0.00032632	0.00088962	0.00049843	0.00053182	0.00108101
2:Ins:R:4	0.00204857	0.00230094	0.00236252	0.00081695	0.00026572	0.00005703	0.00001491	0.00013195	0.00146342	0.00358030
2:Ins:R:5	0.01485131	0.01335370	0.02534421	0.00807068	0.00001535	0.00001932	0.00053373	0.00014555	0.01298906	0.00035351
3:Ins:R:0	0.00000027	0.00004617	0.00463632	0.00027904	0.00026239	0.00102214	0.00205087	0.00051568	0.00020038	0.00822735
3:Ins:R:1	0.00102397	0.00038653	0.00701730	0.00042765	0.00031352	0.00007448	0.00547293	0.00064002	0.00061608	0.00318528
3:Ins:R:2	0.00017882	0.00002603	0.00157473	0.00002132	0.00016330	0.00084221	0.00077747	0.00000195	0.00128842	0.00035349
3:Ins:R:3	0.00001073	0.00014044	0.00011254	0.00005050	0.00000541	0.00029258	0.00007022	0.00002113	0.00003756	0.00038032
3:Ins:R:4	0.00010605	0.00010231	0.00015510	0.00012316	0.00002031	0.00015463	0.00000030	0.00003818	0.00023941	0.00090746
3:Ins:R:5	0.00211167	0.00097340	0.00153274	0.00057720	0.00001287	0.00000043	0.00000071	0.00001294	0.00083337	0.00202062
4:Ins:R:0	0.00000646	0.00000038	0.00186331	0.00069032	0.00020409	0.00167144	0.00293141	0.00001258	0.00038977	0.00528312
4:Ins:R:1	0.00117866	0.00055249	0.00464932	0.00089030	0.00002493	0.00063677	0.00491016	0.00102159	0.00213890	0.00207080
4:Ins:R:2	0.00000006	0.00003014	0.00029970	0.00016068	0.00016375	0.00042954	0.00026893	0.00001602	0.00008729	0.00010483
4:Ins:R:3	0.00025028	0.00005363	0.00005693	0.00001437	0.00000273	0.00040207	0.00000182	0.00000071	0.00010710	0.00077720
4:Ins:R:4	0.00014911	0.00037905	0.00031914	0.00016074	0.00000230	0.00000502	0.00004009	0.00014250	0.00035945	0.00146653
4:Ins:R:5	0.00217427	0.00078251	0.00194893	0.00126903	0.00001830	0.00005457	0.00079665	0.00000141	0.00088874	0.00023573
5:Ins:R:0	0.00000000	0.00000003	0.00467453	0.00000000	0.00009098	0.00875779	0.00385409	0.00001263	0.00007002	0.00280136
5:Ins:R:1	0.00004787	0.00170080	0.00235102	0.01095984	0.00020155	0.00572152	0.01248955	0.00127504	0.00217531	0.02482973
5:Ins:R:2	0.00000632	0.00023522	0.00038330	0.00001890	0.00000888	0.00131316	0.00032045	0.00000941	0.00009567	0.00053495
5:Ins:R:3	0.00009000	0.00022854	0.00041720	0.00006022	0.00009026	0.00006815	0.00003408	0.00016771	0.00007171	0.00013875
5:Ins:R:4	0.00000334	0.00018785	0.00032350	0.00003837	0.00000805	0.00002496	0.00006267	0.00013999	0.00006222	0.00003254
5:Ins:R:5	0.00005766	0.00019786	0.00085431	0.00039995	0.00007108	0.00000188	0.00034009	0.00000902	0.00006551	0.00000000
2:Del:M:1	0.00002464	0.00007211	0.02057224	0.00023762	0.00978639	0.00013544	0.02208234	0.00020927	0.19292675	0.00303770
3:Del:M:1	0.00000000	0.00000087	0.01070529	0.01150881	0.00170432	0.00091911	0.01239398	0.00108703	0.00589407	0.00134935
3:Del:M:2	0.00256339	0.00129652	0.01066396	0.00362031	0.00074412	0.00400063	0.00465958	0.00029903	0.04093282	0.00376982
4:Del:M:1	0.00003009	0.00005276	0.00961077	0.00543139	0.00026818	0.00249478	0.00539892	0.00194459	0.01128361	0.00007450
4:Del:M:2	0.00048186	0.00004933	0.00525348	0.00084869	0.00036787	0.00947469	0.00304916	0.00143851	0.02929426	0.00087830
4:Del:M:3	0.00055091	0.00000318	0.00178968	0.00007942	0.00000334	0.00501493	0.00186613	0.00129210	0.04495117	0.00189693
5:Del:M:1	0.00050797	0.00000000	0.00121065	0.33966770	0.00016251	0.06822058	0.00363296	0.00005473	0.00017102	0.00151754
5:Del:M:2	0.00000000	0.00000002	0.00119027	0.11501600	0.00112084	0.27041311	0.00320615	0.00000002	0.00000058	0.00139610
5:Del:M:3	0.00000000	0.00000001	0.00328257	0.02118245	0.00060363	0.24371376	0.00099440	0.00001643	0.00021845	0.00002734
5:Del:M:4	0.00037914	0.00000153	0.00042226	0.00012641	0.00102412	0.13807786	0.00008862	0.00000000	0.00338487	0.00001743
5:Del:M:5	0.00238721	0.00030158	0.00065336	0.00083690	0.00000000	0.11152171	0.00434562	0.00000000	0.00068442	0.00052516
