MutationsType	SBS96A	SBS96B	SBS96C	SBS96D	SBS96E	SBS96F	SBS96G	SBS96H	SBS96I	SBS96J	SBS96K	SBS96L
A[C>A]A	0.00059484	0.02803817	0.00000000	0.00057178	0.02613871	0.00420294	0.00100330	0.06705160	0.00295370	0.00038006	0.00232745	0.00531775
A[C>A]C	0.00000370	0.01730606	0.00065759	0.00256673	0.03679419	0.00226625	0.00264506	0.01925641	0.00040554	0.00051717	0.00120660	0.00151150
A[C>A]G	0.00003647	0.00152466	0.00016535	0.00129285	0.01667393	0.00069962	0.00008444	0.00544392	0.00007722	0.00004694	0.00036002	0.00013880
A[C>A]T	0.00016352	0.01338206	0.00056615	0.00120906	0.02718875	0.00643211	0.00089791	0.03094428	0.00261837	0.00024342	0.00041793	0.00159959
A[C>G]A	0.00000992	0.02298081	0.00022657	0.00300514	0.01026369	0.00574275	0.00192043	0.00070562	0.00080802	0.00008596	0.00414956	0.00168144
A[C>G]C	0.00001245	0.01504045	0.00019996	0.00068297	0.00397316	0.00240095	0.00123697	0.00194975	0.00099402	0.00000822	0.00126337	0.00081346
A[C>G]G	0.00022290	0.00215475	0.00003499	0.00127254	0.00026969	0.00133587	0.00024172	0.00320418	0.00035865	0.00000211	0.00038959	0.00030182
A[C>G]T	0.00000397	0.02417816	0.00035773	0.00234596	0.00440723	0.00678418	0.00186843	0.00221626	0.00222772	0.00028055	0.00468434	0.00110154
A[C>T]A	0.00018472	0.02334193	0.00038101	0.03527605	0.00867925	0.08090481	0.03361091	0.00333007	0.00188337	0.00138838	0.00891387	0.00162416
A[C>T]C	0.03363826	0.01849956	0.00180916	0.01369432	0.00612111	0.01958490	0.00933426	0.00098937	0.00409445	0.00047992	0.00062188	0.00218438
A[C>T]G	0.00002126	0.00229354	0.00001065	0.00000000	0.00262494	0.00435700	0.32199933	0.00025793	0.00110026	0.00052444	0.00118308	0.00362602
A[C>T]T	0.01228648	0.02170685	0.00245347	0.02017967	0.00319571	0.03172468	0.01394754	0.00542361	0.01416335	0.00056531	0.00146480	0.00049286
A[T>A]A	0.00222173	0.00691491	0.00082589	0.00847554	0.01358715	0.00702640	0.00126017	0.00164936	0.01220155	0.00028736	0.00014824	0.00043918
A[T>A]C	0.00042081	0.00861703	0.00094210	0.00657689	0.00588794	0.00359752	0.00250299	0.00019242	0.00268802	0.00029941	0.00027585	0.00151682
A[T>A]G	0.00103950	0.01197725	0.00027212	0.00803391	0.01898778	0.00235884	0.00189674	0.00194764	0.00098033	0.00020484	0.00092918	0.00023568
A[T>A]T	0.00636659	0.00344237	0.00030834	0.00492109	0.00328099	0.02398550	0.00163683	0.00444727	0.06685790	0.00065653	0.00059682	0.00130213
A[T>C]A	0.00004786	0.02908535	0.00109910	0.08807954	0.01084797	0.02491225	0.00430242	0.00163346	0.00137402	0.00027425	0.00398488	0.00085445
A[T>C]C	0.00023618	0.01178398	0.00018634	0.02728022	0.00048745	0.00436483	0.00300369	0.00177250	0.00084417	0.00016861	0.00049791	0.01178642
A[T>C]G	0.00033096	0.02204033	0.00057725	0.07537269	0.00516196	0.02795316	0.00109841	0.00287382	0.00185593	0.00000000	0.00201202	0.00178664
A[T>C]T	0.00196046	0.03097375	0.00074165	0.06717823	0.00030134	0.00937832	0.00682056	0.00498269	0.01399127	0.00044294	0.00294713	0.00759572
A[T>G]A	0.00001933	0.00814827	0.00051194	0.00213111	0.00097575	0.00610726	0.00002416	0.00077062	0.01571436	0.00106136	0.00006327	0.00118621
A[T>G]C	0.00049894	0.00729347	0.00008103	0.00078083	0.00002213	0.00393646	0.00013444	0.00088756	0.00270798	0.00443809	0.00001713	0.00143753
A[T>G]G	0.00117263	0.01228344	0.00003334	0.00618214	0.00104309	0.00350093	0.00112160	0.00223911	0.00304104	0.00110974	0.00080278	0.00112185
A[T>G]T	0.00042322	0.01333728	0.00061009	0.00036000	0.00001123	0.01100545	0.00015703	0.00157484	0.00686749	0.07292284	0.00002899	0.01385117
C[C>A]A	0.00111037	0.01137329	0.00008088	0.00080644	0.06921285	0.00037302	0.00061048	0.09000494	0.00426902	0.00010963	0.00158959	0.00210001
C[C>A]C	0.00051074	0.00902846	0.00002716	0.00152894	0.09346646	0.01972378	0.00073832	0.02643135	0.00244959	0.00006595	0.00079053	0.00084945
C[C>A]G	0.00012409	0.00000123	0.00000182	0.00434793	0.02183033	0.00286684	0.00015311	0.01593720	0.00084692	0.00006536	0.00005512	0.00007241
C[C>A]T	0.00045322	0.00000000	0.00029049	0.00557348	0.06697936	0.05397411	0.00125266	0.04935711	0.01017555	0.00004886	0.00000000	0.00001359
C[C>G]A	0.00009778	0.01653793	0.00000255	0.00147365	0.01351730	0.00123312	0.00003528	0.00036737	0.00034848	0.00011230	0.00533784	0.00073017
C[C>G]C	0.00044338	0.01798185	0.00003198	0.00323127	0.00978321	0.00253496	0.00079053	0.00128522	0.00118356	0.00012158	0.00145739	0.00049678
C[C>G]G	0.00042355	0.00206758	0.00001343	0.00255840	0.00262794	0.00038948	0.00084985	0.00404187	0.00040360	0.00012709	0.00055099	0.00047600
C[C>G]T	0.00021767	0.02569483	0.00002648	0.00116332	0.00996315	0.00303252	0.00009279	0.00174004	0.00293600	0.00011462	0.00635589	0.00056298
C[C>T]A	0.09189604	0.02264346	0.00469274	0.00827920	0.01519398	0.01485177	0.00405194	0.01010826	0.00816066	0.00028225	0.00011691	0.00240017
C[C>T]C	0.13507502	0.02153330	0.00000341	0.00435677	0.01940507	0.01750803	0.00182499	0.00316643	0.00117839	0.00004480	0.00134881	0.00229514
C[C>T]G	0.01535317	0.00449064	0.00033220	0.01379670	0.00276834	0.01737202	0.18864627	0.00698924	0.00698545	0.00245098	0.00207521	0.00146770
C[C>T]T	0.10706269	0.02774408	0.00144760	0.00858429	0.02328096	0.01792266	0.00192376	0.00258875	0.01465676	0.00002214	0.00184414	0.00322666
C[T>A]A	0.00039892	0.00216233	0.00010326	0.00414306	0.02544551	0.00025125	0.00033937	0.00034956	0.00354062	0.00031845	0.00021785	0.00018848
C[T>A]C	0.00036385	0.01212330	0.00016861	0.00027150	0.02226974	0.00237189	0.00025972	0.00061850	0.00842383	0.00160697	0.00055733	0.03775822
C[T>A]G	0.00029864	0.00425367	0.00001038	0.00401626	0.05054832	0.00050275	0.00114559	0.00268725	0.00025021	0.00090962	0.00020489	0.01103616
C[T>A]T	0.00003181	0.00754552	0.00058250	0.00000000	0.01882387	0.00047683	0.00012910	0.00135202	0.03098181	0.00723665	0.00040497	0.06324338
C[T>C]A	0.00069836	0.01155516	0.00030011	0.02894377	0.00625631	0.01334139	0.00000000	0.00097202	0.00982490	0.00035200	0.00028563	0.01097096
C[T>C]C	0.00009399	0.01066775	0.00023939	0.01747882	0.00289453	0.00318742	0.00131543	0.00064189	0.00000836	0.00488246	0.00030153	0.17143228
C[T>C]G	0.00000462	0.01072440	0.00026128	0.03949545	0.00623772	0.02796081	0.00083994	0.00121086	0.00000148	0.00422631	0.00055546	0.07987584
C[T>C]T	0.00462318	0.00000096	0.00000156	0.02427684	0.00245731	0.00525251	0.00002175	0.00078737	0.03620542	0.01524340	0.00012343	0.41438719
C[T>G]A	0.00006639	0.00549335	0.00003824	0.00141189	0.00140391	0.00301252	0.00000232	0.00002698	0.00516489	0.00226492	0.00004546	0.00029832
C[T>G]C	0.00039717	0.00861078	0.00010763	0.00252476	0.00055219	0.00361089	0.00068117	0.00055818	0.00346226	0.02967929	0.00016820	0.00182525
C[T>G]G	0.00031381	0.01142393	0.00000000	0.00343069	0.00608872	0.00511212	0.00088463	0.00031714	0.00088432	0.01338507	0.00016258	0.00061025
C[T>G]T	0.00001027	0.00023116	0.00004684	0.00350180	0.00199591	0.00009902	0.00000001	0.00008276	0.00011040	0.54000900	0.00035001	0.00228121
G[C>A]A	0.00017026	0.00814191	0.00000069	0.00635819	0.00179638	0.00092229	0.00441087	0.11185386	0.00066004	0.00187933	0.00161153	0.00446214
G[C>A]C	0.00001430	0.00963231	0.00029261	0.00535940	0.03577671	0.00534639	0.00006210	0.02670640	0.00007120	0.00006339	0.00067248	0.00082042
G[C>A]G	0.00000013	0.00060428	0.00010362	0.00268608	0.01268352	0.00096428	0.00048572	0.01202804	0.00000000	0.00025364	0.00034961	0.00014067
G[C>A]T	0.00000085	0.00892143	0.00001492	0.00288232	0.00535526	0.00859189	0.00130597	0.06757283	0.00014001	0.00079183	0.00047147	0.00178907
G[C>G]A	0.00000580	0.01131152	0.00007823	0.00069375	0.00877405	0.00117185	0.00008403	0.00023659	0.00002646	0.00004298	0.00175140	0.00077904
G[C>G]C	0.00014019	0.01006613	0.00001827	0.00220614	0.00827203	0.00215234	0.00044369	0.00083612	0.00024799	0.00028234	0.00087042	0.00044427
G[C>G]G	0.00016845	0.00229741	0.00001105	0.00082374	0.00410180	0.00018668	0.00036688	0.00052810	0.00016889	0.00004264	0.00031917	0.00008268
G[C>G]T	0.00005639	0.01567421	0.00006707	0.00205878	0.00532526	0.00326060	0.00020497	0.00020721	0.00115680	0.00000023	0.00287933	0.00106147
G[C>T]A	0.00016397	0.01865654	0.00000173	0.01768018	0.00461026	0.07186778	0.01302522	0.00090459	0.00000828	0.00000000	0.00767927	0.00182703
G[C>T]C	0.02160313	0.01515159	0.00004969	0.02262054	0.00580525	0.06577666	0.00810136	0.00054995	0.00010087	0.00020525	0.00145741	0.00078547
G[C>T]G	0.00000000	0.00011505	0.00000693	0.01056657	0.00024395	0.03237602	0.20561980	0.00098053	0.00000679	0.00337554	0.00000086	0.00040046
G[C>T]T	0.01682527	0.01360807	0.00584967	0.01911885	0.00335192	0.04986367	0.00581658	0.00161856	0.01160012	0.00000273	0.00141117	0.00119942
G[T>A]A	0.00047059	0.00490359	0.00014194	0.00272431	0.01633635	0.00161820	0.00052471	0.00058316	0.00126988	0.00014538	0.00014500	0.00000359
G[T>A]C	0.00015585	0.00658060	0.00021592	0.00093332	0.00615962	0.00213613	0.00047462	0.00037765	0.00164132	0.00041048	0.00015578	0.00286931
G[T>A]G	0.00048418	0.00817277	0.00003223	0.00165344	0.02040396	0.00173271	0.00084063	0.00060289	0.00002172	0.00037738	0.00004043	0.00036945
G[T>A]T	0.00034338	0.00882639	0.00012002	0.00020909	0.00963347	0.00267613	0.00013871	0.00102967	0.01596365	0.00129086	0.00025255	0.00470311
G[T>C]A	0.00001484	0.00856436	0.00013315	0.03952035	0.00400875	0.01509687	0.00039475	0.00005578	0.00005493	0.00001493	0.00056049	0.00034807
G[T>C]C	0.00000094	0.00709426	0.00019599	0.01719644	0.00097361	0.00175624	0.00163492	0.00165387	0.00029604	0.00144957	0.00031370	0.01487589
G[T>C]G	0.00013787	0.01023406	0.00002822	0.03313870	0.00309190	0.01207236	0.00165077	0.00078337	0.00021214	0.00080454	0.00062572	0.00501499
G[T>C]T	0.01315728	0.00002629	0.00005048	0.03660296	0.00133645	0.00519233	0.00000000	0.00007669	0.08902436	0.00082116	0.00005133	0.00308765
G[T>G]A	0.00007586	0.00529122	0.00014057	0.00140091	0.00090509	0.00143735	0.00021866	0.00006096	0.00208267	0.00041124	0.00015676	0.00046620
G[T>G]C	0.00011640	0.00334391	0.00011230	0.00081683	0.00037856	0.00125451	0.00001308	0.00004139	0.00152738	0.00719355	0.00003989	0.00013832
G[T>G]G	0.00122616	0.01035808	0.00001940	0.00267303	0.00300441	0.00098179	0.00134992	0.00252618	0.00476178	0.00162332	0.00047443	0.00114449
G[T>G]T	0.00150656	0.00339712	0.00001271	0.00039229	0.00030747	0.00267756	0.00016764	0.00029563	0.00753706	0.11272165	0.00000043	0.00714466
T[C>A]A	0.00134140	0.00888774	0.00003134	0.00062511	0.00452943	0.00574550	0.00028065	0.11406363	0.00692644	0.00004233	0.07566063	0.00157609
T[C>A]C	0.00173115	0.01430893	0.00022749	0.00148280	0.03456425	0.00357289	0.00219540	0.06421061	0.01186261	0.00000078	0.02935919	0.00005251
T[C>A]G	0.00009391	0.00057443	0.00000719	0.00224932	0.00628483	0.00022550	0.00019191	0.01792525	0.00000000	0.00017992	0.01135282	0.00017273
T[C>A]T	0.00053819	0.01161312	0.00055536	0.00470576	0.00107521	0.01571601	0.00148732	0.14922062	0.00357540	0.00274121	0.03528562	0.00201323
T[C>G]A	0.00007743	0.00052632	0.00000430	0.00204512	0.00312612	0.00103148	0.00002789	0.00087728	0.00244579	0.00017032	0.31537083	0.00290847
T[C>G]C	0.00047337	0.02028699	0.00000000	0.00014500	0.00791134	0.00234460	0.00009048	0.00292032	0.00305905	0.00000197	0.05941727	0.00121869
T[C>G]G	0.00017387	0.00110088	0.00000157	0.00148347	0.00113092	0.00078493	0.00013781	0.00174831	0.00017877	0.00010490	0.01430247	0.00018352
T[C>G]T	0.00000000	0.01323838	0.00081260	0.00179918	0.00215691	0.00458320	0.00103515	0.00249403	0.00889915	0.00145852	0.35990550	0.00000074
T[C>T]A	0.02137122	0.00249283	0.53910462	0.00231454	0.00343076	0.00200575	0.00158678	0.00373832	0.01034196	0.00010005	0.00481052	0.00232226
T[C>T]C	0.33985131	0.00355349	0.12625398	0.00019100	0.01036112	0.01157729	0.00000000	0.00010726	0.00901667	0.00076639	0.00009856	0.00303778
T[C>T]G	0.07583208	0.00000399	0.04658972	0.01204885	0.00180674	0.00498910	0.10604652	0.00091309	0.00012569	0.00077460	0.00031298	0.00098472
T[C>T]T	0.06514167	0.00990273	0.25478555	0.00957125	0.01199408	0.01220736	0.00007494	0.00030844	0.01695391	0.00051192	0.00327359	0.00169201
T[T>A]A	0.00101214	0.00576753	0.00002102	0.00546829	0.01203467	0.01016256	0.00724047	0.00704240	0.03272862	0.00204142	0.00038941	0.00018312
T[T>A]C	0.00098441	0.01173519	0.00002218	0.00046086	0.00699925	0.00186317	0.00000215	0.00115338	0.02650561	0.00008558	0.00039461	0.00550966
T[T>A]G	0.00048409	0.00644174	0.00000732	0.00367511	0.01450852	0.00299030	0.00024423	0.00069081	0.01336394	0.00001649	0.00034430	0.00152494
T[T>A]T	0.00039027	0.00546289	0.00159710	0.00552177	0.00739681	0.01403765	0.00177739	0.00219217	0.17932085	0.00133142	0.00005034	0.00033957
T[T>C]A	0.00579552	0.01050372	0.00000098	0.04611637	0.00316727	0.01222610	0.00000702	0.00007627	0.04809516	0.00055363	0.00023813	0.00223151
T[T>C]C	0.00108493	0.00833703	0.00003146	0.02245752	0.00002868	0.00734921	0.00296437	0.00289853	0.02070151	0.00101142	0.00036431	0.01499618
T[T>C]G	0.00184727	0.00624824	0.00002219	0.02916591	0.00101895	0.01299645	0.00014896	0.00254378	0.01641124	0.00160279	0.00053060	0.00246455
T[T>C]T	0.00207546	0.00648082	0.00005095	0.04340847	0.00033302	0.02748986	0.00286097	0.00000761	0.07340895	0.00066211	0.00066384	0.01828423
T[T>G]A	0.00002333	0.01106422	0.00015744	0.00184178	0.00045020	0.00827182	0.00002099	0.00015342	0.02593421	0.00004701	0.00018534	0.00082014
T[T>G]C	0.00046257	0.01357610	0.00002127	0.00185634	0.00004797	0.00584825	0.00083516	0.00118792	0.01326579	0.00873712	0.00047884	0.00117170
T[T>G]G	0.00029490	0.01308199	0.00000022	0.00374787	0.00305386	0.00538915	0.00134217	0.00084277	0.00645527	0.00429064	0.00047504	0.00179501
T[T>G]T	0.00009544	0.02360421	0.00013437	0.00463762	0.00002496	0.02395454	0.00272735	0.00320718	0.01858178	0.12849535	0.00025820	0.00845303
