MutationsType	SBS96A	SBS96B	SBS96C	SBS96D	SBS96E	SBS96F	SBS96G	SBS96H	SBS96I	SBS96J	SBS96K	SBS96L	SBS96M	SBS96N	SBS96O	SBS96P	SBS96Q
A[C>A]A	0.04206371	0.00785487	0.04818764	0.02123772	0.00002060	0.00077778	0.00059519	0.00151006	0.00003959	0.05553217	0.00060564	0.00204712	0.00100737	0.00440968	0.00364280	0.00043315	0.00005208
A[C>A]C	0.01487467	0.00844282	0.03876916	0.02237074	0.00009333	0.00166285	0.00010079	0.00037680	0.00061208	0.01643153	0.00089205	0.00143422	0.00065223	0.00024797	0.00300733	0.00123565	0.00089902
A[C>A]G	0.00287550	0.00245283	0.01809850	0.00043563	0.00002906	0.00009317	0.00011279	0.00012466	0.00020417	0.00104631	0.00004887	0.00006866	0.00012647	0.00011973	0.00078470	0.00048152	0.00000133
A[C>A]T	0.01868297	0.00302424	0.03493001	0.01311767	0.00020298	0.00080324	0.00023638	0.00058024	0.00035099	0.02237272	0.00679586	0.00021102	0.00025733	0.00096447	0.00412465	0.00420156	0.00349193
A[C>G]A	0.01594314	0.00739754	0.00674150	0.03021081	0.00006479	0.00233876	0.00026593	0.00000000	0.00022581	0.00100497	0.00480796	0.00064342	0.00354711	0.00060067	0.00674695	0.00138391	0.00422799
A[C>G]C	0.01242540	0.00331187	0.00244526	0.01814234	0.00000701	0.00099295	0.00009174	0.00001657	0.00015438	0.00356852	0.00169622	0.00044637	0.00087936	0.00038641	0.00215564	0.00262170	0.00323499
A[C>G]G	0.00385796	0.00136144	0.00129041	0.00000000	0.00001161	0.00002493	0.00005101	0.00062908	0.00000348	0.00233484	0.00050426	0.00047682	0.00030530	0.00023965	0.00081872	0.00071441	0.00128221
A[C>G]T	0.02210325	0.00588620	0.00284093	0.02482703	0.00003768	0.00168365	0.00009072	0.00007858	0.00031613	0.00557142	0.00513756	0.00034951	0.00435389	0.00212862	0.00516278	0.00384179	0.00452661
A[C>T]A	0.02973453	0.02917081	0.00780151	0.01072259	0.00000289	0.02573526	0.00177591	0.00098408	0.00064641	0.00698008	0.08983434	0.00248991	0.00869831	0.00154249	0.02501652	0.00328500	0.00749429
A[C>T]C	0.01690007	0.01433716	0.00348786	0.01454054	0.02271879	0.00601611	0.00008693	0.03892092	0.00196042	0.00409111	0.02138640	0.00251556	0.00017717	0.00762504	0.00867609	0.00328743	0.00129987
A[C>T]G	0.00548368	0.00031761	0.00217587	0.00798679	0.00000895	0.36444097	0.00625184	0.00040815	0.00006955	0.00059184	0.00110083	0.00000000	0.00000000	0.00021001	0.00041342	0.00126110	0.00030923
A[C>T]T	0.02563383	0.01891132	0.00273186	0.01208111	0.00876587	0.01055170	0.00088376	0.01224770	0.00379490	0.00901794	0.02946629	0.00116088	0.00044915	0.00743703	0.01357854	0.02710199	0.00693793
A[T>A]A	0.00912589	0.00767503	0.00561964	0.00305393	0.00255798	0.00138054	0.00006024	0.00216065	0.00023394	0.00118389	0.00504946	0.00102386	0.00001219	0.01327141	0.04123887	0.00046434	0.00213212
A[T>A]C	0.00549760	0.00821842	0.00325041	0.00952272	0.00042613	0.00354261	0.00024209	0.00045415	0.00117710	0.00040169	0.00284015	0.00063761	0.00039895	0.00300952	0.00918636	0.00164667	0.00121784
A[T>A]G	0.00953538	0.00877797	0.00927083	0.01117169	0.00066694	0.00158755	0.00011075	0.00168338	0.00012097	0.00188663	0.00200152	0.00023957	0.00111174	0.00017518	0.04094816	0.00299374	0.00111760
A[T>A]T	0.00620717	0.00159451	0.00413743	0.00065786	0.00401561	0.00031989	0.00043365	0.00838528	0.00003214	0.00398915	0.02884946	0.00123289	0.00083815	0.06536717	0.00221926	0.03204418	0.03739955
A[T>C]A	0.03174709	0.08426632	0.00598198	0.01430758	0.00029376	0.00201763	0.00016979	0.00076010	0.00091883	0.00081924	0.02459489	0.00028713	0.00223037	0.00046154	0.04411443	0.00494090	0.00065587
A[T>C]C	0.01061049	0.02937197	0.00006634	0.00812544	0.00004881	0.00357754	0.00015143	0.00024239	0.00058697	0.00253977	0.00436776	0.01201432	0.00029528	0.00036998	0.00425448	0.00479484	0.00032972
A[T>C]G	0.02537185	0.06869387	0.00448625	0.00990634	0.00001748	0.00062613	0.00000122	0.00126743	0.00058548	0.00317644	0.03510672	0.00092084	0.00059117	0.00025924	0.02160096	0.00989983	0.00008017
A[T>C]T	0.02951022	0.06542504	0.00050519	0.01924210	0.00052234	0.00674291	0.00023490	0.00210606	0.00085567	0.00537921	0.00461977	0.00937035	0.00204447	0.00236901	0.01796749	0.04793481	0.00430897
A[T>G]A	0.01134845	0.00303782	0.00083218	0.00408457	0.00041060	0.00003084	0.00151113	0.00003147	0.00065066	0.00072401	0.00058194	0.00084684	0.00002393	0.01097122	0.00221224	0.00346570	0.00983622
A[T>G]C	0.01124735	0.00111721	0.00011451	0.00236353	0.00016543	0.00032141	0.00463667	0.00103388	0.00019501	0.00063690	0.00031082	0.00056816	0.00000500	0.00064069	0.00043833	0.00286178	0.01203030
A[T>G]G	0.01340133	0.00697310	0.00079553	0.00827096	0.00021266	0.00076383	0.00095469	0.00151837	0.00024922	0.00283900	0.00143533	0.00094290	0.00000961	0.00040399	0.00674579	0.00970946	0.00799815
A[T>G]T	0.02523304	0.00001205	0.00002341	0.00059088	0.00031699	0.00000000	0.06651896	0.00023582	0.00000309	0.00019206	0.00107082	0.01182206	0.00014961	0.00000000	0.00024578	0.01259275	0.06988432
C[C>A]A	0.01511709	0.00022056	0.09206906	0.02395610	0.00051236	0.00001702	0.00018936	0.00132560	0.00010295	0.08243568	0.00002100	0.00003057	0.00139118	0.00000000	0.00081601	0.01367395	0.00437358
C[C>A]C	0.00528155	0.00031950	0.09737941	0.02567399	0.00018041	0.00157230	0.00004094	0.00099256	0.00026111	0.01006354	0.02716582	0.00133977	0.00049145	0.00177234	0.00374553	0.00364016	0.00016576
C[C>A]G	0.00023292	0.00355083	0.02895861	0.00040077	0.00000479	0.00020285	0.00002690	0.00033161	0.00000000	0.01206400	0.00377227	0.00032927	0.00000000	0.00158093	0.00201818	0.00060506	0.00000632
C[C>A]T	0.00603295	0.00000000	0.08670351	0.00341832	0.00010106	0.00000748	0.00000542	0.00138295	0.00034317	0.02730758	0.08155350	0.00000011	0.00000000	0.01265988	0.00033717	0.00070531	0.00003124
C[C>G]A	0.00720615	0.00433034	0.00889143	0.02989817	0.00000190	0.00018004	0.00013116	0.00043252	0.00002154	0.00000000	0.00124903	0.00070038	0.00633812	0.00000572	0.00357934	0.00163530	0.00023368
C[C>G]C	0.01311505	0.00718209	0.00751726	0.02104831	0.00001214	0.00052079	0.00008835	0.00112493	0.00035202	0.00317992	0.00172418	0.00002217	0.00065453	0.00174547	0.00622135	0.00051993	0.00000701
C[C>G]G	0.00206415	0.00250842	0.00341330	0.00176219	0.00002990	0.00042666	0.00000009	0.00071363	0.00023562	0.00460577	0.00032073	0.00051412	0.00006581	0.00023462	0.00295093	0.00134083	0.00000485
C[C>G]T	0.01945534	0.00630050	0.00696536	0.03286129	0.00006341	0.00002726	0.00006916	0.00070215	0.00004474	0.00374220	0.00169525	0.00003163	0.00662274	0.00435661	0.00264001	0.00064816	0.00243905
C[C>T]A	0.02422504	0.01039248	0.01399611	0.01433963	0.06287192	0.00371777	0.00043502	0.11815821	0.00033503	0.00732839	0.00475802	0.00164979	0.00002834	0.00499882	0.00473816	0.04640210	0.00489441
C[C>T]C	0.01508694	0.00927066	0.01182662	0.01736186	0.06329405	0.00018804	0.00009940	0.20639773	0.00000000	0.00251642	0.00522679	0.00178368	0.00003245	0.00566635	0.00489895	0.00056261	0.00010123
C[C>T]G	0.00404158	0.01267259	0.00248057	0.00399421	0.00665636	0.18707656	0.00693825	0.02419060	0.00360985	0.01560980	0.01532995	0.00230663	0.00252084	0.00928947	0.01378600	0.00450705	0.01246387
C[C>T]T	0.02340241	0.01262235	0.01843170	0.02496190	0.07071924	0.00033880	0.00027887	0.14134301	0.00060806	0.00176905	0.00772763	0.00209411	0.00070204	0.02525184	0.00868215	0.00734242	0.00075261
C[T>A]A	0.00000271	0.00180694	0.00624678	0.00712137	0.00020330	0.00003978	0.00002675	0.00057721	0.00013747	0.00012033	0.00045545	0.00011482	0.00012696	0.00339897	0.07008026	0.00186029	0.00015208
C[T>A]C	0.00589359	0.00240091	0.00751966	0.02023728	0.00002594	0.00003168	0.00183652	0.00066179	0.00038693	0.00179743	0.00275703	0.03883538	0.00017360	0.01441193	0.04195516	0.00012687	0.00057351
C[T>A]G	0.00131581	0.00124399	0.02235992	0.01038961	0.00007941	0.00059171	0.00035168	0.00034530	0.00010564	0.00028796	0.00072967	0.01147560	0.00037297	0.00022175	0.11558810	0.00181478	0.00083977
C[T>A]T	0.00628924	0.00000000	0.00898764	0.01096096	0.00029249	0.00001140	0.00725426	0.00000000	0.00031061	0.00067345	0.00001946	0.07232531	0.00042490	0.04751150	0.03699267	0.00019337	0.00001532
C[T>C]A	0.01479408	0.02808056	0.00519500	0.00790199	0.00052606	0.00035795	0.00034674	0.00108043	0.00006507	0.00000169	0.01359107	0.01081304	0.00015243	0.00756554	0.00552168	0.00967976	0.00265722
C[T>C]C	0.00666513	0.01952594	0.00176460	0.01234425	0.00022881	0.00264015	0.00183952	0.00056256	0.00000961	0.00273439	0.00242160	0.17515163	0.00000948	0.00004133	0.00130469	0.00014771	0.00334311
C[T>C]G	0.01181315	0.03294042	0.00537353	0.00575594	0.00000052	0.00055869	0.00186148	0.00037965	0.00022520	0.00001022	0.03364845	0.09358125	0.00024419	0.00044668	0.01012406	0.00179792	0.00128036
C[T>C]T	0.00110726	0.01703082	0.00077924	0.00123268	0.00167014	0.00004785	0.00788297	0.00773364	0.00031458	0.00427135	0.00597956	0.41644700	0.00013645	0.02667859	0.00291162	0.03162510	0.00030087
C[T>G]A	0.00384419	0.00197859	0.00046726	0.00684301	0.00009922	0.00005007	0.00199585	0.00037798	0.00001841	0.00006166	0.00074748	0.00040882	0.00005358	0.00341951	0.00350169	0.00094124	0.01151302
C[T>G]C	0.00578722	0.00295355	0.00005029	0.00993582	0.00002088	0.00049311	0.03093726	0.00094780	0.00034908	0.00223277	0.00299143	0.00173135	0.00017691	0.00549959	0.00188661	0.00012473	0.01268712
C[T>G]G	0.00611741	0.00408977	0.00288227	0.01618316	0.00000060	0.00033695	0.01378352	0.00108661	0.00000015	0.00327709	0.00405734	0.00029666	0.00023522	0.00132184	0.00755086	0.00024813	0.00698865
C[T>G]T	0.00079378	0.00295275	0.00072477	0.00186721	0.00000000	0.00068682	0.54941207	0.00000020	0.00000000	0.00200730	0.00000827	0.00154106	0.00000000	0.00236827	0.00380163	0.00002435	0.01561121
G[C>A]A	0.01236180	0.00750709	0.02655891	0.00530824	0.00000000	0.00105025	0.00113771	0.00049682	0.00019534	0.14118662	0.00116707	0.00267847	0.00047550	0.00014503	0.00553198	0.00073606	0.00593959
G[C>A]C	0.00933947	0.01069287	0.04333160	0.01102192	0.00019109	0.00038544	0.00000461	0.00000046	0.00019835	0.01703042	0.00444396	0.00076630	0.00021166	0.00001923	0.00339342	0.00119100	0.00011972
G[C>A]G	0.00187430	0.00329164	0.01776274	0.00004647	0.00001468	0.00076946	0.00008596	0.00000715	0.00009109	0.00803247	0.00043610	0.00019756	0.00005472	0.00000000	0.00100966	0.00031528	0.00055581
G[C>A]T	0.00878226	0.00519608	0.01861469	0.01042381	0.00000000	0.00000303	0.00043882	0.00000000	0.00000000	0.08047252	0.01076960	0.00000921	0.00015968	0.00009564	0.00127802	0.00060659	0.00332714
G[C>G]A	0.00468161	0.00268611	0.00595236	0.01959204	0.00001020	0.00028110	0.00002132	0.00001119	0.00009735	0.00044274	0.00085504	0.00099200	0.00144472	0.00011410	0.00303874	0.00037514	0.00066593
G[C>G]C	0.00672178	0.00368454	0.00656079	0.01284614	0.00000313	0.00073902	0.00000832	0.00034435	0.00011125	0.00052772	0.00208612	0.00134354	0.00049513	0.00063418	0.00425312	0.00015844	0.00248096
G[C>G]G	0.00118381	0.00103175	0.00385931	0.00338028	0.00002396	0.00033677	0.00004709	0.00038947	0.00002958	0.00028476	0.00030020	0.00009418	0.00020765	0.00014416	0.00102597	0.00055114	0.00002641
G[C>G]T	0.00766248	0.00530087	0.00279459	0.02231511	0.00000116	0.00031258	0.00000314	0.00029903	0.00014584	0.00090685	0.00254484	0.00062448	0.00296661	0.00117763	0.00445079	0.00106872	0.00130018
G[C>T]A	0.01718744	0.01575000	0.00259055	0.01808397	0.00007325	0.00408423	0.00023602	0.00027525	0.00012306	0.00719198	0.08454927	0.00244492	0.00774772	0.00003258	0.01049767	0.00085177	0.00608108
G[C>T]C	0.01255699	0.01695930	0.00293872	0.01258535	0.01358062	0.00200951	0.00009795	0.02838072	0.00168199	0.00497038	0.07394187	0.00002604	0.00036532	0.00034927	0.01265673	0.00194254	0.00673656
G[C>T]G	0.00000000	0.00604370	0.00000161	0.00002723	0.00000000	0.21327817	0.00712665	0.00000000	0.00000000	0.01326244	0.05394246	0.00145116	0.00216738	0.00000000	0.00478547	0.00002061	0.01461938
G[C>T]T	0.01666757	0.01227097	0.00245884	0.00770138	0.02304289	0.00065979	0.00003077	0.00494915	0.00068594	0.00351351	0.06660670	0.00115128	0.00194838	0.00148879	0.01115963	0.03942774	0.00399486
G[T>A]A	0.00221560	0.00261242	0.00680876	0.00853828	0.00040338	0.00011154	0.00015490	0.00035166	0.00043623	0.00109431	0.00176765	0.00008266	0.00000000	0.00165918	0.02782420	0.00004014	0.00116083
G[T>A]C	0.00339402	0.00191212	0.00276453	0.01065832	0.00023475	0.00003097	0.00033872	0.00011403	0.00018393	0.00211043	0.00259518	0.00287185	0.00021872	0.00262485	0.00774406	0.00021873	0.00067152
G[T>A]G	0.00310663	0.00246841	0.01378098	0.01574574	0.00022649	0.00008107	0.00018796	0.00049228	0.00023704	0.00062408	0.00277124	0.00059008	0.00005745	0.00000899	0.01833884	0.00126715	0.00060338
G[T>A]T	0.00405608	0.00049142	0.00531148	0.01591367	0.00035108	0.00015572	0.00156436	0.00008693	0.00013408	0.00288062	0.00347933	0.00487309	0.00063414	0.02062584	0.00451640	0.00777265	0.00071472
G[T>C]A	0.00487797	0.03854771	0.00280414	0.01070354	0.00009743	0.00029262	0.00002392	0.00005918	0.00007594	0.00003937	0.02274911	0.00029069	0.00012525	0.00000183	0.00323079	0.00092859	0.00162864
G[T>C]C	0.00511000	0.01808522	0.00056861	0.00688476	0.00009995	0.00203342	0.00096308	0.00000444	0.00002950	0.00280847	0.00156809	0.01421224	0.00024322	0.00012117	0.00397644	0.00205420	0.00108734
G[T>C]G	0.00482122	0.03055837	0.00183567	0.01269384	0.00002622	0.00140715	0.00113810	0.00039105	0.00006163	0.00495533	0.01851344	0.00368289	0.00020842	0.00023854	0.00588185	0.00263821	0.00134054
G[T>C]T	0.00214168	0.01860503	0.00004228	0.00277437	0.00033005	0.00003282	0.00054753	0.00746992	0.00036289	0.00244065	0.00890208	0.00525408	0.00000001	0.00572660	0.00189127	0.27464772	0.00248047
G[T>G]A	0.00328800	0.00227847	0.00026774	0.00687396	0.00008391	0.00016080	0.00034029	0.00020987	0.00009088	0.00077153	0.00053321	0.00074164	0.00003152	0.00251911	0.00233982	0.00016986	0.00075583
G[T>G]C	0.00362442	0.00134901	0.00008061	0.00306504	0.00009670	0.00010480	0.00598358	0.00035987	0.00016586	0.00012975	0.00042094	0.00027705	0.00014078	0.00130222	0.00131735	0.00005412	0.00021792
G[T>G]G	0.00392183	0.00343916	0.00160622	0.01656941	0.00024726	0.00065512	0.00150042	0.00281269	0.00014633	0.00698586	0.00129061	0.00075478	0.00120148	0.00570436	0.00323322	0.00407525	0.00205170
G[T>G]T	0.00242475	0.00004197	0.00000756	0.00553460	0.00109749	0.00029892	0.12062109	0.00183874	0.00004438	0.00099085	0.00272665	0.00600391	0.00011634	0.00663676	0.00005736	0.00651496	0.00122074
T[C>A]A	0.03290104	0.00008651	0.04034056	0.00056885	0.00039071	0.00003516	0.00004556	0.00211549	0.00040986	0.08614345	0.00098824	0.00024662	0.07786852	0.00156175	0.00252027	0.01053452	0.00339505
T[C>A]C	0.02476912	0.00316123	0.05117726	0.01476368	0.00044011	0.00219898	0.00015710	0.00338756	0.00029102	0.04798665	0.00261892	0.00072539	0.03102632	0.01295367	0.00216431	0.00846673	0.00000000
T[C>A]G	0.00308938	0.00186906	0.01193577	0.00009703	0.00000692	0.00054221	0.00001681	0.00020494	0.00001058	0.01496303	0.00005842	0.00006354	0.01119854	0.00000120	0.00132636	0.00033032	0.00000000
T[C>A]T	0.02519623	0.00276862	0.03395968	0.00381512	0.00045972	0.00182239	0.00280352	0.00085857	0.00090258	0.15618572	0.01793163	0.00107785	0.03495778	0.00342215	0.01131188	0.00083563	0.00407182
T[C>G]A	0.00122961	0.00350918	0.00154969	0.01263019	0.00000000	0.00003577	0.00011164	0.00006247	0.00001877	0.00163346	0.00136013	0.00344244	0.29979135	0.00146255	0.00402287	0.00379453	0.00112431
T[C>G]C	0.01579469	0.00395003	0.00523856	0.02799101	0.00000123	0.00023728	0.00000377	0.00142795	0.00001288	0.00398508	0.00139935	0.00062844	0.06630669	0.00460069	0.00237146	0.00025181	0.00476158
T[C>G]G	0.00201105	0.00167849	0.00220449	0.00010676	0.00000078	0.00015726	0.00002951	0.00028715	0.00003973	0.00118585	0.00036330	0.00045465	0.01396771	0.00000000	0.00085981	0.00107717	0.00002532
T[C>G]T	0.01194905	0.00876265	0.00044597	0.02329769	0.00046652	0.00213016	0.00143987	0.00004499	0.00001654	0.00009292	0.00248649	0.00069598	0.38354902	0.01305352	0.01034789	0.00003941	0.00475415
T[C>T]A	0.02814851	0.00587068	0.00262499	0.00038234	0.13168461	0.00126493	0.00001077	0.00000000	0.56268417	0.00847364	0.00014209	0.00017415	0.00206391	0.01857585	0.00727093	0.00014099	0.00116997
T[C>T]C	0.01188611	0.00000000	0.00678768	0.00018468	0.45523247	0.00000007	0.00002153	0.16351596	0.07473722	0.00000000	0.00006171	0.00000000	0.00221255	0.01490445	0.01372106	0.08842732	0.00000732
T[C>T]G	0.00000000	0.01109811	0.00000000	0.00026012	0.09508483	0.10171900	0.00351819	0.05763224	0.04375460	0.01155119	0.00166000	0.00042873	0.00107013	0.00000000	0.00641985	0.00290628	0.00210224
T[C>T]T	0.02054371	0.01091860	0.00669946	0.00195764	0.02197024	0.00000119	0.00042937	0.11356067	0.28738953	0.00006745	0.00295593	0.00153494	0.00359327	0.00116085	0.04177817	0.03819371	0.00629590
T[T>A]A	0.00266197	0.00335833	0.00348389	0.00356337	0.00015035	0.00827614	0.00070176	0.00219447	0.00001427	0.00990107	0.00541254	0.00053653	0.00028176	0.02402434	0.04644435	0.01344161	0.06815009
T[T>A]C	0.01178273	0.00340310	0.00254137	0.01124422	0.00026359	0.00004103	0.00023210	0.00201011	0.00015042	0.00170937	0.00003175	0.00542076	0.00035272	0.03720443	0.01317032	0.00112394	0.00475011
T[T>A]G	0.00560196	0.00368912	0.00719923	0.00546998	0.00000061	0.00041386	0.00000213	0.00146898	0.00000000	0.00091351	0.00085011	0.00154871	0.00007832	0.01368148	0.03181702	0.00450207	0.00385428
T[T>A]T	0.01247854	0.00335872	0.00468268	0.00174166	0.00033727	0.00220739	0.00148695	0.00015346	0.00144552	0.00129094	0.01281888	0.00247540	0.00008058	0.25894153	0.00773467	0.02591707	0.00618865
T[T>C]A	0.00227540	0.04427123	0.00117986	0.01397940	0.00236310	0.00020464	0.00057706	0.00429694	0.00025189	0.00003125	0.01999526	0.00107540	0.00000451	0.03963300	0.00638439	0.06888388	0.02371113
T[T>C]C	0.00509468	0.02429067	0.00000056	0.00848810	0.00062438	0.00477983	0.00090227	0.00129012	0.00000249	0.00462494	0.00990480	0.01433080	0.00007788	0.02566940	0.00033116	0.01253426	0.01015116
T[T>C]G	0.00395007	0.02580107	0.00099177	0.00580566	0.00006238	0.00046203	0.00099819	0.00365785	0.00004415	0.00258367	0.01721025	0.00212045	0.00000480	0.01575057	0.00691788	0.02123523	0.01113450
T[T>C]T	0.00038639	0.03754598	0.00009084	0.01051957	0.00085488	0.00491345	0.00045307	0.00298539	0.00024945	0.00043914	0.03149732	0.01948085	0.00054137	0.09218319	0.00313221	0.03473813	0.00918133
T[T>G]A	0.00706982	0.00346589	0.00004106	0.00880676	0.00012862	0.00025837	0.00000000	0.00048573	0.00003994	0.00001049	0.00001112	0.00000000	0.00031562	0.02284784	0.00353645	0.00006256	0.05618223
T[T>G]C	0.01575100	0.00488493	0.00000040	0.00664069	0.00001910	0.00060692	0.00875846	0.00125190	0.00010057	0.00124040	0.00078287	0.00000765	0.00031305	0.01710437	0.00212307	0.00054487	0.03755422
T[T>G]G	0.01189677	0.00485479	0.00178015	0.01162560	0.00000190	0.00134197	0.00453037	0.00093396	0.00004393	0.00069253	0.00231428	0.00142472	0.00000348	0.00863613	0.00684060	0.00058795	0.01923715
T[T>G]T	0.00243110	0.00459212	0.00017271	0.00935181	0.00000680	0.00092170	0.11876759	0.00022441	0.00023758	0.00023113	0.00712792	0.00541774	0.00000000	0.01759865	0.00308712	0.00043809	0.40023209
