MutationsType	SBS96A	SBS96B	SBS96C	SBS96D	SBS96E	SBS96F	SBS96G	SBS96H	SBS96I	SBS96J	SBS96K	SBS96L	SBS96M	SBS96N	SBS96O	SBS96P	SBS96Q	SBS96R
A[C>A]A	0.00009907	0.00014465	0.00491497	0.01255290	0.04718575	0.03810827	0.02644360	0.00116192	0.00073754	0.00155425	0.00066675	0.05339596	0.00191298	0.00480257	0.00323913	0.00887405	0.00000000	0.00740718
A[C>A]C	0.00015687	0.00038421	0.00166835	0.01374122	0.03963027	0.01389556	0.02261124	0.00234285	0.00032159	0.00153501	0.00012153	0.01441995	0.00078050	0.00103354	0.00117641	0.00392601	0.00491116	0.00154455
A[C>A]G	0.00006523	0.00010118	0.00023120	0.00279045	0.01857765	0.00409125	0.00049042	0.00001983	0.00007561	0.00020476	0.00004284	0.00181489	0.00024499	0.00031386	0.00018759	0.00037475	0.00050947	0.00035323
A[C>A]T	0.00023093	0.00035541	0.00165247	0.00676662	0.03398997	0.01889366	0.01503014	0.00098597	0.00004776	0.00634229	0.00049490	0.02369256	0.00036965	0.00219287	0.00054079	0.00571917	0.00318228	0.00274572
A[C>G]A	0.00004271	0.00022101	0.00023243	0.01420822	0.00752656	0.01367483	0.03086126	0.00198647	0.00194538	0.00461614	0.00011412	0.00111022	0.00399666	0.00086511	0.00074233	0.00150758	0.01055972	0.00184116
A[C>G]C	0.00001160	0.00019009	0.00046290	0.00783447	0.00302710	0.01139910	0.01871827	0.00127301	0.00063688	0.00128953	0.00004821	0.00210186	0.00107321	0.00050131	0.00056952	0.00252411	0.00367553	0.00078665
A[C>G]G	0.00006662	0.00005475	0.00061164	0.00287680	0.00137297	0.00449682	0.00001042	0.00016641	0.00013120	0.00032645	0.00000725	0.00159273	0.00026063	0.00004714	0.00033172	0.00112113	0.00223982	0.00027293
A[C>G]T	0.00007441	0.00031477	0.00069407	0.01442215	0.00366146	0.02013027	0.02733015	0.00111102	0.00123995	0.00501300	0.00031384	0.00290757	0.00413033	0.00199574	0.00020775	0.00340599	0.01054906	0.00116698
A[C>T]A	0.00003651	0.00098570	0.00178714	0.06221325	0.00802050	0.03066008	0.01277053	0.02624017	0.00049013	0.09378408	0.00054848	0.00316324	0.00753387	0.00190137	0.00216140	0.00443000	0.00306705	0.00539416
A[C>T]C	0.02307852	0.00151197	0.03508325	0.02967226	0.00409746	0.01562242	0.01583003	0.00713657	0.00086505	0.02030161	0.00005152	0.00177891	0.00019832	0.00742932	0.00190695	0.00245547	0.00406779	0.00175562
A[C>T]G	0.00000411	0.00001360	0.00152677	0.00066002	0.00136306	0.00178742	0.01046545	0.35775299	0.00016315	0.01255075	0.00051159	0.00089315	0.00033108	0.00090159	0.00117331	0.00570082	0.00308573	0.00102708
A[C>T]T	0.00895955	0.00245841	0.01070177	0.03906738	0.00377997	0.02598200	0.01472554	0.01025106	0.00054835	0.03344710	0.00015899	0.00452077	0.00059394	0.01049044	0.00138499	0.02691444	0.00439946	0.00328104
A[T>A]A	0.00237293	0.00025801	0.00593526	0.00865008	0.00445968	0.00910717	0.00118533	0.00049713	0.00226089	0.00517522	0.00005536	0.00140978	0.00004143	0.01139266	0.00079057	0.00541393	0.01337748	0.06656385
A[T>A]C	0.00052809	0.00114563	0.00234277	0.01111972	0.00273013	0.00443036	0.00989136	0.00208086	0.00315719	0.00350335	0.00027377	0.00050615	0.00018380	0.00359145	0.00082865	0.00329484	0.00251820	0.01418347
A[T>A]G	0.00070746	0.00030644	0.00282307	0.01391645	0.00893182	0.00984066	0.00986122	0.00101472	0.00103146	0.00162926	0.00005789	0.00176647	0.00070847	0.00037119	0.00019016	0.00486337	0.00082785	0.05598908
A[T>A]T	0.00461490	0.00009066	0.02316409	0.00024897	0.00080293	0.01199422	0.00062090	0.00001122	0.00028195	0.02811511	0.00080778	0.00402803	0.00051321	0.05807983	0.00135281	0.05138236	0.02370443	0.03856677
A[T>C]A	0.00038398	0.00132593	0.00109805	0.06672559	0.00621263	0.02939198	0.00738710	0.00111890	0.09131367	0.01754155	0.00007405	0.00063236	0.00292143	0.00085898	0.00016023	0.00405866	0.01636407	0.02645504
A[T>C]C	0.00021250	0.00032764	0.00069764	0.01317807	0.00042522	0.01038644	0.00537772	0.00329176	0.04065126	0.00071587	0.00017273	0.00156134	0.00040990	0.00045695	0.01247923	0.00356466	0.01011478	0.00212013
A[T>C]G	0.00008129	0.00114434	0.00158786	0.05460009	0.00420889	0.02469236	0.00372312	0.00000000	0.07830119	0.02559129	0.00000000	0.00041335	0.00130640	0.00231881	0.00079827	0.00720682	0.00433632	0.01138738
A[T>C]T	0.00056155	0.00132003	0.00275871	0.05907961	0.00091903	0.02723482	0.01700573	0.00550138	0.05955867	0.00047426	0.00046499	0.00296200	0.00166858	0.00662359	0.00735608	0.03955757	0.03069051	0.00445110
A[T>G]A	0.00047263	0.00033765	0.00026218	0.00066199	0.00106847	0.00747424	0.00388990	0.00012798	0.00222916	0.00036371	0.00129606	0.00050021	0.00010679	0.00963370	0.00083590	0.00326530	0.06358731	0.00050617
A[T>G]C	0.00030883	0.00011314	0.00131493	0.00169626	0.00006786	0.01340447	0.00312744	0.00024646	0.00180360	0.00039345	0.00454657	0.00061008	0.00005550	0.00095841	0.00102120	0.00283616	0.01011197	0.00032648
A[T>G]G	0.00035574	0.00021811	0.00173336	0.01266167	0.00115568	0.01318178	0.00896348	0.00045977	0.00242747	0.00135805	0.00098227	0.00129093	0.00021714	0.00133644	0.00096992	0.00898691	0.00803796	0.00337807
A[T>G]T	0.00033274	0.00014813	0.00342419	0.00058772	0.00001044	0.03360389	0.00183978	0.00002320	0.00307317	0.00199717	0.06977337	0.00092138	0.00032619	0.00064486	0.01352405	0.01429158	0.02601913	0.00070412
C[C>A]A	0.00043508	0.00021580	0.00533494	0.00081692	0.09046437	0.01169345	0.02438740	0.00119810	0.00079764	0.00000000	0.00030133	0.08394630	0.00136027	0.00304202	0.00106324	0.01831904	0.00574036	0.00188975
C[C>A]C	0.00028605	0.00016022	0.00195611	0.00063667	0.09191443	0.00777183	0.02800431	0.00103884	0.00040242	0.02874205	0.00005194	0.01896278	0.00103907	0.00296838	0.00140781	0.00341429	0.00157562	0.00281279
C[C>A]G	0.00001140	0.00002314	0.00095764	0.00530270	0.02794496	0.00003179	0.00012585	0.00016345	0.00037464	0.00388330	0.00000423	0.01189778	0.00004562	0.00192100	0.00025811	0.00177383	0.00151877	0.00005575
C[C>A]T	0.00036942	0.00033218	0.00178666	0.00000000	0.07841888	0.00788438	0.00685192	0.00000000	0.00044673	0.08040011	0.00016824	0.04618292	0.00001581	0.01319001	0.00047020	0.00045250	0.00057927	0.00010146
C[C>G]A	0.00001232	0.00012718	0.00055776	0.00995743	0.00882050	0.00336923	0.03094696	0.00000111	0.00043677	0.00148886	0.00017297	0.00014258	0.00577146	0.00028524	0.00021576	0.00140615	0.00157300	0.00172794
C[C>G]C	0.00009782	0.00052153	0.00111019	0.01550735	0.00775488	0.01050246	0.02243507	0.00001035	0.00029314	0.00194750	0.00005518	0.00129304	0.00085277	0.00233338	0.00021941	0.00081073	0.00175996	0.00151843
C[C>G]G	0.00010330	0.00010551	0.00101541	0.00457865	0.00376130	0.00187482	0.00185620	0.00053395	0.00005359	0.00042610	0.00001253	0.00299196	0.00052603	0.00038121	0.00039456	0.00185493	0.00028986	0.00042405
C[C>G]T	0.00009269	0.00029162	0.00137289	0.01334408	0.00759676	0.01466373	0.03578416	0.00000597	0.00062539	0.00199751	0.00018454	0.00257121	0.00655552	0.00411193	0.00011833	0.00115318	0.00422494	0.00122841
C[C>T]A	0.06525686	0.00399796	0.09817288	0.02132154	0.01378591	0.02752910	0.01762245	0.00244408	0.00131854	0.00636608	0.00043886	0.00725293	0.00000049	0.00502078	0.00116928	0.02974322	0.00436868	0.00208575
C[C>T]C	0.07657110	0.00003060	0.16662529	0.01278438	0.01247255	0.01964040	0.02213701	0.00041874	0.00156072	0.00584801	0.00003328	0.00277540	0.00121861	0.00479853	0.00164798	0.00472535	0.00595854	0.00278394
C[C>T]G	0.00862050	0.00253136	0.02252670	0.02858937	0.00361674	0.00138186	0.00410335	0.19687165	0.00008288	0.01697400	0.00090484	0.00449518	0.00212730	0.00895908	0.00288887	0.00819634	0.00417467	0.00139553
C[C>T]T	0.07509632	0.00125902	0.11303001	0.02543365	0.01784711	0.02616712	0.02798484	0.00007554	0.00151445	0.00846937	0.00011335	0.00230873	0.00148721	0.01934712	0.00183044	0.00222696	0.01109775	0.00219172
C[T>A]A	0.00019659	0.00017037	0.00156687	0.00047009	0.00693915	0.00000000	0.00299240	0.00000411	0.00070041	0.00056858	0.00006036	0.00000114	0.00015275	0.00257879	0.00005729	0.00227972	0.00281237	0.10198821
C[T>A]C	0.00023248	0.00029531	0.00097126	0.00240132	0.00957354	0.00351738	0.02260516	0.00021462	0.00233110	0.00348502	0.00209381	0.00185975	0.00035259	0.01183471	0.03960633	0.00088176	0.00012979	0.04722967
C[T>A]G	0.00008345	0.00017933	0.00046570	0.00027585	0.02503694	0.00110161	0.00746495	0.00043457	0.00058332	0.00133937	0.00067560	0.00163289	0.00017485	0.00010997	0.01195110	0.00109635	0.00195513	0.12851999
C[T>A]T	0.00027328	0.00012803	0.00006234	0.00004096	0.00869331	0.00638680	0.01239278	0.00013847	0.00000000	0.00001916	0.00736026	0.00115942	0.00043967	0.04475478	0.07102919	0.00099459	0.00000885	0.05322874
C[T>C]A	0.00044280	0.00057769	0.00148427	0.00483506	0.00515335	0.01732090	0.00241437	0.00000006	0.05460794	0.01031014	0.00053093	0.00000512	0.00033062	0.00740985	0.01087648	0.00794717	0.01320470	0.00661652
C[T>C]C	0.00019509	0.00013401	0.00091643	0.00077575	0.00216332	0.00653214	0.01036989	0.00222485	0.04513964	0.00001114	0.00584286	0.00172738	0.00020515	0.00014023	0.17083924	0.00092353	0.00734859	0.00219214
C[T>C]G	0.00002165	0.00049295	0.00076647	0.02125974	0.00542486	0.01237043	0.00095389	0.00013879	0.05305447	0.03262422	0.00379462	0.00005521	0.00049426	0.00056441	0.08661042	0.00143725	0.00738975	0.00381835
C[T>C]T	0.00209505	0.00025050	0.00558481	0.00006572	0.00211251	0.00026227	0.00025126	0.00000000	0.05125581	0.00397048	0.01683351	0.00098531	0.00006863	0.03614667	0.42002413	0.03123866	0.02030549	0.00064274
C[T>G]A	0.00008526	0.00015459	0.00063168	0.00134023	0.00064939	0.00138047	0.00583943	0.00000000	0.00088602	0.00063936	0.00200001	0.00002473	0.00008978	0.00233929	0.00018589	0.00163486	0.03474695	0.00313137
C[T>G]C	0.00018667	0.00023138	0.00145508	0.00570732	0.00022349	0.00553455	0.00993120	0.00031398	0.00261139	0.00315160	0.03153510	0.00118523	0.00010825	0.00517773	0.00104852	0.00161875	0.00593836	0.00117341
C[T>G]G	0.00004924	0.00017305	0.00187187	0.00741360	0.00351681	0.00283653	0.01546521	0.00023942	0.00281450	0.00453586	0.01379577	0.00203405	0.00016041	0.00072823	0.00008769	0.00138776	0.01787925	0.00674315
C[T>G]T	0.00000261	0.00016078	0.00269657	0.00977700	0.00078227	0.00062414	0.00008821	0.00000001	0.00001104	0.00050650	0.54739914	0.00034634	0.00018140	0.00260714	0.00337808	0.00527483	0.00336650	0.00408590
G[C>A]A	0.00004638	0.00012299	0.00591001	0.01273057	0.03124130	0.00118761	0.00470310	0.00221018	0.00060949	0.00092557	0.00105285	0.12739733	0.00096449	0.00085258	0.00253987	0.01718492	0.00803418	0.00424448
G[C>A]C	0.00014571	0.00012014	0.00078747	0.01188219	0.04204844	0.00877207	0.01187373	0.00011064	0.00023952	0.00537432	0.00000000	0.01960756	0.00041556	0.00038689	0.00107046	0.00221806	0.00832427	0.00132842
G[C>A]G	0.00004228	0.00004743	0.00042870	0.00391795	0.01779431	0.00240831	0.00001015	0.00049367	0.00008334	0.00083065	0.00010116	0.00764971	0.00016209	0.00001199	0.00026281	0.00113094	0.00005038	0.00031012
G[C>A]T	0.00000238	0.00004385	0.00243781	0.00749654	0.02155780	0.00053611	0.01100671	0.00000000	0.00011414	0.01128068	0.00047449	0.08082687	0.00010643	0.00013878	0.00008771	0.00716405	0.01016865	0.00168512
G[C>G]A	0.00001352	0.00013252	0.00019315	0.00663702	0.00589309	0.00242055	0.02034026	0.00000439	0.00038322	0.00117567	0.00005998	0.00030678	0.00162333	0.00013797	0.00064438	0.00040091	0.00223373	0.00165551
G[C>G]C	0.00001570	0.00032553	0.00059433	0.00798974	0.00653592	0.00538971	0.01335430	0.00005264	0.00043747	0.00222917	0.00005580	0.00083419	0.00060967	0.00038335	0.00078776	0.00037740	0.00403165	0.00121732
G[C>G]G	0.00005797	0.00006963	0.00036076	0.00244376	0.00377028	0.00074460	0.00353526	0.00014222	0.00006233	0.00029208	0.00000652	0.00030097	0.00027674	0.00019063	0.00004801	0.00054444	0.00080576	0.00022878
G[C>G]T	0.00002865	0.00024728	0.00045048	0.01006241	0.00330974	0.00416701	0.02387144	0.00000057	0.00008382	0.00320135	0.00000017	0.00070283	0.00280909	0.00106136	0.00046678	0.00111362	0.01203001	0.00072574
G[C>T]A	0.00007862	0.00030331	0.00108260	0.03314254	0.00265882	0.01772011	0.01632596	0.00658750	0.00021958	0.09745169	0.00002377	0.00425474	0.00727966	0.00015816	0.00228756	0.00230334	0.00256084	0.00418561
G[C>T]C	0.01552940	0.00022932	0.02399952	0.03708544	0.00339774	0.01352107	0.01137252	0.00277085	0.00024766	0.08636304	0.00011029	0.00268496	0.00104918	0.00005850	0.00055821	0.00204720	0.00231583	0.00345454
G[C>T]G	0.00000086	0.00003315	0.00222311	0.01833261	0.00012666	0.00000000	0.00003667	0.21849867	0.00019887	0.04951348	0.00108278	0.00256557	0.00015111	0.00005909	0.00263495	0.00593916	0.00110524	0.00099970
G[C>T]T	0.01969499	0.00080750	0.00407600	0.03097554	0.00285439	0.01664955	0.00964259	0.00127338	0.00036736	0.06964005	0.00000000	0.00261342	0.00130424	0.00458557	0.00048015	0.03235998	0.00850589	0.00328329
G[T>A]A	0.00047796	0.00008982	0.00118272	0.00361454	0.00635533	0.00186953	0.00694254	0.00002305	0.00050159	0.00173750	0.00010116	0.00093161	0.00004070	0.00139756	0.00003427	0.00131275	0.00180364	0.04465794
G[T>A]C	0.00022980	0.00019189	0.00051673	0.00301734	0.00316493	0.00211323	0.01091263	0.00009076	0.00119727	0.00265661	0.00036328	0.00140610	0.00015379	0.00206798	0.00332784	0.00088959	0.00215532	0.00990702
G[T>A]G	0.00034199	0.00013730	0.00089295	0.00387482	0.01216776	0.00246958	0.01498087	0.00017903	0.00090935	0.00267241	0.00023716	0.00094413	0.00009480	0.00004284	0.00052566	0.00162029	0.00005949	0.03148633
G[T>A]T	0.00028848	0.00017864	0.00071581	0.00159166	0.00533887	0.00188583	0.01845848	0.00030540	0.00021841	0.00316844	0.00156647	0.00244876	0.00038453	0.02031142	0.00445106	0.00783660	0.00251588	0.00969708
G[T>C]A	0.00007623	0.00027917	0.00034325	0.00087853	0.00284419	0.00707793	0.00149358	0.00070243	0.08007105	0.01989262	0.00006473	0.00049301	0.00066445	0.00018870	0.00014576	0.00069722	0.00205850	0.00213951
G[T>C]C	0.00003853	0.00018321	0.00020879	0.00516566	0.00106386	0.00525387	0.00360337	0.00186009	0.03020249	0.00000000	0.00140493	0.00196907	0.00031627	0.00011164	0.01465065	0.00214015	0.00910399	0.00171984
G[T>C]G	0.00004392	0.00042815	0.00092728	0.01184619	0.00214757	0.00441055	0.00778483	0.00124346	0.05346883	0.01481683	0.00114621	0.00312298	0.00060583	0.00054833	0.00370014	0.00292819	0.00012650	0.00219402
G[T>C]T	0.00128273	0.00035245	0.00868406	0.00072713	0.00035753	0.00159481	0.00318152	0.00002675	0.04978378	0.00618389	0.00140904	0.00171519	0.00013553	0.03571156	0.00433156	0.24134815	0.00102420	0.00110161
G[T>G]A	0.00008151	0.00020736	0.00038343	0.00271807	0.00050421	0.00139651	0.00664393	0.00012359	0.00130233	0.00032236	0.00025936	0.00061857	0.00013949	0.00192201	0.00042546	0.00039151	0.01321437	0.00108756
G[T>G]C	0.00012418	0.00014372	0.00032282	0.00185570	0.00024120	0.00245495	0.00333732	0.00001754	0.00098040	0.00024410	0.00614952	0.00003843	0.00004540	0.00132708	0.00016624	0.00016850	0.00820552	0.00014161
G[T>G]G	0.00047288	0.00013183	0.00281147	0.00683340	0.00241599	0.00069255	0.01701663	0.00085212	0.00200827	0.00078741	0.00154821	0.00519276	0.00052887	0.00584458	0.00077565	0.00457665	0.00620758	0.00063395
G[T>G]T	0.00110424	0.00001332	0.00233243	0.00000000	0.00009456	0.00176047	0.00588418	0.00003875	0.00181558	0.00260253	0.11333346	0.00099247	0.00001889	0.00624597	0.00677748	0.00660439	0.01353533	0.00014416
T[C>A]A	0.00036469	0.00080560	0.00395560	0.00072160	0.03965999	0.02425013	0.00270472	0.00001825	0.00019893	0.00128927	0.00001577	0.11060937	0.07851805	0.00267061	0.00042857	0.00950802	0.02293506	0.00279676
T[C>A]C	0.00078007	0.00043179	0.00386473	0.00716442	0.05125400	0.01913008	0.01854763	0.00194887	0.00026906	0.00302394	0.00001868	0.06160565	0.02940310	0.01404734	0.00014720	0.00713275	0.00286916	0.00267868
T[C>A]G	0.00004276	0.00007349	0.00067262	0.00308803	0.01196008	0.00195349	0.00010642	0.00001477	0.00017757	0.00021986	0.00008276	0.01588462	0.01198686	0.00000664	0.00017330	0.00129661	0.00038327	0.00013701
T[C>A]T	0.00053559	0.00096173	0.00314448	0.00962593	0.03741131	0.00749716	0.00417114	0.00000000	0.00009031	0.01711520	0.00254991	0.17782213	0.03561428	0.00261295	0.00050754	0.00378734	0.03703442	0.00349956
T[C>G]A	0.00000650	0.00016421	0.00036268	0.00149310	0.00102449	0.00129025	0.01206681	0.00000173	0.00146568	0.00128097	0.00012062	0.00048606	0.31427809	0.00165048	0.00434837	0.00411187	0.00271831	0.00300048
T[C>G]C	0.00008575	0.00022260	0.00237990	0.00724638	0.00598295	0.01369973	0.03063060	0.00005943	0.00070182	0.00134674	0.00006153	0.00320041	0.06329893	0.00446357	0.00093041	0.00221090	0.00301516	0.00176491
T[C>G]G	0.00001578	0.00004571	0.00041682	0.00277476	0.00194119	0.00258767	0.00005208	0.00006525	0.00011264	0.00029651	0.00003229	0.00054595	0.01377662	0.00009522	0.00052431	0.00088961	0.00034402	0.00047209
T[C>G]T	0.00012476	0.00124036	0.00150605	0.00525906	0.00036027	0.01565091	0.02693352	0.00100234	0.00259033	0.00377285	0.00151353	0.00132222	0.36687528	0.01140235	0.00114261	0.00237562	0.00729985	0.00097284
T[C>T]A	0.14707286	0.53149257	0.00135623	0.00458903	0.00257470	0.03400729	0.00282832	0.00188830	0.00120568	0.00229451	0.00004676	0.00571692	0.00510256	0.01186816	0.00080496	0.00239927	0.00196406	0.00408397
T[C>T]C	0.38828954	0.09497933	0.16888700	0.00000001	0.00629201	0.02851331	0.00508877	0.00000457	0.00040034	0.00241502	0.00057536	0.00098187	0.00261447	0.01011147	0.00117959	0.00585318	0.00269830	0.00022545
T[C>T]G	0.08148602	0.04348095	0.04870788	0.02064281	0.00000000	0.00000000	0.00000393	0.10989015	0.00074844	0.00149503	0.00037816	0.00291297	0.00083990	0.00004787	0.00094151	0.00481860	0.00061538	0.00021436
T[C>T]T	0.05982267	0.29224245	0.09568221	0.01360988	0.00755148	0.02746614	0.00424929	0.00000001	0.00117071	0.00525472	0.00080373	0.00011687	0.00075873	0.00477165	0.00005238	0.04086602	0.00126587	0.00165578
T[T>A]A	0.00035174	0.00037557	0.01985071	0.00077636	0.00051692	0.00882674	0.00000001	0.00642031	0.00054983	0.00634903	0.00150462	0.00722071	0.00025103	0.01691608	0.00041392	0.03462238	0.03447065	0.09825732
T[T>A]C	0.00046742	0.00019560	0.00243296	0.00194306	0.00292064	0.01336872	0.01387062	0.00000226	0.00258347	0.00000000	0.00023090	0.00134237	0.00022506	0.03308679	0.00539545	0.00180281	0.00068952	0.02111101
T[T>A]G	0.00004747	0.00008205	0.00202652	0.00367819	0.00546143	0.00534903	0.00459149	0.00000035	0.00023563	0.00062940	0.00000000	0.00060569	0.00020083	0.01137093	0.00154801	0.00509255	0.02013789	0.05744506
T[T>A]T	0.00054537	0.00055948	0.00262042	0.00127892	0.00354203	0.01102381	0.01069060	0.00117981	0.00075882	0.00964609	0.00125338	0.00229265	0.00011367	0.26543019	0.00009155	0.02465009	0.01926054	0.02695723
T[T>C]A	0.00273760	0.00028228	0.00777604	0.00409562	0.00188477	0.00868333	0.00773603	0.00002528	0.08121816	0.01121453	0.00114203	0.00054715	0.00030435	0.03799653	0.00163712	0.06300708	0.00999427	0.00561144
T[T>C]C	0.00069950	0.00014916	0.00273791	0.00003345	0.00007903	0.00741091	0.00491262	0.00338376	0.04735005	0.00549811	0.00109474	0.00515721	0.00021579	0.02093773	0.01511136	0.01334213	0.01477432	0.00077250
T[T>C]G	0.00040937	0.00041428	0.00455969	0.01098056	0.00143096	0.00621689	0.00221298	0.00016844	0.03924541	0.01566468	0.00131968	0.00191173	0.00038937	0.01485474	0.00239715	0.01863107	0.00586697	0.00223614
T[T>C]T	0.00091023	0.00040638	0.00360454	0.00621477	0.00005386	0.00057337	0.00517135	0.00363139	0.06710160	0.02880710	0.00088109	0.00115468	0.00087712	0.08620605	0.01986454	0.03456308	0.04711736	0.00011080
T[T>G]A	0.00016567	0.00005256	0.00228421	0.00082324	0.00014414	0.00502961	0.00862932	0.00000447	0.00093799	0.00064264	0.00000000	0.00013462	0.00026187	0.01546431	0.00007920	0.00256111	0.09815466	0.00148280
T[T>G]C	0.00012715	0.00019588	0.00261242	0.00807237	0.00000000	0.01912531	0.00842969	0.00019015	0.00192887	0.00083010	0.00899261	0.00116012	0.00011261	0.01627579	0.00064732	0.00254816	0.01451822	0.00079057
T[T>G]G	0.00004015	0.00016383	0.00219682	0.00846223	0.00202347	0.01246364	0.01087944	0.00086182	0.00327923	0.00173923	0.00480703	0.00086348	0.00017998	0.00675868	0.00121347	0.00179431	0.02006405	0.00511668
T[T>G]T	0.00007668	0.00014703	0.01486698	0.01003954	0.00015292	0.03552454	0.00801166	0.00035839	0.00497851	0.01028443	0.12607535	0.00295527	0.00027775	0.01771712	0.00793242	0.02237000	0.09374772	0.00058362
