MutationsType	SBS96A	SBS96B	SBS96C	SBS96D	SBS96E	SBS96F	SBS96G	SBS96H	SBS96I	SBS96J	SBS96K	SBS96L	SBS96M	SBS96N	SBS96O	SBS96P	SBS96Q
A[C>A]A	0.00798082	0.04241883	0.02260463	0.04905587	0.00078631	0.00001222	0.00057393	0.00005228	0.00196491	0.05459460	0.00037548	0.00106217	0.00244384	0.00456324	0.00417662	0.00036664	0.00108346
A[C>A]C	0.00856774	0.01470082	0.02292075	0.03932773	0.00204670	0.00008500	0.00013074	0.00070049	0.00121453	0.01537531	0.00069096	0.00059905	0.00142116	0.00028795	0.00260715	0.00071165	0.00074446
A[C>A]G	0.00247515	0.00310274	0.00041958	0.01828256	0.00011120	0.00003864	0.00014403	0.00021871	0.00035175	0.00063530	0.00011495	0.00013163	0.00009337	0.00017156	0.00072030	0.00023278	0.00004054
A[C>A]T	0.00302851	0.01879501	0.01374048	0.03533409	0.00111713	0.00024241	0.00014532	0.00029717	0.00090382	0.02169260	0.00671315	0.00032296	0.00019840	0.00103587	0.00485319	0.00412819	0.00306172
A[C>G]A	0.00788293	0.01499351	0.03085323	0.00680770	0.00217095	0.00005652	0.00030908	0.00020022	0.00008197	0.00104400	0.00504894	0.00340189	0.00072995	0.00069186	0.00657295	0.00150325	0.00527634
A[C>G]C	0.00355249	0.01172443	0.01881070	0.00253526	0.00078906	0.00000839	0.00005720	0.00010936	0.00001194	0.00378791	0.00175887	0.00085015	0.00061207	0.00050910	0.00197496	0.00274425	0.00413217
A[C>G]G	0.00152398	0.00411170	0.00000054	0.00131514	0.00001747	0.00002198	0.00005784	0.00000859	0.00066689	0.00222153	0.00048323	0.00030983	0.00038932	0.00030830	0.00058064	0.00060152	0.00159662
A[C>G]T	0.00648707	0.02207184	0.02559055	0.00290647	0.00156391	0.00005423	0.00010216	0.00036548	0.00013808	0.00522143	0.00511154	0.00423588	0.00036082	0.00205631	0.00479417	0.00388537	0.00607439
A[C>T]A	0.03136744	0.03079867	0.01147812	0.00786353	0.02572083	0.00000469	0.00164865	0.00076902	0.00097681	0.00751105	0.09197061	0.00834221	0.00232494	0.00145454	0.02035598	0.00374178	0.00727379
A[C>T]C	0.01556075	0.01606201	0.01499227	0.00366940	0.00612145	0.02200692	0.00024034	0.00206970	0.03889570	0.00457787	0.02164446	0.00018719	0.00248373	0.00749517	0.00694209	0.00281415	0.00133854
A[C>T]G	0.00017998	0.00560294	0.00937214	0.00222237	0.36876419	0.00001389	0.00610594	0.00003834	0.00028381	0.00084529	0.00051931	0.00001654	0.00003075	0.00026090	0.00066804	0.00141006	0.00166640
A[C>T]T	0.02026320	0.02646727	0.01268189	0.00275790	0.01041506	0.00857204	0.00079527	0.00392811	0.01247601	0.00965125	0.03033047	0.00047451	0.00118760	0.00762526	0.01102414	0.02595828	0.00587358
A[T>A]A	0.00775010	0.00969623	0.00197388	0.00414574	0.00105942	0.00244364	0.00002766	0.00021095	0.00209625	0.00125844	0.00519054	0.00000941	0.00090218	0.01363697	0.05024984	0.00043280	0.00360567
A[T>A]C	0.00851267	0.00499947	0.00969614	0.00337523	0.00327172	0.00034352	0.00019996	0.00139900	0.00051659	0.00076282	0.00294009	0.00022990	0.00072521	0.00311882	0.00827599	0.00175380	0.00195961
A[T>A]G	0.00922391	0.01003142	0.01019236	0.00830049	0.00168395	0.00060614	0.00010405	0.00019124	0.00179821	0.00144679	0.00211376	0.00102538	0.00017984	0.00023054	0.04790259	0.00291043	0.00135686
A[T>A]T	0.00094038	0.00581118	0.00059880	0.00409646	0.00009178	0.00406973	0.00045235	0.00004612	0.00836179	0.00406604	0.02880639	0.00094195	0.00116123	0.06378108	0.00041328	0.03157280	0.05073038
A[T>C]A	0.08601753	0.03266047	0.01335244	0.00535555	0.00237123	0.00034679	0.00018303	0.00087395	0.00075300	0.00136101	0.02404401	0.00198068	0.00028027	0.00056474	0.04370482	0.00582416	0.00185831
A[T>C]C	0.02842736	0.01092367	0.00819390	0.00006594	0.00357986	0.00006910	0.00009639	0.00057108	0.00019351	0.00238096	0.00418598	0.00031479	0.01195583	0.00065227	0.00397331	0.00531401	0.00076605
A[T>C]G	0.06876552	0.02631370	0.01000680	0.00424604	0.00029376	0.00001213	0.00001419	0.00083901	0.00123009	0.00393894	0.03479685	0.00046857	0.00100681	0.00033730	0.01876143	0.01079441	0.00042998
A[T>C]T	0.06547759	0.03001800	0.01988002	0.00040832	0.00660269	0.00049882	0.00015634	0.00120962	0.00198291	0.00635594	0.00415913	0.00207898	0.00933866	0.00276611	0.01470732	0.04868837	0.00650837
A[T>G]A	0.00325091	0.01182901	0.00437562	0.00082684	0.00003314	0.00047373	0.00139129	0.00043218	0.00004713	0.00076490	0.00052401	0.00001467	0.00073461	0.01110265	0.00199319	0.00367076	0.00912901
A[T>G]C	0.00122758	0.01214785	0.00262290	0.00013221	0.00031636	0.00018676	0.00486646	0.00012503	0.00102331	0.00056957	0.00034252	0.00000296	0.00049142	0.00062779	0.00037169	0.00281831	0.00867742
A[T>G]G	0.00719606	0.01375944	0.00858051	0.00068871	0.00066010	0.00023962	0.00101091	0.00021792	0.00158590	0.00322903	0.00156788	0.00000351	0.00100189	0.00047760	0.00665128	0.00955446	0.00611596
A[T>G]T	0.00002848	0.02855706	0.00089096	0.00001220	0.00000000	0.00033543	0.06571887	0.00000237	0.00015919	0.00024911	0.00115656	0.00016071	0.01212828	0.00005789	0.00031602	0.01277310	0.05011472
C[C>A]A	0.00044329	0.01362119	0.02423689	0.09360370	0.00003950	0.00052864	0.00020569	0.00006154	0.00111439	0.08053664	0.00001283	0.00135302	0.00008240	0.00009376	0.00082257	0.01317172	0.00460803
C[C>A]C	0.00054769	0.00345739	0.02508592	0.09912866	0.00188016	0.00015432	0.00002804	0.00028892	0.00100812	0.00855451	0.02718146	0.00050359	0.00133954	0.00179665	0.00387204	0.00319942	0.00061814
C[C>A]G	0.00373492	0.00028010	0.00021149	0.02921883	0.00012971	0.00001908	0.00007107	0.00000000	0.00040574	0.01188800	0.00377603	0.00000243	0.00026104	0.00145037	0.00171437	0.00024037	0.00000403
C[C>A]T	0.00000000	0.00577681	0.00412809	0.08800269	0.00001018	0.00019341	0.00001978	0.00015844	0.00143455	0.02629295	0.07960069	0.00000000	0.00002881	0.01270911	0.00017819	0.00000057	0.00001836
C[C>G]A	0.00493225	0.00574433	0.03013109	0.00902986	0.00022737	0.00000216	0.00008047	0.00003094	0.00045038	0.00000000	0.00120765	0.00632099	0.00088913	0.00000951	0.00337579	0.00153648	0.00043527
C[C>G]C	0.00778144	0.01262632	0.02122294	0.00781927	0.00044219	0.00000791	0.00011001	0.00048008	0.00110753	0.00301878	0.00177876	0.00049506	0.00004352	0.00168396	0.00553993	0.00049708	0.00021785
C[C>G]G	0.00275593	0.00212062	0.00173291	0.00342700	0.00041711	0.00003045	0.00000273	0.00032963	0.00071222	0.00457360	0.00036957	0.00004402	0.00046379	0.00017711	0.00234230	0.00132547	0.00006432
C[C>G]T	0.00675200	0.01786441	0.03379324	0.00710119	0.00003877	0.00006467	0.00004137	0.00007605	0.00079238	0.00352824	0.00167691	0.00654872	0.00004639	0.00446466	0.00229310	0.00068638	0.00349821
C[C>T]A	0.01054674	0.02390036	0.01502190	0.01424519	0.00338668	0.06051184	0.00050454	0.00072932	0.11758015	0.00724426	0.00453589	0.00000861	0.00169768	0.00520685	0.00396214	0.04718970	0.00490019
C[C>T]C	0.00915552	0.01401010	0.01802661	0.01205504	0.00013584	0.06105506	0.00009569	0.00002198	0.20454758	0.00238866	0.00461795	0.00005361	0.00198527	0.00586239	0.00609314	0.00156135	0.00044598
C[C>T]G	0.01331720	0.00381817	0.00481280	0.00236666	0.18586387	0.00622356	0.00697651	0.00440059	0.02428638	0.01807641	0.01803006	0.00278330	0.00258106	0.00916234	0.01060329	0.00408648	0.01541579
C[C>T]T	0.01392579	0.02202227	0.02595183	0.01866532	0.00045009	0.06849179	0.00014560	0.00049081	0.14072551	0.00130494	0.00699537	0.00099446	0.00225425	0.02580232	0.00771846	0.00658426	0.00166015
C[T>A]A	0.00173268	0.00001034	0.00430592	0.00414103	0.00007569	0.00017135	0.00002854	0.00012177	0.00048958	0.00018699	0.00051833	0.00012391	0.00013662	0.00343268	0.08688935	0.00184252	0.00074070
C[T>A]C	0.00221615	0.00514444	0.01896871	0.00653548	0.00006972	0.00004591	0.00183016	0.00027700	0.00064373	0.00159986	0.00280779	0.00024731	0.03880686	0.01438599	0.05061836	0.00019910	0.00071751
C[T>A]G	0.00127911	0.00085848	0.00710736	0.02054852	0.00060593	0.00005576	0.00026417	0.00011969	0.00023232	0.00012414	0.00081812	0.00031463	0.01153302	0.00014405	0.13128241	0.00167039	0.00178848
C[T>A]T	0.00001343	0.00646084	0.01002841	0.00802472	0.00001523	0.00027680	0.00715899	0.00015313	0.00012405	0.00064832	0.00001142	0.00041374	0.07223900	0.04728549	0.04244541	0.00001465	0.00028706
C[T>C]A	0.02723990	0.01528825	0.00813919	0.00500904	0.00021113	0.00049739	0.00032929	0.00010721	0.00098467	0.00000051	0.01302217	0.00022189	0.01084261	0.00772795	0.00602140	0.01075636	0.00359678
C[T>C]C	0.01927615	0.00575521	0.01232542	0.00163650	0.00259086	0.00019044	0.00207225	0.00002841	0.00042891	0.00249742	0.00211553	0.00000658	0.17584455	0.00029334	0.00120336	0.00063361	0.00348788
C[T>C]G	0.03306548	0.01210853	0.00560988	0.00515680	0.00063193	0.00000000	0.00181053	0.00037554	0.00045095	0.00002546	0.03337074	0.00011430	0.09434459	0.00060295	0.00901950	0.00208126	0.00133425
C[T>C]T	0.01791527	0.00053529	0.00093682	0.00034063	0.00001015	0.00161717	0.00864679	0.00043795	0.00734792	0.00343185	0.00575228	0.00011832	0.41457504	0.02708521	0.00177115	0.03161481	0.00093839
C[T>G]A	0.00205821	0.00358591	0.00690171	0.00035023	0.00005921	0.00009313	0.00210616	0.00005315	0.00039485	0.00016063	0.00071734	0.00004787	0.00038269	0.00344915	0.00417682	0.00104603	0.01025285
C[T>G]C	0.00310900	0.00552869	0.01021503	0.00004057	0.00035795	0.00004457	0.03115493	0.00033778	0.00090859	0.00256377	0.00303300	0.00010527	0.00171835	0.00542657	0.00197348	0.00010430	0.00999693
C[T>G]G	0.00441769	0.00544617	0.01624539	0.00267098	0.00025463	0.00000236	0.01361598	0.00004206	0.00109846	0.00323078	0.00419066	0.00018423	0.00052508	0.00125453	0.00913910	0.00021133	0.00551870
C[T>G]T	0.00295936	0.00017431	0.00096452	0.00072369	0.00068547	0.00000000	0.54932088	0.00000000	0.00000000	0.00165923	0.00000535	0.00000000	0.00148087	0.00089613	0.00284408	0.00001167	0.01065230
G[C>A]A	0.00720489	0.01258231	0.00511350	0.02745510	0.00118916	0.00000123	0.00115370	0.00027373	0.00120849	0.14169905	0.00103210	0.00044103	0.00257068	0.00027425	0.00512813	0.00024606	0.00547547
G[C>A]C	0.00984977	0.01036664	0.01120552	0.04345053	0.00059643	0.00017486	0.00003335	0.00017889	0.00157247	0.01587042	0.00443501	0.00024074	0.00080117	0.00003374	0.00402363	0.00016302	0.00005299
G[C>A]G	0.00330359	0.00205595	0.00003576	0.01788919	0.00089618	0.00000820	0.00008240	0.00005256	0.00026660	0.00774979	0.00041910	0.00008246	0.00016671	0.00000530	0.00089684	0.00001779	0.00047030
G[C>A]T	0.00435154	0.00922623	0.01048164	0.01916231	0.00002754	0.00000000	0.00031668	0.00000000	0.00079331	0.08071043	0.01058291	0.00017518	0.00002355	0.00004549	0.00133578	0.00013413	0.00309152
G[C>G]A	0.00309323	0.00372013	0.01977709	0.00615952	0.00011795	0.00000563	0.00007276	0.00007103	0.00012387	0.00037060	0.00087356	0.00139746	0.00105505	0.00011039	0.00295084	0.00034986	0.00136653
G[C>G]C	0.00372341	0.00632502	0.01324780	0.00674320	0.00080069	0.00000483	0.00004919	0.00016319	0.00035098	0.00060719	0.00212779	0.00040821	0.00139956	0.00067611	0.00365649	0.00014802	0.00308352
G[C>G]G	0.00115316	0.00094329	0.00343708	0.00391632	0.00024818	0.00001639	0.00004650	0.00001882	0.00037002	0.00034758	0.00036069	0.00028735	0.00010673	0.00018298	0.00080528	0.00056935	0.00019533
G[C>G]T	0.00570620	0.00611821	0.02294563	0.00285456	0.00028540	0.00000371	0.00000987	0.00021604	0.00038429	0.00098821	0.00255655	0.00289779	0.00079147	0.00125299	0.00436703	0.00110420	0.00237548
G[C>T]A	0.01671854	0.01695909	0.01855041	0.00256849	0.00412238	0.00004916	0.00030578	0.00011103	0.00032753	0.00797703	0.08459925	0.00789930	0.00240311	0.00007445	0.00921075	0.00082256	0.00557850
G[C>T]C	0.01828137	0.01245134	0.01280210	0.00281252	0.00089618	0.01313158	0.00011387	0.00171011	0.02840140	0.00597072	0.07514827	0.00032240	0.00005278	0.00052867	0.01070773	0.00143003	0.00749723
G[C>T]G	0.00619356	0.00009028	0.00000000	0.00000000	0.21355286	0.00000000	0.00701572	0.00000000	0.00000000	0.01672344	0.05536146	0.00204739	0.00141407	0.00000000	0.00305828	0.00005909	0.01774494
G[C>T]T	0.01334981	0.01694076	0.00811419	0.00232180	0.00088142	0.02263838	0.00000364	0.00058851	0.00502069	0.00394649	0.06706571	0.00211689	0.00081888	0.00153744	0.00924012	0.03824593	0.00461418
G[T>A]A	0.00263714	0.00211426	0.00747810	0.00600353	0.00005658	0.00037944	0.00014903	0.00042064	0.00035723	0.00103458	0.00180818	0.00000434	0.00010966	0.00164587	0.03461470	0.00005683	0.00140486
G[T>A]C	0.00193852	0.00286614	0.01065649	0.00260861	0.00003800	0.00025844	0.00028499	0.00011360	0.00009197	0.00205471	0.00262262	0.00026248	0.00295655	0.00262161	0.00937867	0.00030290	0.00125590
G[T>A]G	0.00252861	0.00252211	0.01510808	0.01317084	0.00010995	0.00025358	0.00019821	0.00016281	0.00049576	0.00032087	0.00278017	0.00008269	0.00057628	0.00005002	0.02369368	0.00116038	0.00097598
G[T>A]T	0.00055922	0.00313296	0.01593929	0.00529026	0.00017768	0.00032137	0.00149842	0.00016872	0.00014597	0.00275484	0.00349095	0.00061315	0.00508881	0.02067747	0.00522227	0.00788577	0.00092909
G[T>C]A	0.03642290	0.00478821	0.01056859	0.00278862	0.00032875	0.00009872	0.00005439	0.00005578	0.00007479	0.00007194	0.02194116	0.00013238	0.00043222	0.00002359	0.00360465	0.00172754	0.00154321
G[T>C]C	0.01778812	0.00528656	0.00675431	0.00049908	0.00182350	0.00010084	0.00088560	0.00002871	0.00000670	0.00272333	0.00149146	0.00022167	0.01415060	0.00018461	0.00394717	0.00239602	0.00167256
G[T>C]G	0.02986828	0.00439672	0.01266667	0.00183543	0.00134008	0.00003597	0.00120261	0.00008917	0.00047168	0.00499358	0.01814420	0.00025692	0.00367248	0.00024887	0.00547397	0.00307398	0.00126198
G[T>C]T	0.01635948	0.00237616	0.00150896	0.00002952	0.00002024	0.00062809	0.00059874	0.00034887	0.00713078	0.00234423	0.00914206	0.00000001	0.00472371	0.00680721	0.00148855	0.27475397	0.00197108
G[T>G]A	0.00238422	0.00303977	0.00700508	0.00021192	0.00017426	0.00007514	0.00034628	0.00014100	0.00022251	0.00088314	0.00055189	0.00001632	0.00075361	0.00243581	0.00255035	0.00026573	0.00090023
G[T>G]C	0.00141734	0.00367472	0.00320057	0.00007525	0.00008214	0.00012342	0.00587742	0.00013747	0.00038778	0.00015083	0.00040301	0.00010070	0.00029251	0.00122503	0.00124034	0.00005244	0.00037351
G[T>G]G	0.00371898	0.00307651	0.01686734	0.00171481	0.00042192	0.00020089	0.00149387	0.00023743	0.00278248	0.00708125	0.00147407	0.00096544	0.00077619	0.00570956	0.00306782	0.00392958	0.00183648
G[T>G]T	0.00001872	0.00190213	0.00557287	0.00002653	0.00020171	0.00103011	0.11975666	0.00003864	0.00188686	0.00094450	0.00264678	0.00013377	0.00615142	0.00642862	0.00007844	0.00640546	0.00066666
T[C>A]A	0.00011251	0.03502755	0.00098399	0.04143876	0.00000000	0.00038071	0.00003638	0.00044994	0.00203309	0.08385967	0.00076641	0.07662744	0.00024705	0.00153068	0.00229144	0.01056551	0.00282562
T[C>A]C	0.00343225	0.02474033	0.01584674	0.05219244	0.00265946	0.00050851	0.00012278	0.00012416	0.00376998	0.04760101	0.00234739	0.03129169	0.00059122	0.01287469	0.00142688	0.00792310	0.00033455
T[C>A]G	0.00195116	0.00334335	0.00007661	0.01206841	0.00051758	0.00000135	0.00006774	0.00000990	0.00038060	0.01526059	0.00007550	0.01099462	0.00014978	0.00000321	0.00099932	0.00012981	0.00003031
T[C>A]T	0.00319871	0.02590846	0.00370178	0.03575901	0.00163335	0.00041259	0.00271666	0.00107326	0.00073532	0.15542780	0.01772938	0.03508929	0.00076044	0.00341172	0.00823615	0.00072790	0.00406275
T[C>G]A	0.00316696	0.00053696	0.01294176	0.00134435	0.00005334	0.00000000	0.00017843	0.00006821	0.00013413	0.00170220	0.00100118	0.29954804	0.00331129	0.00078110	0.00501055	0.00344785	0.00160412
T[C>G]C	0.00415941	0.01479404	0.02875203	0.00550300	0.00046046	0.00000441	0.00000829	0.00003790	0.00132048	0.00325161	0.00118551	0.06603544	0.00062984	0.00443028	0.00186588	0.00042033	0.00705629
T[C>G]G	0.00187979	0.00213159	0.00009049	0.00219898	0.00006456	0.00000085	0.00002007	0.00008452	0.00028102	0.00111135	0.00042437	0.01416459	0.00055009	0.00000246	0.00067838	0.00091570	0.00012464
T[C>G]T	0.00784911	0.01168244	0.02474722	0.00042507	0.00225684	0.00043888	0.00130323	0.00002925	0.00005028	0.00014023	0.00187677	0.38788995	0.00044003	0.01212336	0.00294242	0.00014301	0.00609284
T[C>T]A	0.00462378	0.02932341	0.00022777	0.00258791	0.00123707	0.14089673	0.00001932	0.55918880	0.00011020	0.00771233	0.00019521	0.00216123	0.00034158	0.01644748	0.00479011	0.00002777	0.00287603
T[C>T]C	0.00000000	0.01037929	0.00075134	0.00678047	0.00000000	0.44840133	0.00004780	0.07499126	0.16121429	0.00001162	0.00002318	0.00257726	0.00000883	0.01497982	0.00198193	0.08514094	0.00404493
T[C>T]G	0.01189645	0.00013839	0.00012561	0.00000000	0.10203588	0.09341516	0.00364727	0.04364326	0.05749428	0.01259268	0.00260626	0.00103628	0.00045572	0.00000000	0.00438000	0.00167335	0.00185282
T[C>T]T	0.00956752	0.02089441	0.00168961	0.00718584	0.00000261	0.02997033	0.00034976	0.28824089	0.11491670	0.00000059	0.00256193	0.00142243	0.00136824	0.00108897	0.01559252	0.04030527	0.02233906
T[T>A]A	0.00276297	0.00278310	0.00180848	0.00258795	0.00760700	0.00016403	0.00067963	0.00001549	0.00205030	0.01049419	0.00568033	0.00040379	0.00060661	0.02343543	0.05090881	0.01342720	0.07965835
T[T>A]C	0.00310107	0.01162808	0.01110881	0.00216109	0.00006626	0.00027799	0.00022359	0.00012204	0.00182021	0.00150000	0.00002548	0.00046078	0.00530161	0.03808542	0.01626890	0.00138515	0.00692026
T[T>A]G	0.00401206	0.00599170	0.00430385	0.00646890	0.00039795	0.00000288	0.00000819	0.00000610	0.00137377	0.00070260	0.00088598	0.00009511	0.00132875	0.01363692	0.03697634	0.00450847	0.00509844
T[T>A]T	0.00219413	0.01460142	0.00118899	0.00369977	0.00191200	0.00038637	0.00132968	0.00155392	0.00020366	0.00165781	0.01319251	0.00008991	0.00234010	0.26054958	0.01259584	0.02566410	0.00481304
T[T>C]A	0.04109668	0.00157602	0.01303784	0.00127322	0.00015223	0.00240581	0.00060681	0.00019813	0.00399975	0.00000972	0.01927844	0.00000000	0.00103480	0.04034941	0.00527330	0.07062368	0.03428872
T[T>C]C	0.02263742	0.00465623	0.00858850	0.00000818	0.00399747	0.00058671	0.00094827	0.00000085	0.00112172	0.00506484	0.00977704	0.00009109	0.01428823	0.02611134	0.00013313	0.01375499	0.01393090
T[T>C]G	0.02504528	0.00355777	0.00562872	0.00111746	0.00036508	0.00009241	0.00105224	0.00003503	0.00352970	0.00278989	0.01716832	0.00000492	0.00195300	0.01577535	0.00489061	0.02213093	0.01470682
T[T>C]T	0.03609009	0.00005117	0.01009100	0.00003696	0.00497336	0.00089318	0.00040618	0.00018439	0.00275445	0.00059349	0.03072692	0.00034067	0.01944745	0.09317192	0.00226208	0.03531506	0.01233777
T[T>G]A	0.00342128	0.00740463	0.00871191	0.00003852	0.00019015	0.00013703	0.00000642	0.00007026	0.00046676	0.00008973	0.00003884	0.00027090	0.00000000	0.02225726	0.00295478	0.00009151	0.05707227
T[T>G]C	0.00493554	0.01671507	0.00706673	0.00000115	0.00068731	0.00003080	0.00884590	0.00022269	0.00121553	0.00139338	0.00077310	0.00012564	0.00003749	0.01701812	0.00184666	0.00067132	0.03309573
T[T>G]G	0.00528419	0.01185631	0.01188252	0.00178425	0.00094269	0.00000837	0.00441865	0.00013449	0.00092784	0.00105523	0.00254731	0.00000145	0.00156517	0.00845940	0.00596923	0.00051966	0.02120951
T[T>G]T	0.00414769	0.00958694	0.00767736	0.00017704	0.00122055	0.00002349	0.12025489	0.00019061	0.00023873	0.00058103	0.00731813	0.00000000	0.00567056	0.01647912	0.00149248	0.00071616	0.33667426
