MutationsType	SBS96A	SBS96B	SBS96C	SBS96D	SBS96E	SBS96F	SBS96G	SBS96H	SBS96I	SBS96J	SBS96K	SBS96L	SBS96M	SBS96N	SBS96O	SBS96P	SBS96Q
A[C>A]A	0.00790254	0.04110622	0.04797241	0.02182201	0.00002071	0.00076993	0.00057682	0.00155685	0.00004323	0.05556971	0.00054950	0.00194445	0.00097132	0.00442032	0.00364211	0.00008991	0.00069602
A[C>A]C	0.00861886	0.01427761	0.03897562	0.02244014	0.00006495	0.00164472	0.00007771	0.00035306	0.00071760	0.01659784	0.00088086	0.00138219	0.00065182	0.00023434	0.00263614	0.00063401	0.00107420
A[C>A]G	0.00249872	0.00275641	0.01825724	0.00043379	0.00003069	0.00010727	0.00010574	0.00013171	0.00019723	0.00110300	0.00004439	0.00007191	0.00014366	0.00011182	0.00070539	0.00023319	0.00008483
A[C>A]T	0.00314485	0.01819604	0.03496976	0.01336978	0.00023120	0.00079868	0.00021302	0.00056877	0.00027460	0.02234118	0.00679284	0.00018460	0.00023843	0.00102307	0.00402404	0.00398932	0.00370218
A[C>G]A	0.00763855	0.01547202	0.00677134	0.03020493	0.00006788	0.00231972	0.00026269	0.00000000	0.00022396	0.00098430	0.00488394	0.00065925	0.00355129	0.00066312	0.00663443	0.00133846	0.00431235
A[C>G]C	0.00336207	0.01208600	0.00244313	0.01820840	0.00000527	0.00095150	0.00010108	0.00000999	0.00013072	0.00348815	0.00171678	0.00043776	0.00095587	0.00043663	0.00219494	0.00270203	0.00351101
A[C>G]G	0.00139994	0.00385953	0.00130230	0.00000634	0.00001571	0.00002271	0.00004129	0.00062810	0.00000537	0.00236511	0.00052522	0.00048061	0.00029530	0.00027377	0.00075985	0.00066668	0.00134075
A[C>G]T	0.00614632	0.02159645	0.00284207	0.02502562	0.00002345	0.00170172	0.00009229	0.00006592	0.00032799	0.00555533	0.00509874	0.00032399	0.00433562	0.00218639	0.00491823	0.00391477	0.00461431
A[C>T]A	0.03002876	0.02959062	0.00772007	0.01116856	0.00000613	0.02561093	0.00180925	0.00101827	0.00053295	0.00720932	0.09011874	0.00256670	0.00872203	0.00159991	0.02334300	0.00335900	0.00755640
A[C>T]C	0.01482858	0.01646096	0.00357887	0.01489562	0.02277714	0.00603569	0.00009580	0.03938323	0.00213737	0.00425152	0.02143790	0.00249366	0.00025166	0.00765264	0.00747321	0.00294697	0.00133198
A[C>T]G	0.00015964	0.00521284	0.00221541	0.00784266	0.00001150	0.36394724	0.00682126	0.00041530	0.00004411	0.00082167	0.00101690	0.00000000	0.00000000	0.00019789	0.00009796	0.00116980	0.00156580
A[C>T]T	0.01954418	0.02541208	0.00276541	0.01251440	0.00874762	0.01068637	0.00092451	0.01233953	0.00386367	0.00885350	0.02972071	0.00113291	0.00044694	0.00751380	0.01206992	0.02711579	0.00704155
A[T>A]A	0.00780751	0.00906645	0.00557880	0.00273251	0.00255969	0.00139137	0.00005763	0.00214698	0.00028654	0.00118342	0.00505496	0.00101205	0.00002015	0.01331943	0.04281278	0.00039388	0.00230372
A[T>A]C	0.00832289	0.00546964	0.00322621	0.00942479	0.00046164	0.00357040	0.00025281	0.00046390	0.00108073	0.00043156	0.00281800	0.00063386	0.00046141	0.00301635	0.00929300	0.00161143	0.00102418
A[T>A]G	0.00910759	0.00938989	0.00940740	0.01080426	0.00069236	0.00164833	0.00012301	0.00169243	0.00014005	0.00184792	0.00200159	0.00023189	0.00114384	0.00014337	0.04164018	0.00284036	0.00123093
A[T>A]T	0.00164284	0.00618374	0.00412510	0.00071614	0.00410851	0.00032398	0.00044762	0.00837853	0.00003359	0.00399137	0.02899241	0.00125692	0.00081837	0.06554946	0.00186682	0.03248575	0.03646151
A[T>C]A	0.08544868	0.03159357	0.00603923	0.01447293	0.00032544	0.00201369	0.00018020	0.00073190	0.00085983	0.00082179	0.02431855	0.00030153	0.00220900	0.00048710	0.04125119	0.00492234	0.00068460
A[T>C]C	0.02877000	0.01051772	0.00006525	0.00830390	0.00005377	0.00347392	0.00014116	0.00021837	0.00055338	0.00265424	0.00425364	0.01196661	0.00028446	0.00043601	0.00401747	0.00482991	0.00032875
A[T>C]G	0.06866772	0.02533001	0.00451244	0.01033946	0.00002029	0.00052020	0.00000000	0.00126992	0.00058163	0.00326257	0.03493221	0.00090363	0.00061334	0.00032933	0.01931810	0.00990761	0.00020164
A[T>C]T	0.06567221	0.02908870	0.00051123	0.01967430	0.00061819	0.00662362	0.00020448	0.00194998	0.00077973	0.00557841	0.00464417	0.00950084	0.00199735	0.00250311	0.01548579	0.04876980	0.00458868
A[T>G]A	0.00309448	0.01121021	0.00085259	0.00418637	0.00044193	0.00003731	0.00146638	0.00001483	0.00060032	0.00071925	0.00059197	0.00083857	0.00002134	0.01101426	0.00213007	0.00361338	0.00986918
A[T>G]C	0.00111285	0.01112920	0.00010780	0.00254012	0.00017426	0.00035546	0.00460774	0.00104156	0.00019768	0.00066888	0.00028193	0.00055511	0.00000683	0.00061631	0.00040881	0.00286028	0.01215428
A[T>G]G	0.00714829	0.01321521	0.00080875	0.00841825	0.00022107	0.00071230	0.00097773	0.00155770	0.00023582	0.00292636	0.00146004	0.00092174	0.00000651	0.00040723	0.00638075	0.00977794	0.00804573
A[T>G]T	0.00001503	0.02526385	0.00001561	0.00068453	0.00032477	0.00000000	0.06635739	0.00019809	0.00000401	0.00025181	0.00114273	0.01170782	0.00013747	0.00000000	0.00044254	0.01283213	0.06874325
C[C>A]A	0.00033878	0.01417626	0.09177943	0.02388154	0.00053432	0.00002118	0.00018313	0.00123873	0.00010981	0.08253812	0.00001689	0.00002224	0.00136063	0.00000561	0.00076825	0.01354998	0.00453511
C[C>A]C	0.00038935	0.00455995	0.09744459	0.02538072	0.00017147	0.00166578	0.00002126	0.00101636	0.00025354	0.01020857	0.02733021	0.00129708	0.00055846	0.00174238	0.00399130	0.00316827	0.00016619
C[C>A]G	0.00367428	0.00018013	0.02910286	0.00032450	0.00000259	0.00018374	0.00002638	0.00034520	0.00000000	0.01205576	0.00381598	0.00033316	0.00000027	0.00156142	0.00170518	0.00024941	0.00000000
C[C>A]T	0.00000000	0.00548005	0.08684214	0.00375882	0.00010804	0.00000658	0.00000565	0.00138026	0.00033244	0.02742791	0.08116727	0.00001177	0.00000000	0.01263147	0.00027913	0.00000230	0.00007005
C[C>G]A	0.00449990	0.00677470	0.00898881	0.02988421	0.00000168	0.00017252	0.00013433	0.00042717	0.00002625	0.00000000	0.00129457	0.00069855	0.00633539	0.00000548	0.00362613	0.00148896	0.00015738
C[C>G]C	0.00741080	0.01282134	0.00759234	0.02107620	0.00001487	0.00050491	0.00008705	0.00113209	0.00033531	0.00320085	0.00175962	0.00003734	0.00065248	0.00179010	0.00577185	0.00039617	0.00008363
C[C>G]G	0.00259696	0.00203236	0.00340085	0.00174661	0.00003347	0.00050550	0.00000000	0.00071388	0.00020911	0.00454216	0.00029489	0.00050240	0.00007395	0.00023549	0.00282180	0.00141942	0.00001432
C[C>G]T	0.00648156	0.01890452	0.00700808	0.03295868	0.00006964	0.00002491	0.00005577	0.00068843	0.00004004	0.00379362	0.00166231	0.00002833	0.00665061	0.00443556	0.00237719	0.00061370	0.00227023
C[C>T]A	0.01017217	0.02363860	0.01408051	0.01482463	0.06336444	0.00371472	0.00041173	0.11911570	0.00038404	0.00739857	0.00462985	0.00168208	0.00001479	0.00494730	0.00434121	0.04701030	0.00535179
C[C>T]C	0.00916396	0.01441662	0.01209918	0.01787244	0.06396627	0.00015782	0.00012356	0.20896032	0.00000000	0.00250868	0.00487887	0.00175665	0.00001464	0.00576658	0.00477001	0.00064303	0.00024767
C[C>T]G	0.01307434	0.00411812	0.00240724	0.00372606	0.00670346	0.18733381	0.00719627	0.02462837	0.00373229	0.01559711	0.01542811	0.00222372	0.00234257	0.00933891	0.01316020	0.00413832	0.01241324
C[C>T]T	0.01290857	0.02274414	0.01867206	0.02534141	0.07120678	0.00035042	0.00026520	0.14304568	0.00081374	0.00179929	0.00746373	0.00214360	0.00066867	0.02510905	0.00782837	0.00653269	0.00090477
C[T>A]A	0.00182657	0.00000228	0.00603742	0.00615419	0.00022043	0.00005643	0.00002822	0.00058804	0.00012479	0.00012668	0.00046267	0.00010459	0.00014122	0.00339701	0.07463511	0.00178005	0.00018418
C[T>A]C	0.00237789	0.00553557	0.00747485	0.01978242	0.00002545	0.00003420	0.00181955	0.00068531	0.00036506	0.00180113	0.00277567	0.03891051	0.00022735	0.01443172	0.04431163	0.00003356	0.00048225
C[T>A]G	0.00132142	0.00120355	0.02233831	0.00895871	0.00007682	0.00062111	0.00035947	0.00033665	0.00010154	0.00024961	0.00078036	0.01149533	0.00038958	0.00025620	0.12122225	0.00171660	0.00074411
C[T>A]T	0.00000000	0.00604598	0.00900378	0.01046939	0.00028778	0.00001272	0.00722465	0.00000034	0.00036137	0.00072069	0.00001855	0.07241837	0.00042357	0.04723121	0.03912169	0.00000748	0.00005666
C[T>C]A	0.02725937	0.01469646	0.00514818	0.00812716	0.00053057	0.00030190	0.00034796	0.00105641	0.00006471	0.00001935	0.01346255	0.01084729	0.00017749	0.00754861	0.00553912	0.00997544	0.00274890
C[T>C]C	0.01897001	0.00638997	0.00178421	0.01229790	0.00023753	0.00268667	0.00182018	0.00057215	0.00000794	0.00259633	0.00224892	0.17547086	0.00000580	0.00000456	0.00143585	0.00013693	0.00340778
C[T>C]G	0.03285260	0.01163628	0.00547214	0.00597985	0.00000126	0.00059290	0.00182132	0.00041992	0.00022376	0.00000842	0.03353030	0.09381271	0.00020221	0.00041355	0.00919792	0.00167914	0.00126553
C[T>C]T	0.01677031	0.00073110	0.00078656	0.00105913	0.00173072	0.00004138	0.00781361	0.00780012	0.00036398	0.00420311	0.00570597	0.41697759	0.00013492	0.02638372	0.00271838	0.03186488	0.00051828
C[T>G]A	0.00200522	0.00377018	0.00045814	0.00682209	0.00008584	0.00005683	0.00197327	0.00037101	0.00002762	0.00004652	0.00074658	0.00046797	0.00006138	0.00348151	0.00370688	0.00096521	0.01125725
C[T>G]C	0.00304411	0.00561905	0.00006049	0.00995689	0.00001365	0.00042674	0.03096022	0.00093194	0.00035306	0.00220843	0.00300593	0.00172571	0.00018681	0.00554273	0.00187578	0.00011385	0.01269776
C[T>G]G	0.00426266	0.00590454	0.00287719	0.01605629	0.00000000	0.00029317	0.01376719	0.00111205	0.00000019	0.00331438	0.00413280	0.00027948	0.00023678	0.00132781	0.00768367	0.00023687	0.00680578
C[T>G]T	0.00298546	0.00076814	0.00076890	0.00159482	0.00000000	0.00071256	0.54865433	0.00000044	0.00000000	0.00236002	0.00003190	0.00123733	0.00000000	0.00234720	0.00336262	0.00000586	0.01629076
G[C>A]A	0.00768931	0.01186136	0.02603819	0.00540835	0.00000000	0.00119023	0.00117555	0.00046096	0.00020743	0.14075967	0.00113835	0.00266567	0.00045725	0.00013905	0.00504962	0.00014933	0.00529148
G[C>A]C	0.01062903	0.00890037	0.04381228	0.01103753	0.00017673	0.00042899	0.00000240	0.00000000	0.00021171	0.01710766	0.00441632	0.00076260	0.00020872	0.00002415	0.00327725	0.00009561	0.00021763
G[C>A]G	0.00333503	0.00178301	0.01781025	0.00003935	0.00001520	0.00078317	0.00008279	0.00001090	0.00009758	0.00801828	0.00041529	0.00017075	0.00005620	0.00000000	0.00084582	0.00002318	0.00056885
G[C>A]T	0.00518404	0.00840425	0.01832001	0.01051936	0.00000000	0.00000466	0.00044269	0.00000000	0.00000000	0.08020935	0.01076326	0.00000899	0.00017603	0.00009115	0.00127499	0.00007800	0.00345842
G[C>G]A	0.00280337	0.00442744	0.00600428	0.01953650	0.00000889	0.00027665	0.00001804	0.00001083	0.00007502	0.00041093	0.00091767	0.00101821	0.00146600	0.00013576	0.00293092	0.00030258	0.00062041
G[C>G]C	0.00382681	0.00651978	0.00666609	0.01281359	0.00000189	0.00076413	0.00001233	0.00034670	0.00012150	0.00051025	0.00206134	0.00136890	0.00055407	0.00061777	0.00410047	0.00007267	0.00246818
G[C>G]G	0.00110039	0.00108544	0.00388975	0.00341061	0.00002200	0.00032645	0.00005211	0.00040997	0.00003403	0.00029443	0.00032134	0.00009913	0.00022353	0.00013128	0.00078523	0.00052636	0.00003460
G[C>G]T	0.00546901	0.00740082	0.00281351	0.02212253	0.00000377	0.00031459	0.00000481	0.00031275	0.00011198	0.00097571	0.00256110	0.00059495	0.00306882	0.00126033	0.00438380	0.00099054	0.00117462
G[C>T]A	0.01621714	0.01679077	0.00261394	0.01858128	0.00007797	0.00395148	0.00023563	0.00024931	0.00008809	0.00733210	0.08446046	0.00252834	0.00777748	0.00006493	0.00950878	0.00076115	0.00599724
G[C>T]C	0.01750073	0.01247570	0.00298494	0.01286218	0.01353119	0.00204298	0.00010398	0.02881731	0.00191260	0.00498132	0.07394940	0.00001287	0.00034778	0.00039604	0.01137930	0.00186357	0.00659650
G[C>T]G	0.00624340	0.00000000	0.00000000	0.00000000	0.00000000	0.21317295	0.00746514	0.00000022	0.00000063	0.01319799	0.05424614	0.00135382	0.00222470	0.00000000	0.00388721	0.00001711	0.01455613
G[C>T]T	0.01246624	0.01650258	0.00247426	0.00817156	0.02306324	0.00068711	0.00001513	0.00460495	0.00070608	0.00350546	0.06713299	0.00106859	0.00195311	0.00159351	0.01032435	0.03975060	0.00386439
G[T>A]A	0.00262596	0.00213088	0.00679910	0.00823230	0.00039716	0.00011388	0.00015932	0.00034973	0.00041520	0.00108796	0.00176894	0.00009396	0.00000473	0.00169303	0.02907872	0.00000377	0.00107126
G[T>A]C	0.00192330	0.00322237	0.00277279	0.01055463	0.00022855	0.00002553	0.00034026	0.00011936	0.00019922	0.00211466	0.00266499	0.00290616	0.00025004	0.00266073	0.00811577	0.00019934	0.00058698
G[T>A]G	0.00248405	0.00291720	0.01372114	0.01540720	0.00024837	0.00013715	0.00019119	0.00047527	0.00021569	0.00059755	0.00277657	0.00054296	0.00006998	0.00000719	0.01955032	0.00124549	0.00063062
G[T>A]T	0.00052022	0.00381562	0.00529485	0.01581485	0.00033535	0.00012512	0.00152590	0.00009893	0.00015124	0.00288120	0.00353073	0.00486800	0.00063987	0.02055461	0.00494105	0.00787080	0.00071788
G[T>C]A	0.03730808	0.00488315	0.00277480	0.01085193	0.00009953	0.00021949	0.00001767	0.00003968	0.00006761	0.00004136	0.02254730	0.00034722	0.00008950	0.00000276	0.00364439	0.00100919	0.00154590
G[T>C]C	0.01779290	0.00505953	0.00056215	0.00697894	0.00009923	0.00210677	0.00097571	0.00000072	0.00006518	0.00271180	0.00144049	0.01410269	0.00022538	0.00014877	0.00392506	0.00199209	0.00108230
G[T>C]G	0.02994102	0.00486799	0.00177830	0.01269202	0.00002986	0.00129214	0.00113338	0.00040204	0.00004200	0.00488920	0.01830254	0.00371502	0.00022223	0.00023041	0.00590008	0.00271930	0.00125226
G[T>C]T	0.01717850	0.00198487	0.00003427	0.00279279	0.00038694	0.00003204	0.00056185	0.00687956	0.00038136	0.00240923	0.00952929	0.00489192	0.00000000	0.00581538	0.00228790	0.27911600	0.00240169
G[T>G]A	0.00233090	0.00318173	0.00028836	0.00684569	0.00008178	0.00014476	0.00034920	0.00020420	0.00010521	0.00076851	0.00053843	0.00076597	0.00003939	0.00253834	0.00231132	0.00017280	0.00074655
G[T>G]C	0.00137299	0.00357244	0.00008480	0.00310719	0.00010439	0.00008996	0.00598892	0.00037890	0.00013731	0.00014253	0.00038658	0.00029439	0.00014342	0.00132344	0.00127700	0.00004399	0.00021287
G[T>G]G	0.00358680	0.00373419	0.00154177	0.01650876	0.00023304	0.00069040	0.00148865	0.00289803	0.00016806	0.00696012	0.00128622	0.00071277	0.00119671	0.00566996	0.00346877	0.00395548	0.00189107
G[T>G]T	0.00004865	0.00235065	0.00001157	0.00541771	0.00109027	0.00033264	0.12037771	0.00184581	0.00004609	0.00100513	0.00274754	0.00589108	0.00010325	0.00663494	0.00006910	0.00663052	0.00143032
T[C>A]A	0.00009119	0.03258211	0.03977823	0.00068866	0.00039723	0.00000876	0.00004063	0.00210402	0.00040665	0.08609798	0.00113570	0.00017482	0.07758280	0.00150422	0.00225437	0.01073207	0.00383026
T[C>A]C	0.00329499	0.02397545	0.05110537	0.01497133	0.00044625	0.00230010	0.00014838	0.00341042	0.00025526	0.04810590	0.00253494	0.00073203	0.03116487	0.01308013	0.00139828	0.00816291	0.00029052
T[C>A]G	0.00196897	0.00304260	0.01193949	0.00007996	0.00000699	0.00060687	0.00001741	0.00020671	0.00001182	0.01497038	0.00005022	0.00006132	0.01110374	0.00000032	0.00113255	0.00015294	0.00002043
T[C>A]T	0.00300710	0.02458934	0.03306478	0.00407958	0.00049845	0.00205543	0.00279114	0.00084666	0.00080210	0.15561841	0.01793805	0.00113854	0.03492970	0.00345079	0.01069090	0.00090284	0.00377954
T[C>G]A	0.00345320	0.00143171	0.00166792	0.01202738	0.00000000	0.00003607	0.00010400	0.00006043	0.00001455	0.00170533	0.00142213	0.00344980	0.29884262	0.00153110	0.00431407	0.00376120	0.00107503
T[C>G]C	0.00395818	0.01549398	0.00525424	0.02787352	0.00000300	0.00025299	0.00000253	0.00144396	0.00000599	0.00392339	0.00143331	0.00065093	0.06637187	0.00462723	0.00200802	0.00024163	0.00467124
T[C>G]G	0.00173051	0.00197095	0.00220420	0.00009517	0.00000088	0.00015224	0.00002476	0.00029681	0.00002492	0.00118864	0.00036250	0.00046314	0.01399036	0.00000000	0.00070589	0.00109449	0.00005606
T[C>G]T	0.00867583	0.01206910	0.00055347	0.02313925	0.00047080	0.00218408	0.00140524	0.00003325	0.00001986	0.00013885	0.00253745	0.00066426	0.38431363	0.01320860	0.00311634	0.00005172	0.00476101
T[C>T]A	0.00552767	0.03118573	0.00256274	0.00024522	0.12286664	0.00141679	0.00001741	0.00011721	0.57612903	0.00786494	0.00013620	0.00037225	0.00206670	0.01819207	0.00924281	0.00007001	0.00288660
T[C>T]C	0.00000000	0.01471622	0.00700328	0.00044226	0.45772963	0.00001813	0.00002861	0.15846543	0.07357641	0.00000000	0.00008094	0.00001665	0.00220919	0.01496108	0.01222577	0.08793863	0.00215067
T[C>T]G	0.01156588	0.00000000	0.00000000	0.00021360	0.09449024	0.10167044	0.00377440	0.05752347	0.04553286	0.01131674	0.00179123	0.00038291	0.00112904	0.00000000	0.00535184	0.00239935	0.00251872
T[C>T]T	0.01011775	0.03442987	0.00706088	0.00208334	0.02674252	0.00002877	0.00042523	0.11294365	0.27283494	0.00009799	0.00294260	0.00150591	0.00360233	0.00106387	0.04915582	0.03741891	0.01269896
T[T>A]A	0.00346137	0.00280494	0.00330052	0.00294892	0.00013876	0.00838500	0.00071678	0.00224333	0.00000619	0.00988072	0.00542494	0.00048199	0.00027139	0.02407585	0.04830917	0.01362444	0.06691179
T[T>A]C	0.00329479	0.01144411	0.00249610	0.01123602	0.00026196	0.00004320	0.00021534	0.00201307	0.00015933	0.00178283	0.00002121	0.00545262	0.00042591	0.03711668	0.01407953	0.00120984	0.00487928
T[T>A]G	0.00380405	0.00549487	0.00720667	0.00516371	0.00000000	0.00048539	0.00000288	0.00153420	0.00000014	0.00089742	0.00084211	0.00157364	0.00011442	0.01359122	0.03292042	0.00445288	0.00374121
T[T>A]T	0.00313178	0.01212546	0.00477894	0.00184854	0.00025459	0.00224865	0.00143045	0.00010468	0.00158011	0.00140047	0.01289047	0.00255322	0.00006565	0.25828681	0.00770480	0.02611000	0.00632018
T[T>C]A	0.04274387	0.00232510	0.00118796	0.01389151	0.00232482	0.00010879	0.00060020	0.00415392	0.00027960	0.00002970	0.01988774	0.00105611	0.00000008	0.04002298	0.00688951	0.06975018	0.02268252
T[T>C]C	0.02357337	0.00500434	0.00000051	0.00860289	0.00063002	0.00475608	0.00089423	0.00124924	0.00000242	0.00452393	0.00976586	0.01425728	0.00005852	0.02566531	0.00037220	0.01297403	0.00998420
T[T>C]G	0.02531031	0.00391263	0.00096375	0.00583647	0.00007428	0.00038894	0.00100704	0.00366575	0.00003405	0.00260933	0.01735275	0.00207616	0.00000862	0.01579924	0.00669235	0.02167185	0.01075353
T[T>C]T	0.03673728	0.00032774	0.00009956	0.01058307	0.00088330	0.00471356	0.00044761	0.00295168	0.00028234	0.00061756	0.03134792	0.01946100	0.00049056	0.09164728	0.00302514	0.03538207	0.00868227
T[T>G]A	0.00362237	0.00701883	0.00004899	0.00872118	0.00012210	0.00024663	0.00000405	0.00051659	0.00004975	0.00001867	0.00002629	0.00000000	0.00028580	0.02290647	0.00353432	0.00007003	0.05519159
T[T>G]C	0.00492135	0.01568270	0.00000107	0.00683176	0.00001725	0.00058583	0.00872163	0.00126718	0.00011072	0.00130405	0.00075514	0.00000923	0.00032115	0.01712418	0.00206188	0.00053971	0.03674128
T[T>G]G	0.00500832	0.01166429	0.00178429	0.01169742	0.00000011	0.00134006	0.00455919	0.00093108	0.00002729	0.00067269	0.00237954	0.00145968	0.00000929	0.00869891	0.00681861	0.00054352	0.01910440
T[T>G]T	0.00495261	0.00320095	0.00015340	0.00872795	0.00001357	0.00096838	0.11886260	0.00029966	0.00021013	0.00011814	0.00711426	0.00522829	0.00000000	0.01764131	0.00387998	0.00042214	0.39270910
