MutationsType	SBS96A	SBS96B	SBS96C	SBS96D	SBS96E	SBS96F	SBS96G	SBS96H	SBS96I	SBS96J	SBS96K	SBS96L	SBS96M	SBS96N	SBS96O	SBS96P	SBS96Q	SBS96R
A[C>A]A	0.00006452	0.00731143	0.00000000	0.01114249	0.04612523	0.04411978	0.02899256	0.00109745	0.00159826	0.00081439	0.00054900	0.00179368	0.05015237	0.00394441	0.00447630	0.00259776	0.01333756	0.00321747
A[C>A]C	0.00014644	0.00189685	0.00044999	0.01283284	0.04072511	0.01309042	0.02448486	0.00280727	0.00113157	0.00025241	0.00048556	0.00095469	0.01130443	0.00092822	0.00150162	0.00556599	0.00416549	0.00132429
A[C>A]G	0.00008176	0.00023935	0.00003656	0.00274343	0.02004159	0.00376600	0.00044330	0.00004412	0.00018110	0.00002954	0.00004004	0.00028538	0.00087816	0.00033101	0.00040858	0.00067206	0.00034865	0.00054462
A[C>A]T	0.00019842	0.00179600	0.00033068	0.00694597	0.03606088	0.01959600	0.01489558	0.00104247	0.00641346	0.00002889	0.00031296	0.00017668	0.02319214	0.00204308	0.00163573	0.00306222	0.00723290	0.00156849
A[C>G]A	0.00003309	0.00067711	0.00018577	0.01403409	0.00771566	0.01196825	0.03198889	0.00153470	0.00484688	0.00208013	0.00012742	0.00409110	0.00101452	0.00056909	0.00129060	0.01003143	0.00142210	0.00241744
A[C>G]C	0.00001646	0.00045186	0.00013007	0.00801436	0.00332485	0.01076867	0.01932561	0.00104915	0.00127448	0.00028382	0.00002415	0.00119257	0.00225778	0.00032525	0.00058905	0.00378439	0.00294399	0.00088705
A[C>G]G	0.00003788	0.00058281	0.00006923	0.00285242	0.00153607	0.00458375	0.00003724	0.00021365	0.00027842	0.00009841	0.00000035	0.00028865	0.00158300	0.00004608	0.00037218	0.00248051	0.00116304	0.00009706
A[C>G]T	0.00001690	0.00076857	0.00033553	0.01452097	0.00351562	0.01831938	0.02851650	0.00116994	0.00504040	0.00073208	0.00034909	0.00447751	0.00246616	0.00151338	0.00065976	0.01181833	0.00366960	0.00143037
A[C>T]A	0.00009257	0.00138058	0.00030365	0.06311993	0.00824045	0.02567388	0.00971448	0.02704274	0.10139066	0.00023949	0.00088074	0.00830684	0.00097282	0.00191767	0.00254961	0.00337299	0.00559642	0.00710030
A[C>T]C	0.02194301	0.03824789	0.00180899	0.02788106	0.00396353	0.01323041	0.01679738	0.00712086	0.01973205	0.00152678	0.00026787	0.00019808	0.00123728	0.00698796	0.00201930	0.00438623	0.00203600	0.00141269
A[C>T]G	0.00000087	0.00173925	0.00000008	0.00006417	0.00144062	0.01008072	0.01244443	0.35305359	0.00179452	0.00005250	0.00053563	0.00085093	0.00096425	0.00063792	0.00245286	0.00066009	0.01847193	0.00285252
A[C>T]T	0.00950166	0.01147947	0.00167583	0.03905483	0.00366639	0.02406625	0.01466430	0.01046854	0.03586206	0.00013885	0.00030701	0.00090266	0.00360569	0.01065764	0.00050661	0.00386206	0.02944591	0.00312613
A[T>A]A	0.00242312	0.00244412	0.00044641	0.00941286	0.00377805	0.00832570	0.00081327	0.00032226	0.00553819	0.00250033	0.00010713	0.00007813	0.00152994	0.01021000	0.00050718	0.01577731	0.00330336	0.06405423
A[T>A]C	0.00067540	0.00044350	0.00078200	0.01059187	0.00259580	0.00387770	0.01004379	0.00204242	0.00351982	0.00373001	0.00024980	0.00019361	0.00050988	0.00332026	0.00155187	0.00311329	0.00137453	0.01551408
A[T>A]G	0.00072047	0.00121103	0.00025444	0.01471702	0.00926559	0.00876540	0.01011921	0.00082998	0.00139442	0.00131596	0.00004279	0.00068525	0.00174139	0.00033141	0.00031000	0.00237519	0.00385900	0.05374400
A[T>A]T	0.00448791	0.00730479	0.00007820	0.00071848	0.00244164	0.01151911	0.00142873	0.00033289	0.02780709	0.00025473	0.00077568	0.00065491	0.00287008	0.06881487	0.00134686	0.02609502	0.03741573	0.01613677
A[T>C]A	0.00077585	0.00158025	0.00014360	0.07211504	0.00575940	0.02648742	0.00596127	0.00171862	0.02110368	0.08816665	0.00013959	0.00349874	0.00065895	0.00108916	0.00014483	0.01708826	0.00313749	0.03251194
A[T>C]C	0.00025850	0.00126605	0.00005573	0.01549704	0.00040705	0.00963708	0.00573587	0.00325941	0.00067863	0.03935852	0.00017838	0.00039828	0.00151158	0.00014553	0.01129337	0.01271574	0.00363136	0.00302240
A[T>C]G	0.00003114	0.00110603	0.00051235	0.05665884	0.00410919	0.02434890	0.00051512	0.00008790	0.02726306	0.08182286	0.00000000	0.00143364	0.00074923	0.00170981	0.00137620	0.00389647	0.00629440	0.01281687
A[T>C]T	0.00089517	0.00274234	0.00035794	0.06109249	0.00044657	0.02620520	0.01548345	0.00565350	0.00002118	0.06035460	0.00030922	0.00233800	0.00428273	0.00667975	0.00711101	0.03248786	0.03730413	0.00632099
A[T>G]A	0.00052368	0.00028359	0.00036158	0.00139066	0.00102286	0.00647212	0.00447908	0.00007280	0.00033939	0.00268620	0.00100884	0.00014569	0.00040184	0.00935927	0.00090179	0.05654627	0.00286422	0.00168243
A[T>G]C	0.00029750	0.00139798	0.00008982	0.00158460	0.00002050	0.01311388	0.00316978	0.00014522	0.00042385	0.00213448	0.00433366	0.00001345	0.00068625	0.00100635	0.00106544	0.01122796	0.00284183	0.00027337
A[T>G]G	0.00047021	0.00203672	0.00003719	0.01234124	0.00097365	0.01292870	0.00873946	0.00060421	0.00069524	0.00328044	0.00098105	0.00057015	0.00151770	0.00106900	0.00108317	0.00898699	0.00839524	0.00328412
A[T>G]T	0.00057746	0.00506046	0.00020366	0.00042757	0.00000170	0.03238982	0.00124313	0.00000445	0.00193303	0.00357699	0.07091597	0.00005423	0.00084266	0.00040769	0.01345534	0.03107189	0.01228940	0.00051448
C[C>A]A	0.00049265	0.00662548	0.00010068	0.00070784	0.09463099	0.01886616	0.02477479	0.00124162	0.00000000	0.00055033	0.00013195	0.00124614	0.07432630	0.00251723	0.00167238	0.00577673	0.02182790	0.00230695
C[C>A]C	0.00028645	0.00209086	0.00001774	0.00024988	0.09452593	0.00508119	0.02888612	0.00093434	0.03018827	0.00122179	0.00016654	0.00100446	0.01254349	0.00315184	0.00177176	0.00186456	0.00445142	0.00376535
C[C>A]G	0.00001368	0.00120743	0.00000162	0.00504014	0.02886427	0.00121534	0.00000000	0.00006827	0.00390962	0.00050376	0.00001055	0.00001830	0.01022373	0.00162689	0.00018040	0.00134629	0.00197589	0.00050179
C[C>A]T	0.00019687	0.00114815	0.00057173	0.00000000	0.07722989	0.00434112	0.00584026	0.00000000	0.08478903	0.00030599	0.00018643	0.00000000	0.04673459	0.01312238	0.00028138	0.00029131	0.00065887	0.00015103
C[C>G]A	0.00000921	0.00037818	0.00000026	0.00991938	0.00963316	0.00135077	0.03178566	0.00001170	0.00122296	0.00078110	0.00016747	0.00531055	0.00023391	0.00022514	0.00059886	0.00151516	0.00195291	0.00249494
C[C>G]C	0.00011347	0.00101574	0.00008823	0.01508431	0.00822028	0.00933006	0.02335883	0.00006594	0.00178892	0.00031065	0.00012434	0.00119184	0.00108040	0.00177863	0.00027973	0.00314961	0.00118303	0.00114900
C[C>G]G	0.00005027	0.00120624	0.00001297	0.00458709	0.00380715	0.00214454	0.00178615	0.00056816	0.00029160	0.00014240	0.00002860	0.00045000	0.00253755	0.00043221	0.00053201	0.00011182	0.00222835	0.00072121
C[C>G]T	0.00003484	0.00113952	0.00005404	0.01334624	0.00766669	0.01290172	0.03819588	0.00000000	0.00145694	0.00107613	0.00013564	0.00617024	0.00242542	0.00402258	0.00004673	0.00646390	0.00147399	0.00074564
C[C>T]A	0.06510986	0.09672995	0.00236306	0.02078785	0.01414826	0.02498159	0.01828636	0.00244211	0.00644812	0.00035473	0.00028602	0.00000023	0.00623033	0.00400296	0.00176278	0.00617337	0.02671000	0.00175700
C[C>T]C	0.06689076	0.18024552	0.00000000	0.00968127	0.01186965	0.01322488	0.02324770	0.00035975	0.00485224	0.00173294	0.00002044	0.00058987	0.00514454	0.00430897	0.00090782	0.00691357	0.00058729	0.00239106
C[C>T]G	0.00736685	0.02364908	0.00179578	0.02559572	0.00372451	0.00685075	0.00413597	0.20067863	0.01312658	0.00002839	0.00165945	0.00126671	0.00469255	0.00838063	0.00158915	0.00652018	0.01208690	0.00216442
C[C>T]T	0.07030186	0.12041452	0.00010918	0.02209159	0.01730765	0.02108654	0.02903393	0.00033253	0.00841851	0.00186808	0.00003164	0.00116941	0.00172386	0.02255960	0.00211342	0.01051708	0.00198656	0.00305228
C[T>A]A	0.00007684	0.00053751	0.00031852	0.00088574	0.00639550	0.00002547	0.00198708	0.00000000	0.00064759	0.00049553	0.00013554	0.00010296	0.00000000	0.00323346	0.00021443	0.00153002	0.00156128	0.09998116
C[T>A]C	0.00014957	0.00084129	0.00033289	0.00256588	0.01088729	0.00236171	0.02411807	0.00010492	0.00311557	0.00222423	0.00181246	0.00045370	0.00126520	0.01249508	0.03905022	0.00013323	0.00054758	0.04185814
C[T>A]G	0.00019995	0.00033036	0.00003276	0.00011866	0.02291318	0.00197627	0.00351249	0.00044480	0.00149166	0.00046347	0.00045323	0.00005815	0.00100308	0.00009787	0.01191816	0.00007960	0.00056818	0.15060246
C[T>A]T	0.00029101	0.00028146	0.00027514	0.00005916	0.00991839	0.00726889	0.01308924	0.00010867	0.00000184	0.00000013	0.00738625	0.00029737	0.00093815	0.04490197	0.06711171	0.00021156	0.00059181	0.04338444
C[T>C]A	0.00040807	0.00173512	0.00030773	0.00738847	0.00524775	0.01566082	0.00182485	0.00000000	0.01103588	0.05251585	0.00052600	0.00027392	0.00000139	0.00874304	0.01056520	0.01553573	0.00690320	0.00750912
C[T>C]C	0.00004612	0.00153790	0.00021724	0.00040059	0.00207298	0.00624497	0.01158979	0.00206273	0.00047063	0.04435876	0.00577644	0.00029598	0.00132513	0.00000782	0.17441474	0.01042793	0.00128497	0.00208277
C[T>C]G	0.00002143	0.00053496	0.00019128	0.02326085	0.00573919	0.00992342	0.00080702	0.00022735	0.03336557	0.05213901	0.00444858	0.00041171	0.00021683	0.00012825	0.08241833	0.00919200	0.00114603	0.00425172
C[T>C]T	0.00191688	0.00590651	0.00000199	0.00065546	0.00229295	0.00002342	0.00000000	0.00002872	0.00342245	0.04519365	0.01600973	0.00005088	0.00024381	0.03737633	0.43500580	0.01771884	0.03259676	0.00010008
C[T>G]A	0.00013663	0.00056901	0.00001417	0.00167815	0.00062372	0.00085661	0.00533068	0.00000047	0.00050657	0.00134183	0.00200760	0.00007979	0.00004696	0.00210634	0.00006265	0.03095088	0.00145189	0.00503171
C[T>G]C	0.00008435	0.00240044	0.00031497	0.00571794	0.00006689	0.00557324	0.01018461	0.00032586	0.00314429	0.00272227	0.02998403	0.00007011	0.00128643	0.00452386	0.00153466	0.00555046	0.00146379	0.00137277
C[T>G]G	0.00005157	0.00235597	0.00000128	0.00785008	0.00344839	0.00210930	0.01617622	0.00022887	0.00474574	0.00239588	0.01319108	0.00009795	0.00117819	0.00056395	0.00022490	0.01677121	0.00145324	0.00851078
C[T>G]T	0.00001630	0.00086724	0.00003030	0.00966710	0.00069484	0.00037219	0.00000000	0.00000000	0.00002650	0.00000920	0.55073773	0.00025040	0.00008985	0.00227257	0.00157333	0.00180917	0.00007260	0.00270502
G[C>A]A	0.00002312	0.01313354	0.00001380	0.01067779	0.02985988	0.01750836	0.00515048	0.00164482	0.00121503	0.00093481	0.00115146	0.00109453	0.11756416	0.00070386	0.00269607	0.00689996	0.02667837	0.00367967
G[C>A]C	0.00018859	0.00122741	0.00005840	0.01187400	0.04385767	0.00834894	0.01248521	0.00000041	0.00546931	0.00030751	0.00000902	0.00046425	0.01922625	0.00040216	0.00100342	0.00786405	0.00269283	0.00211220
G[C>A]G	0.00003776	0.00072720	0.00005860	0.00368904	0.01795513	0.00308620	0.00015748	0.00046150	0.00097158	0.00007924	0.00016325	0.00021854	0.00659099	0.00000144	0.00033351	0.00055547	0.00150561	0.00044584
G[C>A]T	0.00000226	0.00551329	0.00000604	0.00633676	0.02059182	0.00726260	0.01162650	0.00000059	0.01210813	0.00019104	0.00057449	0.00028315	0.07969849	0.00001970	0.00065233	0.00752301	0.01210691	0.00177499
G[C>G]A	0.00003994	0.00008459	0.00001559	0.00678178	0.00606586	0.00129678	0.02093947	0.00000726	0.00117257	0.00021884	0.00007265	0.00176375	0.00008274	0.00003869	0.00065836	0.00183744	0.00034434	0.00310585
G[C>G]C	0.00001928	0.00056760	0.00004881	0.00796363	0.00683183	0.00403187	0.01457572	0.00016269	0.00193026	0.00077099	0.00028419	0.00076291	0.00077999	0.00031248	0.00029820	0.00331316	0.00055532	0.00153178
G[C>G]G	0.00003846	0.00030852	0.00004096	0.00235928	0.00372454	0.00060131	0.00371135	0.00028674	0.00012396	0.00011903	0.00001662	0.00028118	0.00021811	0.00013623	0.00009416	0.00046546	0.00078808	0.00032924
G[C>G]T	0.00003928	0.00034729	0.00005628	0.01023403	0.00328345	0.00221117	0.02574181	0.00000983	0.00276435	0.00066564	0.00000000	0.00287381	0.00051810	0.00104484	0.00075824	0.01142438	0.00104101	0.00192591
G[C>T]A	0.00009658	0.00128515	0.00001090	0.03178707	0.00297835	0.01429420	0.01490475	0.00686403	0.10135504	0.00086448	0.00000007	0.00795583	0.00202677	0.00001447	0.00176204	0.00336466	0.00236322	0.00529793
G[C>T]C	0.01433454	0.02511720	0.00023163	0.03697337	0.00350813	0.00956234	0.00948616	0.00223678	0.08769835	0.00106624	0.00006059	0.00121678	0.00167121	0.00026214	0.00051534	0.00383113	0.00182716	0.00514508
G[C>T]G	0.00000236	0.00387490	0.00001127	0.01748967	0.00015012	0.00409001	0.00003326	0.21763215	0.04091657	0.00047486	0.00277877	0.00000516	0.00126815	0.00001793	0.00030360	0.00026111	0.00764197	0.00146910
G[C>T]T	0.02507474	0.00273921	0.00088234	0.03008753	0.00298360	0.01391218	0.00798978	0.00168610	0.06649333	0.00195441	0.00000000	0.00179825	0.00113104	0.00552615	0.00113452	0.00823169	0.02914359	0.00367161
G[T>A]A	0.00054810	0.00038369	0.00007825	0.00352140	0.00508767	0.00194340	0.00556912	0.00000767	0.00184962	0.00040233	0.00004093	0.00008727	0.00072655	0.00126453	0.00000026	0.00202153	0.00089526	0.05669917
G[T>A]C	0.00024324	0.00031074	0.00019636	0.00288597	0.00308697	0.00131480	0.01169210	0.00021360	0.00261287	0.00126165	0.00040941	0.00012396	0.00108420	0.00209470	0.00271922	0.00256920	0.00072003	0.00980476
G[T>A]G	0.00042355	0.00062060	0.00003807	0.00376434	0.01094932	0.00180513	0.01460321	0.00046395	0.00237825	0.00109320	0.00030825	0.00001087	0.00042552	0.00000406	0.00033670	0.00007486	0.00102270	0.03795012
G[T>A]T	0.00038175	0.00045878	0.00008275	0.00140831	0.00530169	0.00128255	0.01958840	0.00000048	0.00384588	0.00027080	0.00147778	0.00028464	0.00223592	0.01948902	0.00443842	0.00298119	0.00761405	0.01147426
G[T>C]A	0.00009670	0.00033751	0.00009523	0.00278022	0.00316044	0.00584362	0.00117150	0.00093420	0.01862987	0.08133704	0.00002254	0.00071923	0.00004569	0.00020304	0.00000914	0.00410809	0.00051992	0.00165049
G[T>C]C	0.00000107	0.00059292	0.00029366	0.00557526	0.00105216	0.00489341	0.00450448	0.00196973	0.00002908	0.03042913	0.00160194	0.00029316	0.00186362	0.00001554	0.01456027	0.00834251	0.00213820	0.00112812
G[T>C]G	0.00004267	0.00093709	0.00006171	0.01270862	0.00218556	0.00452540	0.00748756	0.00144141	0.01436950	0.05491749	0.00103033	0.00059683	0.00193757	0.00037437	0.00429137	0.00011706	0.00287410	0.00195561
G[T>C]T	0.00228326	0.00617356	0.00033299	0.00085151	0.00059106	0.00066627	0.00170284	0.00002392	0.00587915	0.04667925	0.00129085	0.00009073	0.00048516	0.04361108	0.00331755	0.00005114	0.23582056	0.00066576
G[T>G]A	0.00001952	0.00055625	0.00025281	0.00282766	0.00038555	0.00107755	0.00683589	0.00015156	0.00012458	0.00139607	0.00038188	0.00013333	0.00033652	0.00159926	0.00020671	0.01329074	0.00036612	0.00166421
G[T>G]C	0.00007279	0.00056030	0.00014382	0.00167984	0.00021355	0.00228017	0.00332236	0.00000382	0.00022280	0.00102912	0.00708549	0.00002326	0.00009558	0.00141282	0.00007815	0.00766542	0.00015738	0.00029483
G[T>G]G	0.00021595	0.00305569	0.00023517	0.00653711	0.00217198	0.00141591	0.01734708	0.00085452	0.00051722	0.00275732	0.00166169	0.00040008	0.00413365	0.00591807	0.00055510	0.00472894	0.00475784	0.00136057
G[T>G]T	0.00109350	0.00428166	0.00001157	0.00000000	0.00000420	0.00144597	0.00563469	0.00004098	0.00233567	0.00185515	0.11382474	0.00000451	0.00099941	0.00636559	0.00621579	0.01200782	0.00790686	0.00007862
T[C>A]A	0.00032514	0.00258621	0.00018525	0.00067086	0.03684333	0.02419986	0.00128556	0.00003704	0.00131282	0.00047420	0.00002524	0.07702589	0.13462261	0.00262111	0.00106208	0.02314267	0.01094852	0.00190430
T[C>A]C	0.00035965	0.00359136	0.00069287	0.00691573	0.05124358	0.01724472	0.02006297	0.00265957	0.00247766	0.00061941	0.00000074	0.02891936	0.06839367	0.01434005	0.00000540	0.00362675	0.00981679	0.00089486
T[C>A]G	0.00002727	0.00114291	0.00000342	0.00321385	0.01250649	0.00298876	0.00003312	0.00001166	0.00009610	0.00022841	0.00007808	0.01131581	0.01578080	0.00000747	0.00023688	0.00038950	0.00216714	0.00003408
T[C>A]T	0.00066240	0.00226934	0.00033429	0.00904998	0.03180524	0.01188005	0.00421659	0.00000000	0.01704439	0.00012053	0.00223723	0.03590055	0.20633825	0.00207868	0.00048138	0.03010089	0.00526070	0.00623984
T[C>G]A	0.00006891	0.00033811	0.00000925	0.00275945	0.00073369	0.00072196	0.01220784	0.00001018	0.00016821	0.00192738	0.00009218	0.32556416	0.00022470	0.00102436	0.00329686	0.00169807	0.00266451	0.00394268
T[C>G]C	0.00006737	0.00214004	0.00000352	0.00854152	0.00618420	0.01266165	0.03267390	0.00000635	0.00114507	0.00047385	0.00000876	0.05987390	0.00337768	0.00374022	0.00075092	0.00287154	0.00374494	0.00101495
T[C>G]G	0.00001825	0.00053826	0.00000009	0.00277844	0.00184996	0.00272778	0.00001875	0.00010063	0.00029451	0.00004912	0.00004466	0.01438213	0.00047652	0.00005005	0.00034077	0.00046986	0.00129840	0.00023981
T[C>G]T	0.00002038	0.00715989	0.00102847	0.00684988	0.00013119	0.01403046	0.02792140	0.00105768	0.00205598	0.00287771	0.00155320	0.36106288	0.00235643	0.00942560	0.00001886	0.00718239	0.02259112	0.00089154
T[C>T]A	0.12794190	0.00137610	0.55942268	0.00136069	0.00257501	0.03583531	0.00106271	0.00191390	0.00341144	0.00015593	0.00004051	0.00295583	0.00512317	0.00672109	0.00035244	0.00340527	0.00273454	0.00108451
T[C>T]C	0.45215050	0.14997777	0.08554318	0.00000000	0.00526785	0.02358047	0.00365376	0.00000000	0.00176910	0.00049401	0.00076535	0.00158578	0.00071591	0.00110014	0.00035129	0.00233299	0.00996897	0.00030173
T[C>T]G	0.08451923	0.05617830	0.04039389	0.01881618	0.00000000	0.00389625	0.00000000	0.11081786	0.00010205	0.00036908	0.00004594	0.00032261	0.00221728	0.00001902	0.00023779	0.00016447	0.00673231	0.00000833
T[C>T]T	0.02327668	0.10148703	0.29206251	0.00936610	0.00700403	0.03604707	0.00572009	0.00000000	0.00506426	0.00193525	0.00044145	0.00089678	0.00040610	0.00388294	0.00051562	0.00291254	0.05335676	0.00120493
T[T>A]A	0.00022828	0.00408512	0.00012990	0.00163731	0.00085250	0.00940764	0.00000000	0.00545297	0.00685229	0.00016727	0.00146597	0.00035266	0.00745096	0.01727919	0.00015940	0.04117334	0.02594565	0.09029526
T[T>A]C	0.00030708	0.00225384	0.00009835	0.00193937	0.00335425	0.01385842	0.01455922	0.00000004	0.00000000	0.00237423	0.00019125	0.00023584	0.00080339	0.03668482	0.00520696	0.00166263	0.00094806	0.01798698
T[T>A]G	0.00005690	0.00126307	0.00001348	0.00398847	0.00534801	0.00523853	0.00341285	0.00002847	0.00042008	0.00068336	0.00000000	0.00026095	0.00044092	0.01167936	0.00142933	0.02031868	0.00430429	0.05546298
T[T>A]T	0.00080822	0.00035312	0.00042493	0.00035820	0.00396354	0.01950947	0.00865850	0.00060692	0.01256554	0.00001201	0.00120314	0.00001770	0.00034841	0.26556127	0.00003758	0.00961543	0.01842018	0.02294197
T[T>C]A	0.00316991	0.00618823	0.00000000	0.00483709	0.00167089	0.00853865	0.00654615	0.00000425	0.01255658	0.08410489	0.00099304	0.00032484	0.00119408	0.04487649	0.00137906	0.01009146	0.05304609	0.00378019
T[T>C]C	0.00084588	0.00274019	0.00002552	0.00147856	0.00003099	0.00819790	0.00500392	0.00319363	0.00588502	0.04523616	0.00133399	0.00044893	0.00523173	0.02217314	0.01379656	0.01473170	0.01160861	0.00009226
T[T>C]G	0.00021819	0.00384406	0.00006311	0.01178084	0.00119298	0.00696598	0.00042749	0.00000652	0.01496528	0.04115848	0.00177978	0.00045402	0.00196593	0.01566450	0.00201285	0.00430827	0.01867318	0.00309881
T[T>C]T	0.00077369	0.00418098	0.00040526	0.00769688	0.00000000	0.00038972	0.00374355	0.00314779	0.03340706	0.06670753	0.00097122	0.00080595	0.00083310	0.08180431	0.01733351	0.04881494	0.02865458	0.00007897
T[T>G]A	0.00015489	0.00137948	0.00003155	0.00128991	0.00004453	0.00284572	0.00847136	0.00001756	0.00038821	0.00161721	0.00002014	0.00033793	0.00007886	0.01524956	0.00009147	0.09468970	0.00103781	0.00416041
T[T>G]C	0.00007405	0.00259271	0.00004082	0.00769458	0.00000000	0.01992372	0.00824318	0.00028899	0.00081636	0.00170260	0.00851743	0.00032053	0.00091177	0.01585897	0.00087890	0.01508557	0.00142080	0.00032561
T[T>G]G	0.00004535	0.00203255	0.00000364	0.00861852	0.00228913	0.01178374	0.01122197	0.00108075	0.00180436	0.00325413	0.00416557	0.00037713	0.00037866	0.00649053	0.00142836	0.02116259	0.00112274	0.00369787
T[T>G]T	0.00002543	0.01991013	0.00002415	0.01046974	0.00002054	0.03572059	0.00660494	0.00050498	0.01165615	0.00398640	0.12143850	0.00032832	0.00276115	0.01421053	0.00721746	0.09228823	0.01274322	0.00065650
