MutationsType	ID83A	ID83B	ID83C	ID83D	ID83E	ID83F	ID83G	ID83H	ID83I	ID83J
1:Del:C:0	0.00377481	0.00000000	0.00448134	0.03185737	0.08947996	0.02715069	0.33986284	0.00927705	0.00960173	0.00767440
1:Del:C:1	0.00001898	0.00019499	0.01138612	0.02013330	0.21983329	0.00114945	0.10547881	0.00145178	0.00330174	0.00015318
1:Del:C:2	0.00000000	0.00000000	0.01463346	0.00153551	0.19508624	0.00560690	0.00076961	0.00008501	0.01006466	0.00000317
1:Del:C:3	0.00239323	0.00182482	0.01021486	0.00434723	0.07265349	0.00012525	0.01155351	0.00067605	0.00191041	0.00026834
1:Del:C:4	0.00375803	0.00038593	0.00019943	0.00028798	0.04563073	0.00211346	0.01507759	0.00077912	0.00276403	0.00178475
1:Del:C:5	0.01446167	0.00333706	0.00117233	0.00033602	0.02525233	0.00127389	0.00044520	0.00201671	0.00345384	0.00207684
1:Del:T:0	0.00787779	0.00118935	0.11337445	0.03449531	0.03201868	0.00153459	0.10341224	0.00385411	0.00103133	0.01741743
1:Del:T:1	0.00000000	0.00000000	0.16766234	0.01127175	0.00651999	0.00002699	0.02670500	0.01343707	0.00015188	0.00002558
1:Del:T:2	0.00707910	0.00075356	0.12813973	0.00597497	0.01384419	0.01209042	0.08211784	0.00025753	0.00046850	0.01063506
1:Del:T:3	0.02026899	0.00221081	0.10055781	0.00644487	0.01229451	0.02344876	0.10847427	0.00030039	0.00040496	0.01684263
1:Del:T:4	0.04736228	0.00432797	0.05384233	0.00069986	0.00964243	0.01878407	0.08891571	0.00025074	0.00233882	0.01256047
1:Del:T:5	0.82010162	0.00010497	0.01056310	0.00336828	0.00630188	0.00944214	0.01061484	0.00525020	0.02995594	0.03049203
1:Ins:C:0	0.00000000	0.00000000	0.00000176	0.00000270	0.00000096	0.00000490	0.00000507	0.00000113	0.00000693	0.46974706
1:Ins:C:1	0.00013749	0.00000023	0.00002416	0.00022907	0.00589919	0.00141920	0.00000000	0.00002154	0.13274997	0.01219042
1:Ins:C:2	0.00000622	0.00000001	0.00210865	0.00010850	0.00461362	0.00000157	0.00000803	0.00001451	0.08071360	0.00008565
1:Ins:C:3	0.00047007	0.00039278	0.00000000	0.00000000	0.00709039	0.00019171	0.00000000	0.00016939	0.02957667	0.00167495
1:Ins:C:4	0.00281631	0.00161161	0.00000000	0.00000000	0.00761751	0.00074966	0.00000000	0.00001364	0.01040499	0.00151127
1:Ins:C:5	0.00893918	0.02465733	0.00002991	0.00005212	0.00755574	0.00035857	0.00095431	0.00035334	0.00420929	0.00255289
1:Ins:T:0	0.00120563	0.00183783	0.00963770	0.00369966	0.01525121	0.00581373	0.02120021	0.00143671	0.01885252	0.03323638
1:Ins:T:1	0.00000000	0.00000000	0.00717868	0.00193996	0.05594250	0.00002657	0.00693477	0.00029477	0.26945222	0.00120144
1:Ins:T:2	0.00062868	0.00000072	0.02717409	0.00008641	0.05238769	0.00003497	0.00002536	0.00000757	0.14136993	0.00092252
1:Ins:T:3	0.00111466	0.00428282	0.01818314	0.00020550	0.03186009	0.00038966	0.00035990	0.00009541	0.09377247	0.00052081
1:Ins:T:4	0.00351285	0.01691667	0.01287901	0.00030610	0.00814441	0.00120977	0.00121627	0.00026891	0.04166030	0.00455003
1:Ins:T:5	0.00250299	0.90412676	0.00048156	0.00919825	0.00974392	0.01410936	0.02750249	0.00553703	0.04119488	0.24456920
2:Del:R:0	0.00006564	0.00006819	0.03010997	0.00912593	0.00631549	0.00094599	0.01187361	0.07315714	0.00012663	0.00008057
2:Del:R:1	0.00324026	0.00005734	0.01670007	0.00961458	0.01058245	0.00083740	0.00047515	0.23421569	0.00186787	0.00529808
2:Del:R:2	0.00173119	0.00000093	0.00246642	0.00003749	0.01315531	0.00194018	0.00043045	0.05381596	0.00143409	0.00248430
2:Del:R:3	0.00071467	0.00001595	0.00000000	0.00000000	0.00672208	0.00016192	0.00000000	0.01118170	0.00047840	0.00065118
2:Del:R:4	0.00072686	0.00000000	0.00045802	0.00000000	0.00389283	0.00003495	0.00000000	0.00261991	0.00068042	0.00003642
2:Del:R:5	0.00000000	0.00000010	0.02842628	0.00035773	0.00043203	0.00000000	0.00004483	0.00032731	0.00329894	0.00000000
3:Del:R:0	0.00001546	0.00002534	0.01990033	0.01244045	0.00087596	0.00050640	0.00129888	0.00464486	0.00003540	0.00088436
3:Del:R:1	0.00475804	0.00466923	0.00219600	0.00055049	0.00016984	0.00568801	0.00351606	0.09711463	0.00330474	0.00474076
3:Del:R:2	0.00235681	0.00018883	0.00006823	0.00000061	0.00000000	0.00101097	0.00037344	0.02078986	0.00261497	0.00117699
3:Del:R:3	0.00044053	0.00002717	0.00005520	0.00000000	0.00000000	0.00007883	0.00000000	0.00409459	0.00051254	0.00052410
3:Del:R:4	0.00000000	0.00000008	0.00775479	0.00000745	0.00005775	0.00000001	0.00000579	0.00002773	0.00049618	0.00000000
3:Del:R:5	0.00000000	0.00000005	0.01124223	0.00001217	0.00012428	0.00000001	0.00002319	0.00008783	0.00093730	0.00000000
4:Del:R:0	0.00000737	0.00000099	0.01236290	0.00752187	0.00026767	0.00212306	0.00039609	0.00714720	0.00000772	0.00000631
4:Del:R:1	0.00205716	0.00038787	0.00019628	0.00120021	0.00035360	0.00283568	0.00349810	0.06419269	0.00093150	0.00022149
4:Del:R:2	0.00035012	0.00000000	0.00000000	0.00000002	0.00000000	0.00025113	0.00000000	0.01038786	0.00001941	0.00050794
4:Del:R:3	0.00000015	0.00000002	0.00486078	0.00000483	0.00000414	0.00001237	0.00000398	0.00335881	0.00000011	0.00000000
4:Del:R:4	0.00000000	0.00000008	0.00606773	0.00001099	0.00001706	0.00000002	0.00000801	0.00003128	0.00008616	0.00000001
4:Del:R:5	0.00013425	0.00000001	0.00153394	0.00000000	0.00000000	0.00000775	0.00000153	0.00012043	0.00016409	0.00000000
5:Del:R:0	0.00000000	0.00000000	0.01639246	0.26868121	0.00101344	0.01044278	0.00025217	0.00176937	0.00045873	0.00186595
5:Del:R:1	0.00276479	0.00000001	0.00001365	0.00007720	0.00000000	0.00828086	0.00040675	0.01246138	0.00246828	0.00066251
5:Del:R:2	0.00032199	0.00000001	0.00001312	0.00000235	0.00000000	0.00026250	0.00000006	0.00189577	0.00031758	0.00003708
5:Del:R:3	0.00008442	0.00000002	0.00000002	0.00000000	0.00000000	0.00000353	0.00000002	0.00044709	0.00002787	0.00000826
5:Del:R:4	0.00004202	0.00000002	0.00000000	0.00000001	0.00000000	0.00000006	0.00000003	0.00002966	0.00000185	0.00000000
5:Del:R:5	0.00001534	0.00000007	0.00013246	0.00000000	0.00000000	0.00000174	0.00000000	0.00003173	0.00002674	0.00002074
2:Ins:R:0	0.00032913	0.00013651	0.00845050	0.00173125	0.00264023	0.00211572	0.00143185	0.00032027	0.00343203	0.02537804
2:Ins:R:1	0.00019681	0.00000000	0.02171828	0.00105679	0.00338332	0.00009357	0.00106738	0.00006564	0.00070703	0.00001797
2:Ins:R:2	0.00099169	0.00000363	0.00855470	0.00003458	0.00151073	0.00084153	0.00042047	0.00001976	0.00139456	0.00171219
2:Ins:R:3	0.00040549	0.00016772	0.00124544	0.00000556	0.00111196	0.00045581	0.00008278	0.00004625	0.00058813	0.00103710
2:Ins:R:4	0.00189774	0.00274195	0.00000000	0.00000000	0.00001967	0.00109233	0.00000000	0.00001804	0.00064370	0.00304324
2:Ins:R:5	0.01356089	0.01840532	0.00110864	0.00129825	0.00000000	0.00115674	0.00062609	0.00029040	0.00318200	0.00063700
3:Ins:R:0	0.00003385	0.00000070	0.00485109	0.00002683	0.00010876	0.00136376	0.00017715	0.00000372	0.00041461	0.00724091
3:Ins:R:1	0.00117694	0.00003607	0.00800706	0.00003600	0.00040084	0.00038263	0.00095688	0.00007507	0.00280262	0.00337415
3:Ins:R:2	0.00014500	0.00000000	0.00080373	0.00000535	0.00001768	0.00068355	0.00002036	0.00029599	0.00022209	0.00023986
3:Ins:R:3	0.00003038	0.00001164	0.00000000	0.00000000	0.00000000	0.00002467	0.00000000	0.00000000	0.00003279	0.00018405
3:Ins:R:4	0.00009589	0.00000035	0.00000000	0.00000000	0.00000000	0.00000577	0.00000001	0.00000000	0.00004254	0.00044543
3:Ins:R:5	0.00197162	0.00056798	0.00000000	0.00000000	0.00000000	0.00026675	0.00000000	0.00001800	0.00164415	0.00239662
4:Ins:R:0	0.00000551	0.00000011	0.00321387	0.00002185	0.00000071	0.00158721	0.00014070	0.00001982	0.00023498	0.00659358
4:Ins:R:1	0.00113436	0.00056757	0.00451542	0.00082836	0.00028062	0.00077557	0.00253522	0.00126128	0.00527399	0.00215451
4:Ins:R:2	0.00002045	0.00000724	0.00000786	0.00000198	0.00000000	0.00027100	0.00001220	0.00005091	0.00006794	0.00002051
4:Ins:R:3	0.00011166	0.00000190	0.00000000	0.00000000	0.00000000	0.00002547	0.00000000	0.00000000	0.00007708	0.00079365
4:Ins:R:4	0.00024580	0.00000813	0.00000000	0.00000000	0.00000000	0.00001326	0.00000000	0.00002516	0.00019457	0.00181067
4:Ins:R:5	0.00218308	0.00072906	0.00051937	0.00024202	0.00000000	0.00057342	0.00060812	0.00004630	0.00430493	0.00049833
5:Ins:R:0	0.00000000	0.00000047	0.00575942	0.00025328	0.00006971	0.00889954	0.00031088	0.00002078	0.00068295	0.00346049
5:Ins:R:1	0.00006519	0.00134586	0.00673143	0.00980797	0.00020004	0.00570366	0.00784114	0.00205680	0.01479772	0.03192965
5:Ins:R:2	0.00004503	0.00003908	0.00000000	0.00001040	0.00000000	0.00131464	0.00003715	0.00007940	0.00015518	0.00070685
5:Ins:R:3	0.00010359	0.00001493	0.00000086	0.00000000	0.00000000	0.00001690	0.00000856	0.00000000	0.00012454	0.00002197
5:Ins:R:4	0.00004170	0.00002899	0.00000000	0.00000000	0.00000000	0.00001819	0.00000180	0.00000000	0.00006857	0.00009069
5:Ins:R:5	0.00010576	0.00000053	0.00018611	0.00000000	0.00000000	0.00001801	0.00000000	0.00007100	0.00013069	0.00000803
2:Del:M:1	0.00000869	0.00002116	0.02440553	0.00350649	0.00856278	0.00002078	0.00086756	0.19267371	0.00004307	0.00162613
3:Del:M:1	0.00000001	0.00000132	0.01505198	0.01047983	0.00045152	0.00050805	0.00156700	0.00675813	0.00000005	0.00153366
3:Del:M:2	0.00286522	0.00125954	0.00770337	0.00431137	0.00051239	0.00447596	0.00083279	0.05088550	0.00150102	0.00303129
4:Del:M:1	0.00009325	0.00000000	0.00972242	0.00642701	0.00012773	0.00262720	0.00068815	0.01112482	0.00002551	0.00000000
4:Del:M:2	0.00040526	0.00000000	0.00541278	0.00043373	0.00024598	0.00954276	0.00223700	0.03040040	0.00003823	0.00070334
4:Del:M:3	0.00048813	0.00000000	0.00171660	0.00027425	0.00013561	0.00511926	0.00087987	0.05024749	0.00033131	0.00196860
5:Del:M:1	0.00044767	0.00000001	0.00219471	0.32081826	0.00028201	0.05135032	0.00000004	0.00007006	0.00006309	0.00210353
5:Del:M:2	0.00000009	0.00000002	0.00061192	0.12891470	0.00068858	0.26596772	0.00000043	0.00000258	0.00000018	0.00205255
5:Del:M:3	0.00000000	0.00000001	0.00245978	0.04187465	0.00041203	0.23252442	0.00000025	0.00006757	0.00000026	0.00031926
5:Del:M:4	0.00029637	0.00001822	0.00002400	0.01219796	0.00018817	0.12986537	0.00000065	0.00295313	0.00003060	0.00000000
5:Del:M:5	0.00224014	0.00028554	0.00014635	0.00917497	0.00000007	0.10781607	0.00240550	0.00023186	0.00703818	0.00096256
