MutationsType	SBS96A	SBS96B	SBS96C	SBS96D	SBS96E	SBS96F	SBS96G	SBS96H	SBS96I	SBS96J	SBS96K	SBS96L	SBS96M	SBS96N	SBS96O	SBS96P	SBS96Q	SBS96R
A[C>A]A	0.00877558	0.02309854	0.04448958	0.04886909	0.00000720	0.00065874	0.00077543	0.00672898	0.00160770	0.00003971	0.05606500	0.00206432	0.00042960	0.00101210	0.00454444	0.00005404	0.00332605	0.00005102
A[C>A]C	0.01123278	0.02299515	0.01326674	0.03932305	0.00011228	0.00006473	0.00160875	0.00461863	0.00033445	0.00059576	0.01700335	0.00140523	0.00068721	0.00065763	0.00033517	0.00062140	0.00083542	0.00196494
A[C>A]G	0.00312937	0.00045298	0.00319621	0.01829828	0.00004482	0.00010742	0.00009000	0.00089410	0.00010370	0.00016685	0.00137719	0.00005979	0.00003714	0.00013522	0.00015675	0.00023483	0.00017356	0.00003562
A[C>A]T	0.00570284	0.01395112	0.01930672	0.03519867	0.00020859	0.00021578	0.00075600	0.00111168	0.00056252	0.00033406	0.02282088	0.00021005	0.00682570	0.00027404	0.00108101	0.00389579	0.00415705	0.00404172
A[C>G]A	0.01263100	0.03091958	0.01276999	0.00684279	0.00007720	0.00024186	0.00220607	0.00399245	0.00000000	0.00016651	0.00085287	0.00066411	0.00455006	0.00346522	0.00061812	0.00134628	0.00512504	0.00439191
A[C>G]C	0.00523407	0.01878557	0.01106148	0.00252881	0.00000588	0.00011326	0.00095629	0.00260183	0.00000607	0.00015237	0.00346430	0.00048102	0.00159622	0.00095018	0.00038867	0.00259964	0.00188109	0.00293095
A[C>G]G	0.00245694	0.00000000	0.00421049	0.00136134	0.00000766	0.00004635	0.00001331	0.00061856	0.00061716	0.00000255	0.00225696	0.00047273	0.00047582	0.00028608	0.00024132	0.00069973	0.00035998	0.00115193
A[C>G]T	0.01114676	0.02591555	0.02026251	0.00298178	0.00003618	0.00008728	0.00159591	0.00325487	0.00007378	0.00030215	0.00531099	0.00035880	0.00487813	0.00429645	0.00208684	0.00374719	0.00392762	0.00429943
A[C>T]A	0.05347115	0.01350732	0.02711633	0.00817094	0.00001145	0.00161704	0.02416583	0.01078198	0.00078341	0.00044021	0.00632680	0.00252139	0.08854371	0.00814707	0.00169933	0.00346253	0.01146319	0.00888090
A[C>T]C	0.02608276	0.01576609	0.01458301	0.00381058	0.02257305	0.00003775	0.00552043	0.00445638	0.03892309	0.00176396	0.00368943	0.00244049	0.02047459	0.00012992	0.00866237	0.00502332	0.00183868	0.00233847
A[C>T]G	0.00042616	0.00681467	0.00646195	0.00186987	0.00000881	0.00434260	0.36964425	0.00077028	0.00047252	0.00005097	0.00067609	0.00000000	0.00115482	0.00009559	0.00014848	0.00102981	0.01000997	0.00235557
A[C>T]T	0.03886045	0.01372013	0.02347319	0.00322587	0.00883596	0.00076210	0.00943378	0.00331047	0.01170321	0.00344134	0.00806827	0.00107742	0.02775679	0.00027679	0.00824685	0.02803032	0.00335570	0.00884289
A[T>A]A	0.00974403	0.00156233	0.00995578	0.00447988	0.00254111	0.00007420	0.00118560	0.00602103	0.00211461	0.00029296	0.00109465	0.00101137	0.00504770	0.00001543	0.01298358	0.00041923	0.04979869	0.00171699
A[T>A]C	0.01005407	0.00938275	0.00440886	0.00317283	0.00048219	0.00024580	0.00330404	0.00606162	0.00042267	0.00100855	0.00037613	0.00064879	0.00269632	0.00034119	0.00294747	0.00157077	0.00860033	0.00116348
A[T>A]G	0.01473305	0.01003052	0.00860038	0.00882317	0.00070309	0.00010628	0.00132127	0.00351181	0.00160631	0.00005489	0.00175181	0.00023512	0.00173434	0.00106036	0.00016008	0.00295759	0.04400369	0.00137038
A[T>A]T	0.00120681	0.00096104	0.00869712	0.00410415	0.00407327	0.00052694	0.00021128	0.00974138	0.00854064	0.00004151	0.00377399	0.00114968	0.02941965	0.00080057	0.06321769	0.03194959	0.00758218	0.03186850
A[T>C]A	0.09215192	0.01341748	0.02789052	0.00607027	0.00039666	0.00025886	0.00094006	0.05908149	0.00057647	0.00058384	0.00020316	0.00034511	0.02315342	0.00190086	0.00069248	0.00436743	0.02413716	0.00084405
A[T>C]C	0.01412130	0.00741592	0.01018514	0.00006491	0.00004046	0.00015494	0.00385016	0.03433066	0.00029392	0.00056098	0.00257730	0.01209992	0.00431459	0.00034750	0.00047030	0.00441760	0.00257032	0.00011984
A[T>C]G	0.05981455	0.00929864	0.02336445	0.00465677	0.00002112	0.00000103	0.00022395	0.06082666	0.00122374	0.00047180	0.00276828	0.00086412	0.03477807	0.00055754	0.00051483	0.00935185	0.00784908	0.00007562
A[T>C]T	0.06324146	0.01875848	0.02671088	0.00077930	0.00066952	0.00021761	0.00582654	0.05234813	0.00173359	0.00054839	0.00493438	0.00932665	0.00347091	0.00170993	0.00255845	0.04794772	0.00329258	0.00457837
A[T>G]A	0.00439147	0.00443479	0.01179941	0.00083155	0.00044373	0.00148510	0.00001483	0.00255639	0.00001701	0.00056416	0.00057646	0.00083341	0.00049024	0.00001840	0.01113750	0.00341660	0.00184654	0.00991710
A[T>G]C	0.00220847	0.00283336	0.01210144	0.00010855	0.00015033	0.00460845	0.00034586	0.00061031	0.00109752	0.00021310	0.00054736	0.00060722	0.00025079	0.00000840	0.00066231	0.00272331	0.00016260	0.01225860
A[T>G]G	0.01146653	0.00863728	0.01282571	0.00086518	0.00021458	0.00093508	0.00041168	0.00303281	0.00147621	0.00019582	0.00269992	0.00097866	0.00123167	0.00000178	0.00050404	0.00974813	0.00448724	0.00843406
A[T>G]T	0.00010128	0.00082041	0.03013410	0.00000592	0.00030418	0.06652447	0.00000000	0.00048323	0.00033031	0.00002004	0.00025983	0.01200742	0.00145030	0.00029211	0.00000000	0.01225316	0.00058375	0.07012916
C[C>A]A	0.00022720	0.02453929	0.01603256	0.09309971	0.00050401	0.00019039	0.00004734	0.00046268	0.00128222	0.00013144	0.08406770	0.00002324	0.00001717	0.00143233	0.00002461	0.01346045	0.00120229	0.00515390
C[C>A]C	0.00061498	0.02661132	0.00451730	0.09702396	0.00012306	0.00003750	0.00172395	0.00025542	0.00108540	0.00037318	0.01221848	0.00135043	0.02830310	0.00048686	0.00187191	0.00320226	0.00463726	0.00023193
C[C>A]G	0.00577051	0.00018610	0.00024621	0.02962892	0.00000371	0.00001825	0.00008469	0.00044786	0.00028562	0.00000017	0.01258417	0.00032989	0.00363713	0.00000000	0.00177902	0.00026920	0.00040194	0.00002119
C[C>A]T	0.00000000	0.00589448	0.00819490	0.08647238	0.00004952	0.00002001	0.00000334	0.00011242	0.00156158	0.00043048	0.02907739	0.00004270	0.08604866	0.00000000	0.01272886	0.00000000	0.00086815	0.00013730
C[C>G]A	0.00747289	0.03033472	0.00375523	0.00902634	0.00000299	0.00014438	0.00015345	0.00223996	0.00040516	0.00001209	0.00000000	0.00066461	0.00109162	0.00624683	0.00000351	0.00159476	0.00239957	0.00029974
C[C>G]C	0.01268127	0.02146326	0.01093041	0.00769372	0.00001479	0.00009520	0.00039756	0.00280381	0.00108825	0.00027051	0.00302927	0.00003711	0.00146396	0.00055080	0.00190940	0.00045248	0.00360500	0.00007239
C[C>G]G	0.00424995	0.00174955	0.00183553	0.00351389	0.00003556	0.00000012	0.00035445	0.00075640	0.00067103	0.00018376	0.00454170	0.00049931	0.00024511	0.00005531	0.00028437	0.00145573	0.00202364	0.00004066
C[C>G]T	0.00859890	0.03389757	0.01674009	0.00708597	0.00005280	0.00007052	0.00002657	0.00522134	0.00071663	0.00005485	0.00364468	0.00003207	0.00150758	0.00662220	0.00447891	0.00057976	0.00170321	0.00250300
C[C>T]A	0.01278346	0.01576734	0.02485530	0.01404720	0.06215054	0.00039694	0.00363589	0.00764135	0.12081797	0.00017032	0.00733683	0.00161350	0.00433930	0.00001540	0.00516283	0.04880933	0.00309054	0.00544517
C[C>T]C	0.00695415	0.01878636	0.01534167	0.01158503	0.06167991	0.00012630	0.00019115	0.00805717	0.21446436	0.00000000	0.00289683	0.00180940	0.00535607	0.00003268	0.00569709	0.00044713	0.00641118	0.00018051
C[C>T]G	0.02699800	0.00347460	0.00298888	0.00283146	0.00654799	0.00584804	0.18877294	0.00280564	0.02440548	0.00328163	0.01461712	0.00217466	0.01203238	0.00206082	0.00983443	0.00532962	0.00934668	0.01405674
C[C>T]T	0.01931168	0.02626637	0.02231032	0.01848954	0.06969854	0.00029166	0.00023051	0.00607776	0.14465455	0.00083508	0.00173647	0.00204430	0.00720150	0.00060257	0.02658528	0.01012457	0.00558135	0.00164267
C[T>A]A	0.00291873	0.00371348	0.00000000	0.00406545	0.00019151	0.00004002	0.00003131	0.00134722	0.00057434	0.00014751	0.00006610	0.00009660	0.00049448	0.00014691	0.00329318	0.00182500	0.08976909	0.00019359
C[T>A]C	0.00170722	0.01826424	0.00529275	0.00580100	0.00002663	0.00180961	0.00006781	0.00318494	0.00072494	0.00037331	0.00188764	0.03878656	0.00294841	0.00025683	0.01426457	0.00002425	0.05670571	0.00061006
C[T>A]G	0.00196645	0.00487507	0.00241139	0.01799991	0.00003899	0.00034351	0.00050894	0.00133980	0.00033364	0.00017325	0.00060650	0.01150866	0.00099857	0.00042917	0.00010893	0.00173977	0.15057871	0.00037931
C[T>A]T	0.00002884	0.00914689	0.00747726	0.00760500	0.00026355	0.00732060	0.00000559	0.00023923	0.00000000	0.00037797	0.00084658	0.07214508	0.00000120	0.00047607	0.04758825	0.00000640	0.05003795	0.00013560
C[T>C]A	0.01218248	0.00742496	0.01536026	0.00493417	0.00048385	0.00037732	0.00050613	0.03469152	0.00127272	0.00016601	0.00000294	0.01099054	0.01416554	0.00021016	0.00723959	0.00928023	0.00560298	0.00178754
C[T>C]C	0.00529634	0.01162250	0.00718359	0.00173848	0.00020286	0.00175395	0.00324296	0.02501318	0.00062623	0.00002663	0.00277588	0.17482767	0.00220274	0.00002327	0.00014073	0.00008089	0.00207958	0.00245221
C[T>C]G	0.02851802	0.00581616	0.01111900	0.00547736	0.00000000	0.00187187	0.00031940	0.02891346	0.00034696	0.00016364	0.00000002	0.09335165	0.03374552	0.00014236	0.00056939	0.00154911	0.00423458	0.00117027
C[T>C]T	0.01378099	0.00048677	0.00275352	0.00097584	0.00173728	0.00767996	0.00003197	0.01133079	0.00736426	0.00016540	0.00420240	0.41650411	0.00526063	0.00010604	0.02759725	0.03199814	0.00086917	0.00224541
C[T>G]A	0.00220968	0.00687254	0.00344939	0.00039556	0.00008788	0.00195927	0.00004201	0.00178764	0.00035781	0.00003427	0.00004228	0.00047066	0.00072225	0.00005252	0.00349028	0.00097425	0.00387595	0.01191837
C[T>G]C	0.00473273	0.01022147	0.00478268	0.00011859	0.00001891	0.03104476	0.00042203	0.00158357	0.00093921	0.00031211	0.00210223	0.00176956	0.00287715	0.00013850	0.00563136	0.00008741	0.00097814	0.01450379
C[T>G]G	0.00697743	0.01632438	0.00424003	0.00292119	0.00000000	0.01384993	0.00020067	0.00200299	0.00108951	0.00000024	0.00311188	0.00032682	0.00392231	0.00016478	0.00135697	0.00019332	0.00712513	0.00792096
C[T>G]T	0.00499033	0.00068269	0.00113264	0.00084930	0.00000000	0.55423592	0.00068508	0.00113565	0.00000000	0.00000000	0.00188956	0.00203942	0.00002273	0.00000000	0.00240996	0.00000820	0.00170105	0.01951326
G[C>A]A	0.01103346	0.00529802	0.01337604	0.02915093	0.00000000	0.00111950	0.00096564	0.00330077	0.00041044	0.00018630	0.14078997	0.00258996	0.00093020	0.00042048	0.00013295	0.00020350	0.00276427	0.00744729
G[C>A]C	0.00988766	0.01119730	0.00915884	0.04401869	0.00020133	0.00000520	0.00034820	0.00785386	0.00000030	0.00016505	0.01774178	0.00074485	0.00437743	0.00020806	0.00004714	0.00005472	0.00181077	0.00048729
G[C>A]G	0.00388375	0.00002809	0.00213558	0.01809288	0.00001730	0.00007444	0.00069453	0.00151755	0.00000174	0.00007463	0.00828983	0.00018695	0.00036665	0.00007577	0.00000084	0.00003425	0.00010576	0.00093058
G[C>A]T	0.00444622	0.01081142	0.00900767	0.02014529	0.00000000	0.00043536	0.00000153	0.00485792	0.00000000	0.00000000	0.08042941	0.00000386	0.01093256	0.00019896	0.00010952	0.00008461	0.00014596	0.00412655
G[C>G]A	0.00490938	0.01979538	0.00246300	0.00603190	0.00001073	0.00001998	0.00026022	0.00118715	0.00000707	0.00006618	0.00042901	0.00103100	0.00077030	0.00140318	0.00011879	0.00030173	0.00248177	0.00077567
G[C>G]C	0.00572207	0.01305250	0.00553876	0.00661126	0.00000335	0.00001542	0.00068654	0.00227969	0.00033427	0.00010005	0.00053834	0.00135794	0.00202291	0.00049497	0.00062057	0.00006178	0.00388849	0.00229149
G[C>G]G	0.00205915	0.00344024	0.00075446	0.00389283	0.00002531	0.00004424	0.00028461	0.00015787	0.00037538	0.00002054	0.00034901	0.00009874	0.00026951	0.00020244	0.00017039	0.00056501	0.00049492	0.00006846
G[C>G]T	0.00833692	0.02260325	0.00503389	0.00286750	0.00000426	0.00000243	0.00025546	0.00311456	0.00028172	0.00011809	0.00077370	0.00061642	0.00242138	0.00295957	0.00122708	0.00098604	0.00335646	0.00150041
G[C>T]A	0.02702150	0.02080043	0.01411173	0.00303667	0.00007865	0.00021878	0.00360764	0.00823759	0.00023432	0.00006698	0.00663377	0.00241261	0.08532923	0.00759688	0.00009666	0.00079644	0.00337364	0.00624670
G[C>T]C	0.03222280	0.01480819	0.00964124	0.00333024	0.01339795	0.00008133	0.00114148	0.00574446	0.02871913	0.00170332	0.00439472	0.00004256	0.07352759	0.00015931	0.00066209	0.00300909	0.00401166	0.00742948
G[C>T]G	0.01304070	0.00000000	0.00000000	0.00000000	0.00000000	0.00602889	0.21532813	0.00368054	0.00000000	0.00000175	0.01335189	0.00154846	0.05458166	0.00197064	0.00000000	0.00001259	0.00441993	0.01398845
G[C>T]T	0.02441830	0.00975305	0.01542566	0.00268976	0.02318358	0.00001551	0.00028801	0.00433021	0.00400713	0.00062047	0.00287823	0.00104741	0.06662813	0.00177610	0.00156305	0.04016033	0.00502158	0.00410695
G[T>A]A	0.00381695	0.00752261	0.00160910	0.00617893	0.00041472	0.00015721	0.00007270	0.00184895	0.00032641	0.00039312	0.00114267	0.00008974	0.00174881	0.00000478	0.00159865	0.00000409	0.03351716	0.00098450
G[T>A]C	0.00236043	0.01049109	0.00244982	0.00257278	0.00024351	0.00033613	0.00003454	0.00184002	0.00011043	0.00020409	0.00211902	0.00294005	0.00266627	0.00022287	0.00259204	0.00019523	0.00966519	0.00058993
G[T>A]G	0.00313895	0.01507761	0.00185353	0.01320495	0.00023444	0.00019626	0.00013125	0.00203494	0.00050209	0.00019624	0.00076340	0.00057050	0.00284278	0.00006617	0.00000732	0.00124825	0.02286565	0.00058034
G[T>A]T	0.00099191	0.01602266	0.00286780	0.00519935	0.00036127	0.00155980	0.00016181	0.00096319	0.00008531	0.00015941	0.00284401	0.00488978	0.00347940	0.00063640	0.02067544	0.00761269	0.00616041	0.00099250
G[T>C]A	0.01003510	0.00963004	0.00392500	0.00259257	0.00003856	0.00002947	0.00047783	0.05201408	0.00008969	0.00016619	0.00014018	0.00019504	0.02458958	0.00011587	0.00000229	0.00079740	0.00363095	0.00111734
G[T>C]C	0.00857127	0.00634432	0.00465917	0.00051658	0.00008500	0.00095727	0.00233360	0.02130496	0.00000495	0.00008493	0.00284998	0.01413032	0.00143556	0.00023076	0.00014875	0.00187283	0.00344218	0.00068919
G[T>C]G	0.01759720	0.01216334	0.00297698	0.00192607	0.00001604	0.00113468	0.00144967	0.03346584	0.00044223	0.00004330	0.00492485	0.00380757	0.01890463	0.00019574	0.00030994	0.00241301	0.00300831	0.00117053
G[T>C]T	0.00650950	0.00171987	0.00302973	0.00008095	0.00043501	0.00058844	0.00003438	0.02310286	0.00653563	0.00020933	0.00201385	0.00494658	0.00776898	0.00000000	0.00550560	0.27552340	0.00200334	0.00263160
G[T>G]A	0.00279987	0.00693222	0.00260621	0.00028091	0.00007421	0.00032741	0.00016089	0.00192982	0.00022406	0.00010371	0.00072646	0.00077375	0.00045880	0.00002816	0.00249342	0.00014698	0.00227677	0.00073375
G[T>G]C	0.00223166	0.00317110	0.00343101	0.00007079	0.00010078	0.00602646	0.00006342	0.00070051	0.00036602	0.00011878	0.00008852	0.00030051	0.00036071	0.00015845	0.00132152	0.00006470	0.00110167	0.00030963
G[T>G]G	0.00562394	0.01676354	0.00195729	0.00176064	0.00023948	0.00147194	0.00057236	0.00185936	0.00283749	0.00009419	0.00678660	0.00074877	0.00112007	0.00113167	0.00586711	0.00399900	0.00230006	0.00257222
G[T>G]T	0.00002593	0.00550532	0.00240867	0.00001546	0.00106175	0.12168769	0.00033874	0.00015176	0.00193731	0.00007666	0.00096848	0.00611626	0.00287853	0.00013990	0.00653560	0.00649846	0.00015775	0.00212446
T[C>A]A	0.00063634	0.00111099	0.03881436	0.04125519	0.00031467	0.00003977	0.00005056	0.00048191	0.00224641	0.00055075	0.08651299	0.00023745	0.00128134	0.07864556	0.00157147	0.01033747	0.00354509	0.00313952
T[C>A]C	0.00595811	0.01596884	0.02614038	0.05195256	0.00039703	0.00017139	0.00225050	0.00111059	0.00346658	0.00022106	0.04870070	0.00076864	0.00247809	0.03127883	0.01341269	0.00796651	0.00097681	0.00009789
T[C>A]G	0.00354585	0.00009949	0.00351385	0.01229968	0.00000914	0.00001628	0.00045852	0.00008820	0.00017853	0.00001099	0.01505345	0.00004800	0.00002269	0.01122659	0.00000078	0.00015527	0.00041239	0.00001728
T[C>A]T	0.00773323	0.00444833	0.02842607	0.03610816	0.00047006	0.00276713	0.00178801	0.00033939	0.00086513	0.00084623	0.15603399	0.00100419	0.01812407	0.03534795	0.00343166	0.00089099	0.01051427	0.00491923
T[C>G]A	0.00138982	0.01313230	0.00119418	0.00175859	0.00000000	0.00009772	0.00002721	0.00453083	0.00004368	0.00001255	0.00174422	0.00327944	0.00145564	0.30017866	0.00144409	0.00377957	0.00503917	0.00119864
T[C>G]C	0.00394864	0.02902998	0.01430680	0.00533087	0.00000000	0.00000534	0.00029914	0.00528616	0.00153161	0.00000314	0.00401400	0.00064819	0.00143503	0.06640019	0.00444421	0.00021639	0.00268280	0.00391179
T[C>G]G	0.00255756	0.00011875	0.00207900	0.00224205	0.00000042	0.00002410	0.00010748	0.00078061	0.00028255	0.00002259	0.00122228	0.00040236	0.00031080	0.01398183	0.00000000	0.00106591	0.00013255	0.00002051
T[C>G]T	0.00227215	0.02494431	0.01263444	0.00066972	0.00047549	0.00143988	0.00237029	0.01438326	0.00004979	0.00002689	0.00008141	0.00061633	0.00274629	0.38480425	0.01299304	0.00001715	0.00433872	0.00380809
T[C>T]A	0.00151561	0.00017357	0.03710307	0.00249455	0.12361779	0.00002238	0.00144738	0.01685646	0.00006665	0.59428841	0.00704231	0.00031548	0.00180994	0.00207592	0.01755717	0.00005434	0.00748475	0.00140295
T[C>T]C	0.00000000	0.00078716	0.01759469	0.00675393	0.45920223	0.00002876	0.00003978	0.01893967	0.15568640	0.07011129	0.00000000	0.00001391	0.00021647	0.00221857	0.01455927	0.08968678	0.01258697	0.00006843
T[C>T]G	0.02163629	0.00001580	0.00000000	0.00000000	0.09437977	0.00297427	0.10120695	0.00173174	0.05640047	0.04655503	0.01137516	0.00035818	0.00066238	0.00073784	0.00000000	0.00664894	0.00192297	0.00443017
T[C>T]T	0.00687501	0.00211700	0.02342402	0.00650551	0.03053881	0.00043883	0.00001408	0.08452584	0.10939556	0.25956395	0.00006390	0.00135362	0.00375535	0.00335665	0.00052103	0.03747473	0.04157174	0.00428361
T[T>A]A	0.00360083	0.00111376	0.00510867	0.00230545	0.00013759	0.00080465	0.00801379	0.01102328	0.00225280	0.00000932	0.00994588	0.00044487	0.00564028	0.00029707	0.02193939	0.01387219	0.06499793	0.05619755
T[T>A]C	0.00059855	0.01084078	0.01284752	0.00174104	0.00021505	0.00026499	0.00005721	0.00676673	0.00218630	0.00023439	0.00181780	0.00551495	0.00001480	0.00052156	0.03646986	0.00084786	0.02031381	0.00406706
T[T>A]G	0.00546442	0.00423835	0.00591982	0.00642696	0.00000000	0.00000296	0.00030304	0.00315931	0.00147677	0.00000000	0.00090843	0.00157499	0.00078721	0.00008577	0.01347598	0.00449152	0.03870971	0.00308760
T[T>A]T	0.00173668	0.00124027	0.01646261	0.00432214	0.00028281	0.00152738	0.00191438	0.00639751	0.00002281	0.00153129	0.00098024	0.00254674	0.01231834	0.00007646	0.26370151	0.02534639	0.01245961	0.00599577
T[T>C]A	0.00987482	0.01175284	0.00273757	0.00079715	0.00219639	0.00070718	0.00024838	0.06622766	0.00483869	0.00063816	0.00019041	0.00098966	0.02114135	0.00000593	0.03731972	0.06692104	0.01155233	0.01771182
T[T>C]C	0.00474230	0.00776577	0.00546727	0.00000000	0.00063919	0.00096336	0.00550977	0.03568214	0.00154272	0.00000460	0.00473368	0.01442150	0.01046426	0.00010846	0.02480783	0.01183909	0.00086034	0.00809188
T[T>C]G	0.01323659	0.00488053	0.00374887	0.00087674	0.00002969	0.00107369	0.00049601	0.03209265	0.00384705	0.00004956	0.00266143	0.00208735	0.01781763	0.00002398	0.01508744	0.02087827	0.00676669	0.00889601
T[T>C]T	0.01561437	0.00951037	0.00002622	0.00008605	0.00083067	0.00049283	0.00519538	0.04933317	0.00320713	0.00034460	0.00037818	0.01966990	0.03222291	0.00060861	0.09124592	0.03382188	0.00178123	0.00804090
T[T>G]A	0.00460073	0.00858728	0.00765240	0.00000883	0.00012994	0.00000000	0.00012961	0.00580245	0.00048502	0.00003313	0.00002923	0.00000000	0.00001098	0.00030543	0.02268397	0.00006961	0.00490171	0.05196390
T[T>G]C	0.00704282	0.00715879	0.01648201	0.00000112	0.00001298	0.00867102	0.00046038	0.00428658	0.00123430	0.00008652	0.00115233	0.00001662	0.00067827	0.00028398	0.01712748	0.00049650	0.00114280	0.03791334
T[T>G]G	0.00889682	0.01187836	0.01122107	0.00176460	0.00000069	0.00455034	0.00112760	0.00329594	0.00087001	0.00001026	0.00054658	0.00144101	0.00216978	0.00000000	0.00862899	0.00063110	0.00642822	0.01847365
T[T>G]T	0.00248083	0.00825303	0.00685104	0.00020766	0.00000819	0.11742216	0.00070433	0.00820195	0.00030142	0.00017566	0.00008367	0.00575561	0.00797155	0.00000000	0.01766095	0.00048424	0.00067640	0.41199005
