MutationsType	SBS96A	SBS96B	SBS96C	SBS96D	SBS96E	SBS96F	SBS96G	SBS96H	SBS96I	SBS96J	SBS96K	SBS96L	SBS96M	SBS96N	SBS96O	SBS96P	SBS96Q	SBS96R	SBS96S	SBS96T	SBS96U	SBS96V
A[C>A]A	0.00002943	0.00204412	0.04506743	0.00038436	0.00750872	0.03919384	0.02485304	0.00055550	0.00112971	0.00068474	0.00492237	0.00435650	0.05721042	0.01092741	0.00227820	0.05602287	0.00018347	0.00181222	0.00796907	0.00943353	0.00134086	0.00547785
A[C>A]C	0.00017812	0.00022754	0.03542756	0.00046047	0.01104923	0.01277106	0.01663976	0.00017993	0.00235839	0.00052628	0.00093935	0.00217105	0.01427519	0.00327995	0.00101827	0.04897144	0.00087027	0.00068982	0.00117503	0.03967443	0.00110017	0.00452563
A[C>A]G	0.00007031	0.00010146	0.01737672	0.00014839	0.00137936	0.00279904	0.00077117	0.00007684	0.00018641	0.00001845	0.00035786	0.00061310	0.00093742	0.00123247	0.00009614	0.01843142	0.00019826	0.00024717	0.00107490	0.00089897	0.00004820	0.00093700
A[C>A]T	0.00024603	0.00051762	0.03309374	0.00028737	0.00398966	0.01914713	0.01274009	0.00046810	0.00128934	0.00587421	0.00197603	0.00092203	0.02202121	0.00699939	0.00014268	0.02994196	0.00385722	0.00030473	0.00226125	0.01737009	0.00091811	0.00655158
A[C>G]A	0.00004011	0.00000005	0.00743453	0.00027390	0.01708640	0.01235928	0.03006617	0.00015706	0.00206480	0.00381353	0.00106244	0.00254985	0.00107987	0.00565502	0.00123221	0.00913239	0.00125723	0.00390638	0.00284631	0.00838483	0.00651180	0.00068975
A[C>G]C	0.00001283	0.00015393	0.00294647	0.00025913	0.00869113	0.01079542	0.01753994	0.00007050	0.00132989	0.00063478	0.00027270	0.00136099	0.00266792	0.00333664	0.00062332	0.00550562	0.00257607	0.00096698	0.00081924	0.00718226	0.00383816	0.00062014
A[C>G]G	0.00005199	0.00049157	0.00151310	0.00006949	0.00315360	0.00444430	0.00000000	0.00001058	0.00012206	0.00017668	0.00002748	0.00040586	0.00216351	0.00123726	0.00014996	0.00117905	0.00092991	0.00021834	0.00022956	0.00059691	0.00141923	0.00027292
A[C>G]T	0.00007308	0.00020250	0.00361726	0.00038399	0.01440038	0.01933731	0.02522548	0.00033105	0.00128493	0.00402455	0.00185241	0.00236492	0.00413743	0.01135690	0.00017131	0.00713160	0.00300513	0.00393994	0.00084785	0.01314643	0.01006003	0.00078855
A[C>T]A	0.00006310	0.00107501	0.00924797	0.00110668	0.06584045	0.02832353	0.01513169	0.00139117	0.02513846	0.08971742	0.00167784	0.01313014	0.00724787	0.02370919	0.00197435	0.01093105	0.00384438	0.00729642	0.00502766	0.00483777	0.01026769	0.00248492
A[C>T]C	0.02021872	0.03897294	0.00387977	0.00155774	0.03060755	0.01415169	0.01588111	0.00025752	0.00635919	0.01793473	0.00786527	0.00555829	0.00359971	0.01307833	0.00209002	0.01200948	0.00250988	0.00013881	0.00198595	0.00726173	0.00244679	0.00393057
A[C>T]G	0.00001119	0.00041830	0.00135328	0.00003580	0.00289173	0.00391527	0.00737058	0.01293876	0.36330719	0.01410020	0.00035233	0.00026543	0.00484105	0.00288685	0.00053667	0.00309536	0.00092536	0.00326785	0.00192599	0.00268747	0.00083009	0.00730873
A[C>T]T	0.00828888	0.01071731	0.00442696	0.00244691	0.04152674	0.02486658	0.01411724	0.00043686	0.00962705	0.03072034	0.00784580	0.00574303	0.00768424	0.01723957	0.00106876	0.00866308	0.03252835	0.00038979	0.00267666	0.00757448	0.00578358	0.00637993
A[T>A]A	0.00217429	0.00240724	0.00294813	0.00034703	0.00519831	0.00872847	0.00237105	0.00006542	0.00071029	0.00528662	0.01244491	0.00524484	0.00226279	0.02024146	0.00100214	0.00415209	0.00027640	0.00001629	0.05935459	0.00331485	0.00646392	0.00057946
A[T>A]C	0.00062781	0.00039233	0.00311922	0.00109254	0.01123392	0.00378200	0.00893455	0.00034197	0.00222946	0.00307338	0.00343125	0.00377118	0.00054558	0.00939336	0.00113031	0.00434124	0.00119583	0.00008907	0.00698395	0.00906813	0.00481002	0.00063761
A[T>A]G	0.00063065	0.00144934	0.00705226	0.00041959	0.01336179	0.00860086	0.01056865	0.00008159	0.00115166	0.00070932	0.00013190	0.00402265	0.00244298	0.01139143	0.00026684	0.00711941	0.00374820	0.00062995	0.05711800	0.00271740	0.00238649	0.00062172
A[T>A]T	0.00422625	0.00853416	0.00490241	0.00006905	0.00024686	0.01077999	0.00193329	0.00060770	0.00026420	0.02893104	0.05122613	0.00015238	0.00662172	0.00094006	0.00134669	0.00089314	0.03945280	0.00054543	0.00008199	0.00380391	0.08279770	0.00325271
A[T>C]A	0.00039225	0.00059800	0.00533381	0.00145292	0.02570903	0.01991835	0.00925479	0.00009400	0.00094749	0.02305758	0.00040109	0.07196071	0.00111122	0.21014577	0.00062235	0.01575957	0.00491112	0.00183794	0.02367396	0.02340740	0.01479611	0.00100887
A[T>C]C	0.00020023	0.00041123	0.00013449	0.00044621	0.01551897	0.00891813	0.00702227	0.00026217	0.00297959	0.00339814	0.00050155	0.04088420	0.00267171	0.01635314	0.01264210	0.00649907	0.00399367	0.00021456	0.00209206	0.00863860	0.00610944	0.00063314
A[T>C]G	0.00012027	0.00129881	0.00381851	0.00122736	0.05249263	0.02013298	0.00699997	0.00000025	0.00011717	0.02861215	0.00118878	0.07409378	0.00183175	0.07233705	0.00080850	0.01505073	0.00952215	0.00040313	0.01033304	0.01859104	0.00733383	0.00063048
A[T>C]T	0.00051490	0.00208187	0.00067608	0.00138357	0.03394024	0.02361411	0.01461613	0.00064571	0.00586222	0.00230756	0.00275805	0.06311020	0.00458523	0.12328260	0.00806103	0.01427971	0.04997527	0.00092804	0.00181728	0.02439723	0.01981461	0.00092384
A[T>G]A	0.00050217	0.00002999	0.00080185	0.00033598	0.00281342	0.01137970	0.00394521	0.00137192	0.00018569	0.00027961	0.01190146	0.00199664	0.00038783	0.00834941	0.00084802	0.00228342	0.00361726	0.00003008	0.00199283	0.00408310	0.00756276	0.01026699
A[T>G]C	0.00026203	0.00091384	0.00003428	0.00015467	0.00213861	0.01250838	0.00288742	0.00432861	0.00026056	0.00018800	0.00105263	0.00084279	0.00074742	0.00315532	0.00072321	0.00220180	0.00262397	0.00001587	0.00027491	0.00183551	0.00102582	0.01748091
A[T>G]G	0.00028753	0.00149542	0.00106704	0.00029894	0.01438413	0.01241731	0.00777267	0.00094524	0.00038794	0.00051739	0.00052843	0.00202700	0.00208117	0.00709356	0.00077610	0.00432404	0.01050306	0.00002888	0.00308652	0.00777373	0.00269624	0.00809945
A[T>G]T	0.00029508	0.00060242	0.00002265	0.00013442	0.00030354	0.02746089	0.00129411	0.06706670	0.00031568	0.00111421	0.00002840	0.00113827	0.00110819	0.00253610	0.01222448	0.00282557	0.01403170	0.00023874	0.00042430	0.00214606	0.00383986	0.10931372
C[C>A]A	0.00033067	0.00182379	0.10118133	0.00040183	0.00064587	0.01800350	0.02358188	0.00020417	0.00033781	0.00020058	0.00000239	0.00223849	0.08233715	0.00455691	0.00029694	0.01624328	0.01567111	0.00127925	0.00240079	0.02436941	0.00244518	0.00863126
C[C>A]C	0.00021221	0.00143904	0.09887304	0.00030623	0.00043195	0.00587802	0.02978525	0.00005565	0.00165833	0.02946966	0.00311387	0.00169429	0.01454807	0.00555111	0.00120519	0.01514489	0.00287388	0.00096254	0.00564369	0.02095851	0.00015841	0.00364263
C[C>A]G	0.00000003	0.00042394	0.03060688	0.00012547	0.00562692	0.00004694	0.00096440	0.00000583	0.00008284	0.00388693	0.00191442	0.00122776	0.01206680	0.00314426	0.00011200	0.00684479	0.00012567	0.00001663	0.00047262	0.00160194	0.00006736	0.00129605
C[C>A]T	0.00030540	0.00161596	0.08391333	0.00034989	0.00003826	0.01037837	0.00627488	0.00012499	0.00001715	0.08406692	0.01349388	0.00001646	0.03361696	0.00062714	0.00007502	0.01948091	0.00004392	0.00000035	0.00090281	0.05055063	0.00045189	0.00549726
C[C>G]A	0.00000009	0.00039109	0.00880113	0.00019963	0.01040211	0.00220703	0.03025430	0.00011960	0.00010082	0.00056767	0.00015880	0.00188449	0.00003733	0.00592248	0.00068518	0.00749718	0.00141030	0.00560497	0.00244272	0.00733483	0.00248299	0.00037055
C[C>G]C	0.00010617	0.00091959	0.00731778	0.00058884	0.01584195	0.00981503	0.02044309	0.00001106	0.00014545	0.00079814	0.00220771	0.00228298	0.00185913	0.00775279	0.00040251	0.01064030	0.00043700	0.00068887	0.00202307	0.01017961	0.00101630	0.00061542
C[C>G]G	0.00006775	0.00079911	0.00425348	0.00016814	0.00479847	0.00195929	0.00153399	0.00001278	0.00021167	0.00028152	0.00025768	0.00058503	0.00412317	0.00263790	0.00030674	0.00087845	0.00132308	0.00048503	0.00050014	0.00178147	0.00048953	0.00040335
C[C>G]T	0.00007184	0.00083257	0.00685583	0.00041454	0.01226781	0.01397835	0.03279836	0.00012299	0.00020995	0.00083258	0.00414889	0.00244253	0.00350813	0.00994118	0.00019496	0.01160287	0.00020524	0.00633398	0.00165447	0.01841320	0.00573487	0.00083817
C[C>T]A	0.05615993	0.11162976	0.01424562	0.00410158	0.01881856	0.02536634	0.02004202	0.00047930	0.00213887	0.00441998	0.00301297	0.00745715	0.00996355	0.01085050	0.00095232	0.01509157	0.03720767	0.00005779	0.00317717	0.00481924	0.00726949	0.00144898
C[C>T]C	0.06364770	0.18713589	0.01298086	0.00003828	0.01184280	0.01836410	0.01904442	0.00004694	0.00031951	0.00452484	0.00600615	0.00282590	0.00263486	0.00559282	0.00172150	0.00556845	0.00542990	0.00120900	0.00443802	0.06252129	0.00028473	0.00113980
C[C>T]G	0.00741867	0.02239460	0.00387449	0.00297360	0.03190489	0.00228052	0.00166759	0.00734545	0.19525713	0.01646631	0.00885435	0.00387061	0.01417577	0.01054262	0.00230257	0.00871220	0.00310699	0.00358258	0.00147783	0.00821131	0.00949464	0.00299469
C[C>T]T	0.06475535	0.12986643	0.01940453	0.00127227	0.02270484	0.02409797	0.02557088	0.00007191	0.00033870	0.00699237	0.02080213	0.00601181	0.00288880	0.02205379	0.00186658	0.00608178	0.00300809	0.00128144	0.00305870	0.03875741	0.00583548	0.00433573
C[T>A]A	0.00015917	0.00100228	0.00047404	0.00035176	0.00038171	0.00000000	0.00001418	0.00003641	0.00001439	0.00007880	0.00295186	0.00060678	0.00000099	0.00140167	0.00016461	0.00300017	0.00153690	0.00018368	0.11812972	0.03592856	0.00137176	0.00015200
C[T>A]C	0.00023599	0.00083665	0.00742555	0.00036330	0.00198052	0.00341441	0.01969731	0.00194804	0.00046180	0.00327390	0.01307952	0.00457369	0.00249352	0.00360654	0.04007352	0.00242588	0.00014961	0.00035082	0.05177707	0.02492299	0.00102267	0.00192666
C[T>A]G	0.00008341	0.00059064	0.01800953	0.00033465	0.00129839	0.00116955	0.00444571	0.00059538	0.00033556	0.00069196	0.00035418	0.00068903	0.00194700	0.00032296	0.01194395	0.00146154	0.00102138	0.00023725	0.15867792	0.03861776	0.00011790	0.00131436
C[T>A]T	0.00037422	0.00001121	0.00619817	0.00008882	0.00001613	0.00808372	0.00425280	0.00720679	0.00026925	0.00001183	0.04840351	0.00000002	0.00077285	0.00062342	0.07142482	0.00120102	0.00082158	0.00037960	0.05510353	0.04947956	0.00406668	0.00115583
C[T>C]A	0.00038249	0.00148187	0.00498521	0.00070630	0.01245116	0.01511102	0.00707599	0.00053653	0.00005151	0.01404454	0.00768254	0.04509936	0.00000117	0.01317758	0.01106794	0.00493677	0.00991934	0.00001246	0.00769028	0.00677272	0.01069690	0.00137112
C[T>C]C	0.00014732	0.00078653	0.00156884	0.00030068	0.00567573	0.00577549	0.01317277	0.00553993	0.00248290	0.00243691	0.00298030	0.04581929	0.00268281	0.00261572	0.17159903	0.00761901	0.00002762	0.00011996	0.00292923	0.00577823	0.00407537	0.00326685
C[T>C]G	0.00002844	0.00056645	0.00529174	0.00061573	0.03260385	0.01037649	0.00664729	0.00345237	0.00041061	0.03348040	0.00202357	0.03895900	0.00071159	0.01857983	0.08676751	0.01034807	0.00112946	0.00000738	0.00415158	0.00663539	0.00475030	0.00295507
C[T>C]T	0.00174676	0.00595535	0.00113204	0.00048290	0.00985992	0.00182757	0.00446612	0.01583128	0.00008536	0.00608440	0.04225740	0.03696456	0.00136724	0.00935487	0.42256756	0.01282202	0.03830639	0.00000001	0.00187582	0.00223464	0.00167803	0.00169877
C[T>G]A	0.00006521	0.00035487	0.00023066	0.00025962	0.00273746	0.00288735	0.00557314	0.00196992	0.00005060	0.00036208	0.00327064	0.00107569	0.00002046	0.00347171	0.00030422	0.00218744	0.00143913	0.00002294	0.00465580	0.00403904	0.00319529	0.01491204
C[T>G]C	0.00016024	0.00079740	0.00013166	0.00025360	0.00697324	0.00486514	0.00982480	0.03050445	0.00030584	0.00271882	0.00550237	0.00185012	0.00213056	0.00264668	0.00105846	0.00267323	0.00013372	0.00001906	0.00133467	0.00246307	0.00128569	0.01888843
C[T>G]G	0.00000025	0.00126334	0.00338052	0.00028383	0.01006283	0.00308023	0.01509605	0.01331824	0.00018221	0.00382586	0.00110393	0.00153097	0.00306404	0.00457586	0.00013826	0.00251633	0.00016144	0.00001837	0.00833894	0.00746429	0.00274855	0.01427147
C[T>G]T	0.00000059	0.00000016	0.00086045	0.00037747	0.00402205	0.00765365	0.00243121	0.53528246	0.00037470	0.00018549	0.00311123	0.00236264	0.00327051	0.00205855	0.00525561	0.00188640	0.00002971	0.00000001	0.00162174	0.00309602	0.00432399	0.03053761
G[C>A]A	0.00002485	0.00048336	0.02896115	0.00025694	0.00795062	0.01210890	0.00225087	0.00099759	0.00168572	0.00028315	0.00112132	0.00234323	0.12924688	0.00496056	0.00205027	0.07457943	0.00029603	0.00092589	0.00358257	0.00905631	0.00306583	0.00767746
G[C>A]C	0.00012782	0.00001471	0.03090604	0.00028364	0.00362101	0.00709251	0.00630983	0.00000120	0.00026074	0.00440329	0.00044514	0.00156561	0.01487180	0.00259832	0.00141785	0.09221105	0.00004982	0.00041041	0.00249031	0.03963922	0.00044529	0.00328977
G[C>A]G	0.00003659	0.00000179	0.01644321	0.00012664	0.00240137	0.00166175	0.00017415	0.00008662	0.00060532	0.00061239	0.00000999	0.00057004	0.00718267	0.00142954	0.00019371	0.02174267	0.00006684	0.00012984	0.00093976	0.00052943	0.00024702	0.00094192
G[C>A]T	0.00000000	0.00000255	0.01604314	0.00017704	0.00170008	0.00714080	0.00842951	0.00050910	0.00008370	0.01086658	0.00023235	0.00052229	0.07217369	0.00258574	0.00021236	0.07484950	0.00008157	0.00000447	0.00175777	0.01637407	0.00194261	0.00455041
G[C>G]A	0.00001577	0.00001293	0.00593297	0.00024824	0.00750079	0.00179802	0.01974033	0.00001976	0.00008127	0.00056892	0.00013712	0.00099024	0.00022514	0.00297514	0.00095458	0.00463920	0.00026558	0.00148442	0.00225088	0.00555638	0.00241666	0.00048166
G[C>G]C	0.00001571	0.00040142	0.00690137	0.00034488	0.00841514	0.00556340	0.01016419	0.00006586	0.00030304	0.00156269	0.00036108	0.00103756	0.00076385	0.00404427	0.00089557	0.00192262	0.00009279	0.00042197	0.00121568	0.01990002	0.00327142	0.00026082
G[C>G]G	0.00004415	0.00033073	0.00420806	0.00009949	0.00294687	0.00060368	0.00350433	0.00000910	0.00014372	0.00014942	0.00017847	0.00025145	0.00049591	0.00103782	0.00006445	0.00027130	0.00057555	0.00022562	0.00053931	0.00121040	0.00010202	0.00006989
G[C>G]T	0.00002388	0.00024168	0.00278136	0.00032084	0.01078117	0.00451775	0.02212523	0.00000130	0.00009336	0.00228180	0.00124844	0.00134027	0.00097491	0.00525914	0.00090217	0.00726666	0.00104093	0.00268103	0.00133419	0.01078377	0.00422469	0.00029499
G[C>T]A	0.00003975	0.00060463	0.00224476	0.00061270	0.03258530	0.01510574	0.02082546	0.00018710	0.00452705	0.09381351	0.00039773	0.00807422	0.00825733	0.01799074	0.00201506	0.01271236	0.00056839	0.00725510	0.00501507	0.00116868	0.00562396	0.00536539
G[C>T]C	0.01360772	0.02637188	0.00317940	0.00051993	0.03761853	0.01096481	0.01466208	0.00011854	0.00028919	0.08050512	0.00043628	0.00647205	0.00640175	0.01784185	0.00043467	0.01096756	0.00099384	0.00088994	0.00434474	0.01081059	0.00938814	0.00165940
G[C>T]G	0.00000073	0.00000048	0.00023618	0.00019625	0.02054903	0.00000000	0.00003662	0.00835698	0.21704502	0.04862458	0.00000000	0.00255293	0.01085256	0.00649445	0.00204834	0.00625287	0.00004870	0.00181493	0.00080368	0.00133316	0.01938790	0.00111076
G[C>T]T	0.01884750	0.00444176	0.00304161	0.00023941	0.03210632	0.01539184	0.01245651	0.00000098	0.00015989	0.06507574	0.00120145	0.00450111	0.00509227	0.01585223	0.00035615	0.00851752	0.04169966	0.00118412	0.00328338	0.00410556	0.00906537	0.00142826
G[T>A]A	0.00044490	0.00043090	0.00391351	0.00013535	0.00424844	0.00119090	0.00806447	0.00009267	0.00015389	0.00130389	0.00164176	0.00106524	0.00136027	0.00232407	0.00003963	0.00620420	0.00008527	0.00002438	0.04970286	0.00019129	0.00161228	0.00028740
G[T>A]C	0.00023930	0.00020500	0.00292435	0.00015688	0.00377360	0.00198348	0.01037167	0.00033028	0.00021439	0.00242722	0.00227384	0.00177920	0.00198554	0.00132213	0.00335094	0.00186837	0.00010767	0.00017243	0.00993548	0.00540955	0.00232852	0.00043194
G[T>A]G	0.00030773	0.00054082	0.01094556	0.00016862	0.00330780	0.00130590	0.01588793	0.00021228	0.00021080	0.00236858	0.00001666	0.00220308	0.00114386	0.00567866	0.00070649	0.00548654	0.00127191	0.00003543	0.03577352	0.00108206	0.00091682	0.00044402
G[T>A]T	0.00032359	0.00003913	0.00545383	0.00017604	0.00254764	0.00208822	0.01769946	0.00150596	0.00023119	0.00314599	0.02043658	0.00043716	0.00349245	0.00117022	0.00473755	0.00217226	0.00837968	0.00040994	0.00918810	0.00311904	0.00306549	0.00075212
G[T>C]A	0.00005988	0.00017090	0.00268593	0.00038291	0.01127876	0.00396354	0.00890430	0.00005139	0.00094029	0.02565537	0.00005141	0.07014342	0.00060693	0.00915680	0.00013284	0.00419732	0.00081302	0.00035304	0.00305241	0.00668474	0.00576100	0.00061825
G[T>C]C	0.00004111	0.00000148	0.00064276	0.00028189	0.00862523	0.00483694	0.00490131	0.00143447	0.00195790	0.00099038	0.00034561	0.03048377	0.00271387	0.00441267	0.01477963	0.00587464	0.00225739	0.00017012	0.00192338	0.00688938	0.00384186	0.00068114
G[T>C]G	0.00003532	0.00044857	0.00189602	0.00046357	0.02111794	0.00241859	0.01242182	0.00097359	0.00127742	0.01704054	0.00028313	0.04238852	0.00456982	0.01236057	0.00369858	0.00742399	0.00269538	0.00022324	0.00266873	0.00711343	0.00308983	0.00096154
G[T>C]T	0.00078144	0.00781623	0.00002133	0.00040907	0.00594358	0.00191857	0.00677520	0.00126383	0.00008569	0.00485085	0.00764938	0.03420909	0.00222172	0.00419927	0.00446951	0.00885566	0.30732143	0.00000000	0.00220824	0.01018640	0.00207606	0.00169736
G[T>G]A	0.00006936	0.00032831	0.00035877	0.00028291	0.00431618	0.00207516	0.00646257	0.00027748	0.00007137	0.00018999	0.00247322	0.00075560	0.00091992	0.00189860	0.00054137	0.00130580	0.00017532	0.00007277	0.00171377	0.00298551	0.00183814	0.00122632
G[T>G]C	0.00011019	0.00032551	0.00014835	0.00023594	0.00263640	0.00305602	0.00268457	0.00608334	0.00003881	0.00015688	0.00162845	0.00058732	0.00000360	0.00128403	0.00017804	0.00092467	0.00006945	0.00002755	0.00033469	0.00491233	0.00080083	0.00119562
G[T>G]G	0.00032879	0.00251229	0.00264265	0.00023744	0.00918818	0.00085926	0.01644801	0.00142706	0.00038185	0.00048783	0.00600471	0.00111256	0.00687343	0.00316102	0.00092537	0.00232341	0.00386290	0.00046491	0.00132101	0.00621240	0.00059595	0.00338890
G[T>G]T	0.00093482	0.00191406	0.00001662	0.00003273	0.00016120	0.00390598	0.00664978	0.11094713	0.00009729	0.00255880	0.00668622	0.00013143	0.00185986	0.00105659	0.00721186	0.00188116	0.00657354	0.00000554	0.00021003	0.00285074	0.00192546	0.00619037
T[C>A]A	0.00031434	0.00268802	0.04687898	0.00085431	0.00124686	0.03799447	0.00410056	0.00000000	0.00010410	0.00109900	0.00256586	0.00188358	0.08548106	0.00333326	0.00034647	0.02259404	0.01090037	0.07859506	0.00255148	0.00380823	0.00249589	0.02063515
T[C>A]C	0.00066059	0.00333984	0.05587148	0.00041596	0.00731259	0.02521213	0.01705002	0.00007083	0.00263791	0.00259105	0.01425309	0.00218276	0.04749893	0.00334631	0.00015305	0.02568896	0.00731009	0.02920731	0.00319143	0.01955356	0.00015261	0.00474470
T[C>A]G	0.00002504	0.00022351	0.01177034	0.00016815	0.00225088	0.00286115	0.00029759	0.00010075	0.00006464	0.00008384	0.00003433	0.00066675	0.01402076	0.00136532	0.00006686	0.01477917	0.00004255	0.01202447	0.00050584	0.00048123	0.00017812	0.00128509
T[C>A]T	0.00061966	0.00109410	0.05133427	0.00068928	0.01538753	0.03209032	0.00460267	0.00247765	0.00031823	0.01716862	0.00391292	0.00176846	0.14500184	0.00566963	0.00053905	0.00269680	0.00030258	0.03523795	0.00232362	0.01264939	0.00598212	0.00946825
T[C>G]A	0.00000000	0.00004287	0.00192943	0.00044074	0.00340549	0.00246958	0.01463955	0.00007907	0.00008392	0.00082218	0.00128481	0.00102847	0.00090706	0.00275557	0.00398427	0.00632308	0.00357581	0.31572206	0.00550621	0.00837306	0.02477573	0.00113267
T[C>G]C	0.00002402	0.00158578	0.00546242	0.00043241	0.00686730	0.01286857	0.02984409	0.00005719	0.00030804	0.00043249	0.00444631	0.00179666	0.00434643	0.00398877	0.00082839	0.01215270	0.00066340	0.06311852	0.00247749	0.00871939	0.01761076	0.00102531
T[C>G]G	0.00000077	0.00035145	0.00215254	0.00011038	0.00299879	0.00247334	0.00008149	0.00001173	0.00008450	0.00011566	0.00002365	0.00045972	0.00084155	0.00105720	0.00041832	0.00128452	0.00086233	0.01364941	0.00044527	0.00085037	0.00240593	0.00023486
T[C>G]T	0.00019620	0.00039031	0.00160680	0.00163873	0.00103480	0.01644573	0.02697935	0.00146982	0.00160820	0.00306153	0.01156097	0.00229549	0.00113920	0.01907622	0.00062477	0.00848540	0.00012403	0.36741339	0.00171271	0.02237378	0.05504689	0.00153416
T[C>T]A	0.19262996	0.00017077	0.00382358	0.52716630	0.00217540	0.04588066	0.00120440	0.00004822	0.00111381	0.00250923	0.01584466	0.00133279	0.00866022	0.00178622	0.00088058	0.00122649	0.00069879	0.00604005	0.00143815	0.00585899	0.00156094	0.00288334
T[C>T]C	0.37345245	0.20176927	0.00811185	0.08872349	0.00000021	0.02584426	0.01218487	0.00047682	0.00022637	0.00299079	0.01439237	0.00018166	0.00250271	0.00072069	0.00018309	0.00033658	0.01756208	0.00380671	0.00114771	0.00659236	0.00126650	0.00193816
T[C>T]G	0.08044993	0.05541150	0.00000000	0.04206769	0.02128533	0.00000000	0.00000000	0.00381056	0.10922864	0.00133157	0.00000000	0.00257012	0.00933474	0.00870407	0.00056267	0.01081531	0.00436090	0.00186051	0.00044242	0.00468514	0.00350753	0.00135119
T[C>T]T	0.07321462	0.11052884	0.00778464	0.29690826	0.00463668	0.03127519	0.00574310	0.00077901	0.00012408	0.00381951	0.00183590	0.00370439	0.00006547	0.01936037	0.00037515	0.01007137	0.04733016	0.00100445	0.00118807	0.00361586	0.00758355	0.00138015
T[T>A]A	0.00031645	0.00316109	0.00182232	0.00054195	0.00055498	0.00746869	0.00190553	0.00137785	0.00662224	0.00622412	0.01553935	0.00148789	0.01165973	0.00112196	0.00013097	0.00203092	0.01588797	0.00030671	0.06329642	0.00283445	0.10039794	0.00104324
T[T>A]C	0.00039549	0.00226804	0.00167944	0.00031044	0.00068544	0.01288649	0.01218199	0.00019763	0.00008194	0.00006091	0.03446407	0.00594134	0.00247611	0.00169662	0.00556034	0.00527565	0.00105649	0.00022658	0.02157605	0.00469783	0.01354740	0.00169483
T[T>A]G	0.00000217	0.00160114	0.00183380	0.00012889	0.00371917	0.00627366	0.00525843	0.00000410	0.00008492	0.00014736	0.01214753	0.00260300	0.00156877	0.00452695	0.00175137	0.00527393	0.00548424	0.00022584	0.06743507	0.00029543	0.00890259	0.00051360
T[T>A]T	0.00085283	0.00003712	0.00263592	0.00039319	0.00313406	0.01473189	0.00265930	0.00125347	0.00182863	0.01336463	0.28103735	0.00403991	0.00506099	0.00232599	0.00166383	0.00573499	0.02564529	0.00007737	0.02413323	0.00201040	0.03464066	0.00753698
T[T>C]A	0.00237010	0.00614386	0.00153363	0.00051478	0.00623541	0.00379370	0.01176782	0.00097464	0.00021581	0.01676728	0.03075932	0.08066470	0.00097154	0.01010302	0.00179050	0.00815936	0.07848776	0.00001071	0.00404807	0.01095226	0.07566707	0.00166274
T[T>C]C	0.00063586	0.00172436	0.00014878	0.00025252	0.00504445	0.00602308	0.00766377	0.00108737	0.00323512	0.00943610	0.02107458	0.04441793	0.00721511	0.00315244	0.01513114	0.00289870	0.01372454	0.00008619	0.00046360	0.00557715	0.03070077	0.00261197
T[T>C]G	0.00026564	0.00391848	0.00148057	0.00050438	0.01338271	0.00440383	0.00471702	0.00114080	0.00041577	0.01814715	0.01313430	0.03923598	0.00331763	0.01056512	0.00233875	0.00378936	0.02217428	0.00015566	0.00207412	0.00562244	0.02335837	0.00176930
T[T>C]T	0.00085952	0.00298095	0.00001147	0.00048787	0.01705458	0.00085600	0.00941689	0.00094758	0.00424256	0.03489240	0.08891701	0.05760490	0.00224478	0.01101830	0.02073427	0.00597880	0.04140116	0.00061325	0.00017428	0.00660093	0.04667071	0.00279345
T[T>G]A	0.00012739	0.00085774	0.00000196	0.00015144	0.00333546	0.00773854	0.00763423	0.00000000	0.00000498	0.00002964	0.01938421	0.00136870	0.00003610	0.00383565	0.00001496	0.00276057	0.00019052	0.00019142	0.00217228	0.00597137	0.04975714	0.04359191
T[T>G]C	0.00010847	0.00151254	0.00000244	0.00018315	0.00885733	0.01643634	0.00682127	0.00852644	0.00016705	0.00044143	0.01750676	0.00199931	0.00192248	0.00434428	0.00014998	0.00329989	0.00026284	0.00001390	0.00031587	0.00429602	0.01604115	0.03601329
T[T>G]G	0.00000155	0.00129857	0.00192119	0.00028363	0.01041337	0.01117182	0.01003666	0.00464245	0.00061150	0.00134319	0.00757777	0.00165091	0.00121120	0.00457595	0.00101903	0.00377520	0.00023538	0.00001500	0.00517033	0.00695288	0.02314784	0.01415010
T[T>G]T	0.00003892	0.00120320	0.00038106	0.00010725	0.00480612	0.00428313	0.00266441	0.11800478	0.00019578	0.00779334	0.02160184	0.00284267	0.00373971	0.00270850	0.00411454	0.00250772	0.00026772	0.00000000	0.00006954	0.00276603	0.08830317	0.47691932
