MutationsType	SBS96A	SBS96B	SBS96C	SBS96D	SBS96E	SBS96F	SBS96G	SBS96H	SBS96I	SBS96J	SBS96K	SBS96L	SBS96M	SBS96N	SBS96O	SBS96P	SBS96Q	SBS96R
A[C>A]A	0.00844361	0.02368269	0.04521416	0.04955302	0.00002322	0.00082683	0.00850783	0.00005982	0.00056799	0.00142840	0.05596466	0.00037395	0.00244272	0.00110286	0.00469601	0.00012501	0.00420537	0.00048892
A[C>A]C	0.01185014	0.02391605	0.01294881	0.03974808	0.00009687	0.00197363	0.00592860	0.00055306	0.00009214	0.00024855	0.01578868	0.00053258	0.00146159	0.00058416	0.00037865	0.00071340	0.00092281	0.00191268
A[C>A]G	0.00307736	0.00041568	0.00326307	0.01846386	0.00002316	0.00014220	0.00151511	0.00019689	0.00007216	0.00005456	0.00078781	0.00003192	0.00013388	0.00018509	0.00021741	0.00034837	0.00037554	0.00009464
A[C>A]T	0.00566462	0.01450963	0.01936724	0.03549420	0.00024136	0.00094941	0.00224732	0.00031321	0.00012001	0.00045693	0.02245028	0.00683416	0.00030841	0.00025711	0.00124937	0.00386391	0.00466652	0.00325579
A[C>G]A	0.01291457	0.03210619	0.01244996	0.00707672	0.00005743	0.00216128	0.00379737	0.00021494	0.00024862	0.00000114	0.00090401	0.00467090	0.00076366	0.00333128	0.00054400	0.00137030	0.00425391	0.00579712
A[C>G]C	0.00538489	0.01965452	0.01083150	0.00263081	0.00000528	0.00080035	0.00265434	0.00005333	0.00005649	0.00002325	0.00367867	0.00173907	0.00054579	0.00090331	0.00030687	0.00276411	0.00111435	0.00391391
A[C>G]G	0.00253976	0.00000000	0.00440369	0.00139006	0.00003193	0.00000817	0.00065260	0.00001705	0.00006307	0.00051484	0.00221790	0.00038947	0.00036504	0.00039241	0.00029495	0.00075283	0.00016667	0.00157192
A[C>G]T	0.01161881	0.02641472	0.02155466	0.00312854	0.00004221	0.00140997	0.00302889	0.00032603	0.00008586	0.00010132	0.00495658	0.00493668	0.00047459	0.00419544	0.00203650	0.00360528	0.00321137	0.00594355
A[C>T]A	0.05239276	0.01273705	0.02823632	0.00831550	0.00002617	0.02451716	0.01199168	0.00054836	0.00155425	0.00073334	0.00623255	0.09042546	0.00247771	0.00781429	0.00163729	0.00345102	0.01063614	0.00931208
A[C>T]C	0.02581053	0.01583173	0.01442616	0.00379179	0.02256791	0.00565977	0.00508752	0.00146783	0.00025171	0.03904751	0.00390067	0.02081887	0.00225755	0.00008846	0.00884216	0.00480933	0.00221281	0.00199564
A[C>T]G	0.00033276	0.00899180	0.00725803	0.00178794	0.00001082	0.37461541	0.00036524	0.00001761	0.00585121	0.00023950	0.00068076	0.00141559	0.00010173	0.00010222	0.00020008	0.00137350	0.00298751	0.00092789
A[C>T]T	0.03851458	0.01362777	0.02461307	0.00313466	0.00893506	0.00954724	0.00323458	0.00337803	0.00074786	0.01167662	0.00840742	0.02827135	0.00102666	0.00027537	0.00843388	0.02823751	0.00341249	0.00876141
A[T>A]A	0.00956417	0.00066512	0.01052748	0.00350997	0.00251759	0.00090505	0.00622997	0.00023242	0.00003575	0.00207353	0.00105888	0.00527916	0.00090724	0.00002053	0.01309251	0.00054864	0.05522224	0.00303097
A[T>A]C	0.01005345	0.00968787	0.00415075	0.00328699	0.00045008	0.00316056	0.00610635	0.00112773	0.00020034	0.00041334	0.00064027	0.00277437	0.00076139	0.00021619	0.00317396	0.00161473	0.00763748	0.00208214
A[T>A]G	0.01487143	0.00935978	0.00926923	0.00791428	0.00066431	0.00154542	0.00346783	0.00010931	0.00007454	0.00151397	0.00112983	0.00172934	0.00018936	0.00098739	0.00023202	0.00298334	0.05038502	0.00166214
A[T>A]T	0.00054676	0.00089646	0.00739384	0.00407414	0.00418488	0.00007900	0.00999928	0.00006225	0.00038916	0.00872511	0.00377420	0.02948159	0.00110554	0.00084854	0.06158873	0.03205323	0.00066029	0.04733656
A[T>C]A	0.09500129	0.01156172	0.02883557	0.00588015	0.00044051	0.00163988	0.05735000	0.00047529	0.00026058	0.00051242	0.00042077	0.02273507	0.00040625	0.00169538	0.00092460	0.00447189	0.02714848	0.00259459
A[T>C]C	0.01467252	0.00704904	0.01108853	0.00002914	0.00006515	0.00383522	0.03430691	0.00055748	0.00018673	0.00022811	0.00249022	0.00407938	0.01208145	0.00031113	0.00042650	0.00447148	0.00262720	0.00027353
A[T>C]G	0.06068982	0.00783766	0.02470493	0.00434928	0.00003757	0.00015813	0.06158700	0.00055141	0.00002752	0.00109471	0.00314874	0.03493023	0.00084476	0.00026485	0.00056039	0.00968552	0.00878428	0.00005329
A[T>C]T	0.06636955	0.01876570	0.02770680	0.00076476	0.00074726	0.00622168	0.04990663	0.00068279	0.00023498	0.00151999	0.00543276	0.00261999	0.00905580	0.00180106	0.00272879	0.04786137	0.00268000	0.00675895
A[T>G]A	0.00438430	0.00452996	0.01278280	0.00076608	0.00047854	0.00005331	0.00267140	0.00047830	0.00137930	0.00007001	0.00056147	0.00037874	0.00077412	0.00002424	0.01099373	0.00326624	0.00182302	0.00895250
A[T>G]C	0.00209593	0.00283525	0.01346200	0.00010489	0.00013761	0.00026858	0.00061297	0.00025177	0.00477935	0.00107464	0.00055212	0.00028320	0.00053573	0.00001884	0.00060056	0.00279977	0.00019701	0.00967251
A[T>G]G	0.01188168	0.00874827	0.01358740	0.00080636	0.00027774	0.00055481	0.00246209	0.00015676	0.00105718	0.00138361	0.00272027	0.00116289	0.00085905	0.00000516	0.00060518	0.00954516	0.00500027	0.00717393
A[T>G]T	0.00011739	0.00069167	0.03353965	0.00000147	0.00029401	0.00000000	0.00035609	0.00004950	0.06555707	0.00026216	0.00010202	0.00135906	0.01195892	0.00024991	0.00000000	0.01216687	0.00041874	0.05526971
C[C>A]A	0.00023071	0.02540914	0.01430055	0.09455767	0.00054999	0.00004668	0.00069886	0.00007868	0.00015567	0.00109600	0.08297444	0.00001591	0.00015629	0.00136963	0.00015437	0.01301671	0.00178245	0.00435887
C[C>A]C	0.00053979	0.02661158	0.00259143	0.09980722	0.00011025	0.00194770	0.00061755	0.00039212	0.00003181	0.00098078	0.01012466	0.02841485	0.00140876	0.00047062	0.00209890	0.00301978	0.00538131	0.00063562
C[C>A]G	0.00555365	0.00007907	0.00002406	0.02995365	0.00000244	0.00009548	0.00105041	0.00000000	0.00004020	0.00020521	0.01217828	0.00370106	0.00030996	0.00000029	0.00185211	0.00038123	0.00062234	0.00003624
C[C>A]T	0.00000000	0.00572387	0.00681420	0.08767619	0.00012733	0.00000150	0.00063087	0.00021359	0.00000291	0.00126862	0.02764798	0.08593033	0.00003915	0.00000000	0.01300738	0.00003658	0.00073620	0.00028785
C[C>G]A	0.00758919	0.03116474	0.00299039	0.00923570	0.00000066	0.00027110	0.00269623	0.00002856	0.00013111	0.00036795	0.00000000	0.00107564	0.00076963	0.00628298	0.00004154	0.00163883	0.00208314	0.00086083
C[C>G]C	0.01324183	0.02212135	0.01088696	0.00792681	0.00002856	0.00027389	0.00269095	0.00034334	0.00007484	0.00102550	0.00276464	0.00156121	0.00006863	0.00059041	0.00188142	0.00051651	0.00324250	0.00043895
C[C>G]G	0.00431382	0.00161374	0.00184563	0.00357047	0.00004626	0.00033551	0.00096923	0.00020218	0.00000203	0.00062576	0.00453246	0.00030899	0.00047804	0.00010168	0.00033573	0.00135232	0.00162963	0.00031704
C[C>G]T	0.00896751	0.03501624	0.01627943	0.00722847	0.00007598	0.00003286	0.00547597	0.00006631	0.00008704	0.00066934	0.00344090	0.00155679	0.00003177	0.00661606	0.00445606	0.00048755	0.00127124	0.00329183
C[C>T]A	0.01216722	0.01546830	0.02516715	0.01427369	0.06171771	0.00372796	0.00849314	0.00060546	0.00048203	0.12123719	0.00690940	0.00400952	0.00140662	0.00003991	0.00549143	0.04865490	0.00269163	0.00480720
C[C>T]C	0.00640963	0.01850970	0.01466542	0.01170435	0.06159038	0.00022472	0.00876104	0.00000000	0.00016885	0.21580122	0.00265962	0.00505404	0.00163360	0.00011147	0.00553208	0.00057809	0.00741505	0.00036437
C[C>T]G	0.02629558	0.00460966	0.00266320	0.00274531	0.00648822	0.18603928	0.00264813	0.00363030	0.00672540	0.02456233	0.01588479	0.01355215	0.00220438	0.00267590	0.00978306	0.00515827	0.01135364	0.01581079
C[C>T]T	0.02023123	0.02655531	0.02190719	0.01870873	0.07013063	0.00034209	0.00583041	0.00028670	0.00021458	0.14394243	0.00097194	0.00691041	0.00212673	0.00084220	0.02767720	0.01065738	0.00519067	0.00175169
C[T>A]A	0.00257649	0.00185776	0.00000000	0.00226587	0.00018581	0.00001691	0.00115278	0.00012306	0.00000214	0.00042945	0.00017966	0.00044988	0.00008723	0.00021814	0.00320895	0.00183509	0.10229509	0.00024804
C[T>A]C	0.00144195	0.01806630	0.00472774	0.00518241	0.00006103	0.00007223	0.00302825	0.00029784	0.00192468	0.00059765	0.00174042	0.00297913	0.03908077	0.00034985	0.01444717	0.00005836	0.06200403	0.00051620
C[T>A]G	0.00180260	0.00321445	0.00139704	0.01734368	0.00000619	0.00058251	0.00100932	0.00006013	0.00036648	0.00018639	0.00029719	0.00087126	0.01159538	0.00060341	0.00016302	0.00168736	0.15818763	0.00079754
C[T>A]T	0.00000268	0.00924200	0.00735643	0.00743252	0.00024784	0.00006083	0.00041497	0.00022295	0.00739558	0.00000000	0.00061538	0.00000473	0.07247293	0.00041445	0.04763416	0.00002345	0.04942576	0.00013494
C[T>C]A	0.01162212	0.00676955	0.01653674	0.00488476	0.00041418	0.00044620	0.03662619	0.00024947	0.00038650	0.00123020	0.00002743	0.01401572	0.01103875	0.00015653	0.00742639	0.00959959	0.00595264	0.00191338
C[T>C]C	0.00508525	0.01170256	0.00592635	0.00169148	0.00015946	0.00322162	0.02657762	0.00003853	0.00264905	0.00048679	0.00284100	0.00204654	0.17537714	0.00003587	0.00030444	0.00011401	0.00183967	0.00215660
C[T>C]G	0.02815947	0.00480321	0.01118994	0.00515209	0.00000021	0.00039523	0.03073810	0.00009631	0.00207743	0.00019517	0.00001083	0.03388939	0.09447359	0.00023115	0.00074682	0.00177349	0.00548650	0.00108913
C[T>C]T	0.01167514	0.00026690	0.00070406	0.00081568	0.00165203	0.00001875	0.01418109	0.00019362	0.00954900	0.00722875	0.00348588	0.00500788	0.41803835	0.00017164	0.02868984	0.03168276	0.00058722	0.00196397
C[T>G]A	0.00202362	0.00703281	0.00333326	0.00029405	0.00006577	0.00008108	0.00179697	0.00000591	0.00205486	0.00033629	0.00009821	0.00074677	0.00045408	0.00004989	0.00343790	0.00106252	0.00458648	0.01141372
C[T>G]C	0.00487634	0.01044569	0.00489005	0.00008717	0.00005192	0.00021577	0.00139032	0.00026409	0.03109648	0.00086110	0.00249509	0.00298407	0.00164352	0.00018868	0.00556626	0.00022696	0.00120080	0.01181917
C[T>G]G	0.00729515	0.01668264	0.00377285	0.00279034	0.00000000	0.00019817	0.00175349	0.00000745	0.01361596	0.00095077	0.00327425	0.00406729	0.00048518	0.00018899	0.00131873	0.00028823	0.00828555	0.00661576
C[T>G]T	0.00460293	0.00046671	0.00066403	0.00081705	0.00000000	0.00071668	0.00101405	0.00000000	0.55036016	0.00000000	0.00143757	0.00000416	0.00107426	0.00000000	0.00069121	0.00000585	0.00145156	0.01139374
G[C>A]A	0.01062224	0.00492214	0.01176850	0.02847149	0.00000507	0.00113644	0.00607891	0.00012829	0.00123206	0.00022117	0.14375661	0.00079643	0.00251539	0.00034911	0.00019601	0.00034668	0.00282029	0.00648410
G[C>A]C	0.00980859	0.01175606	0.00893512	0.04366669	0.00019094	0.00047137	0.01083969	0.00009334	0.00000122	0.00000548	0.01679540	0.00455458	0.00086438	0.00022521	0.00009020	0.00008254	0.00288723	0.00051997
G[C>A]G	0.00388772	0.00001536	0.00201616	0.01813491	0.00001022	0.00080515	0.00218058	0.00003353	0.00008192	0.00001142	0.00791635	0.00041842	0.00020858	0.00010864	0.00001280	0.00002982	0.00030013	0.00094817
G[C>A]T	0.00486382	0.01096162	0.00799617	0.01981578	0.00000000	0.00003362	0.00568860	0.00000000	0.00024512	0.00000000	0.08219625	0.01094450	0.00005009	0.00028431	0.00005250	0.00003528	0.00046073	0.00360230
G[C>G]A	0.00499890	0.02074990	0.00164776	0.00614450	0.00000018	0.00021205	0.00145859	0.00000601	0.00000833	0.00000242	0.00035497	0.00087805	0.00105475	0.00143626	0.00015282	0.00024391	0.00242668	0.00123548
G[C>G]C	0.00595996	0.01379757	0.00537378	0.00692670	0.00000740	0.00060975	0.00191823	0.00015663	0.00001235	0.00028373	0.00055064	0.00209948	0.00147020	0.00036879	0.00056502	0.00018208	0.00264574	0.00306812
G[C>G]G	0.00208924	0.00350383	0.00053749	0.00399389	0.00002642	0.00028928	0.00016935	0.00002371	0.00003290	0.00037234	0.00033575	0.00026792	0.00012537	0.00031094	0.00021922	0.00055365	0.00036549	0.00029868
G[C>G]T	0.00866066	0.02396849	0.00371457	0.00293645	0.00001235	0.00028712	0.00306783	0.00017566	0.00000533	0.00025660	0.00079308	0.00229494	0.00071050	0.00279246	0.00114382	0.00107690	0.00308405	0.00286757
G[C>T]A	0.02727869	0.01988817	0.01433230	0.00292396	0.00007189	0.00412446	0.00809038	0.00006865	0.00029390	0.00019309	0.00645378	0.08587502	0.00249124	0.00783673	0.00004761	0.00079517	0.00371426	0.00621178
G[C>T]C	0.03212553	0.01381376	0.00957731	0.00325236	0.01335591	0.00043845	0.00600219	0.00151109	0.00005465	0.02893404	0.00447847	0.07510448	0.00009623	0.00027756	0.00080965	0.00279477	0.00406317	0.00885007
G[C>T]G	0.01211746	0.00000000	0.00000000	0.00000339	0.00000016	0.21294827	0.00376984	0.00000030	0.00694246	0.00000159	0.01476899	0.05561315	0.00149120	0.00196148	0.00000000	0.00001874	0.01021901	0.01470783
G[C>T]T	0.02485785	0.00919721	0.01560412	0.00265640	0.02322029	0.00058406	0.00462652	0.00039878	0.00000883	0.00390466	0.00239172	0.06704179	0.00076999	0.00180306	0.00157129	0.04011128	0.00459024	0.00529221
G[T>A]A	0.00369933	0.00679755	0.00144482	0.00562141	0.00042675	0.00007654	0.00180821	0.00037448	0.00011340	0.00026532	0.00110287	0.00184271	0.00011964	0.00000340	0.00161014	0.00007156	0.03880340	0.00151195
G[T>A]C	0.00235508	0.01078884	0.00203371	0.00258363	0.00022792	0.00008689	0.00171998	0.00020042	0.00024965	0.00009046	0.00211397	0.00265615	0.00295961	0.00021973	0.00262984	0.00015467	0.01013018	0.00144922
G[T>A]G	0.00305086	0.01507369	0.00148144	0.01286830	0.00020205	0.00021918	0.00199280	0.00023459	0.00020441	0.00047441	0.00046135	0.00284643	0.00057608	0.00012077	0.00002442	0.00106186	0.02693149	0.00100327
G[T>A]T	0.00092314	0.01657746	0.00223066	0.00520613	0.00034920	0.00030210	0.00093973	0.00013684	0.00150520	0.00012691	0.00299176	0.00356700	0.00501642	0.00062430	0.02080935	0.00760262	0.00624074	0.00106241
G[T>C]A	0.01007855	0.00857504	0.00413219	0.00254665	0.00001880	0.00053469	0.05294014	0.00013210	0.00006495	0.00005339	0.00035920	0.02430736	0.00035193	0.00022775	0.00000797	0.00087312	0.00421364	0.00108550
G[T>C]C	0.00828564	0.00607007	0.00509865	0.00044263	0.00010122	0.00206475	0.02236692	0.00005248	0.00086415	0.00000363	0.00297746	0.00139717	0.01431984	0.00023332	0.00014852	0.00176889	0.00387701	0.00102586
G[T>C]G	0.01826879	0.01171688	0.00266537	0.00175480	0.00004661	0.00144396	0.03377959	0.00006989	0.00122313	0.00033627	0.00515789	0.01899726	0.00366109	0.00027637	0.00020944	0.00263347	0.00371311	0.00116356
G[T>C]T	0.00623410	0.00147801	0.00246664	0.00005697	0.00077521	0.00004112	0.02123127	0.00031059	0.00055335	0.00628296	0.00183973	0.00647730	0.00396564	0.00000000	0.00609937	0.27847767	0.00153962	0.00162503
G[T>G]A	0.00293792	0.00727415	0.00248081	0.00020428	0.00007733	0.00018297	0.00188409	0.00013574	0.00028618	0.00018730	0.00083234	0.00047041	0.00075563	0.00003360	0.00245289	0.00015051	0.00225498	0.00120900
G[T>G]C	0.00225666	0.00327178	0.00358305	0.00007679	0.00008214	0.00008684	0.00072134	0.00012185	0.00586752	0.00035153	0.00011309	0.00037434	0.00030707	0.00007654	0.00122091	0.00011562	0.00105718	0.00031346
G[T>G]G	0.00564929	0.01719116	0.00147571	0.00174956	0.00017854	0.00029043	0.00182810	0.00021872	0.00142987	0.00286753	0.00706913	0.00134994	0.00079577	0.00101768	0.00586626	0.00409378	0.00257330	0.00232324
G[T>G]T	0.00000410	0.00580856	0.00198601	0.00002584	0.00104497	0.00032466	0.00015581	0.00007300	0.11993442	0.00193307	0.00076629	0.00281015	0.00599674	0.00016280	0.00643372	0.00635428	0.00019096	0.00098197
T[C>A]A	0.00015643	0.00109931	0.04113357	0.04168265	0.00027200	0.00000000	0.00114327	0.00054999	0.00000025	0.00213492	0.08612089	0.00097066	0.00026693	0.07741942	0.00140443	0.01030272	0.00384890	0.00184451
T[C>A]C	0.00541226	0.01667588	0.02624958	0.05278085	0.00045963	0.00260337	0.00275653	0.00017281	0.00010991	0.00343898	0.04870266	0.00235226	0.00059285	0.03131977	0.01351478	0.00768862	0.00130465	0.00016652
T[C>A]G	0.00345603	0.00009371	0.00345499	0.01230349	0.00000676	0.00038040	0.00073471	0.00003422	0.00000592	0.00014205	0.01545788	0.00011303	0.00014888	0.01106900	0.00001112	0.00019776	0.00051420	0.00001270
T[C>A]T	0.00782309	0.00354561	0.02842918	0.03699208	0.00030328	0.00147387	0.00064512	0.00111433	0.00258447	0.00077834	0.15791679	0.01818490	0.00096253	0.03565324	0.00341693	0.00092990	0.00759172	0.00425731
T[C>G]A	0.00182402	0.01432429	0.00054594	0.00155951	0.00000000	0.00006137	0.00417884	0.00000906	0.00006878	0.00005304	0.00140323	0.00073310	0.00312028	0.30041020	0.00026130	0.00362537	0.00562480	0.00215219
T[C>G]C	0.00434710	0.03028892	0.01423759	0.00545583	0.00000013	0.00042276	0.00531687	0.00009337	0.00000714	0.00151142	0.00332923	0.00120899	0.00062443	0.06611696	0.00403626	0.00022908	0.00165052	0.00589264
T[C>G]G	0.00252913	0.00008085	0.00228045	0.00230003	0.00000000	0.00005102	0.00088160	0.00003581	0.00005153	0.00022985	0.00119506	0.00035076	0.00037449	0.01414729	0.00000394	0.00108024	0.00012989	0.00009298
T[C>G]T	0.00291395	0.02698135	0.01310049	0.00053470	0.00044847	0.00215227	0.01348700	0.00007433	0.00133859	0.00003845	0.00022101	0.00174694	0.00045718	0.38698444	0.01139921	0.00002993	0.00371639	0.00518947
T[C>T]A	0.00162642	0.00007303	0.03739832	0.00237786	0.12760896	0.00126286	0.00840271	0.57943968	0.00003454	0.00000000	0.00750363	0.00073228	0.00031859	0.00211296	0.01656195	0.00001133	0.01031403	0.00119072
T[C>T]C	0.00000000	0.00100934	0.01470881	0.00655943	0.46033922	0.00000000	0.01771398	0.06991955	0.00000000	0.15440135	0.00000000	0.00004227	0.00001289	0.00211305	0.01479151	0.08485901	0.00443315	0.00052476
T[C>T]G	0.02198194	0.00002139	0.00000000	0.00000000	0.09484568	0.10046479	0.00123380	0.04388603	0.00336974	0.05635763	0.01180594	0.00092811	0.00027577	0.00086604	0.00000000	0.00481109	0.00558933	0.00233027
T[C>T]T	0.00662705	0.00159704	0.02358313	0.00651256	0.02434193	0.00002303	0.07158011	0.27805673	0.00031746	0.11441117	0.00006447	0.00253654	0.00130755	0.00148379	0.00034827	0.03808633	0.01597534	0.00592005
T[T>A]A	0.00255026	0.00061195	0.00360681	0.00202255	0.00015023	0.00763835	0.01178450	0.00004383	0.00076898	0.00215177	0.01034652	0.00585232	0.00045981	0.00046924	0.02120537	0.01396492	0.05686778	0.07263557
T[T>A]C	0.00055689	0.01072392	0.01358507	0.00164990	0.00027868	0.00007003	0.00657796	0.00019766	0.00022828	0.00197497	0.00161183	0.00001082	0.00514940	0.00039701	0.03703753	0.00100474	0.02085329	0.00575451
T[T>A]G	0.00598112	0.00345712	0.00631443	0.00602797	0.00000000	0.00035606	0.00283773	0.00000758	0.00000341	0.00130769	0.00063457	0.00067621	0.00129801	0.00013373	0.01360147	0.00452755	0.04096233	0.00450151
T[T>A]T	0.00117872	0.00069976	0.01987701	0.00332685	0.00028946	0.00175673	0.00452112	0.00116933	0.00129970	0.00004495	0.00127587	0.01224865	0.00226972	0.00018011	0.26853993	0.02585018	0.01462478	0.00391099
T[T>C]A	0.00906702	0.01103471	0.00223635	0.00083852	0.00236003	0.00029275	0.06724355	0.00054374	0.00061169	0.00494524	0.00014811	0.02076156	0.00086610	0.00000794	0.03691668	0.06697313	0.00732748	0.02789874
T[T>C]C	0.00463840	0.00761482	0.00542431	0.00000969	0.00061091	0.00467766	0.03577671	0.00001696	0.00104442	0.00150886	0.00534595	0.01034637	0.01436228	0.00011795	0.02518756	0.01220407	0.00037167	0.01103985
T[T>C]G	0.01302662	0.00463112	0.00311579	0.00094823	0.00009297	0.00052571	0.03277182	0.00006905	0.00109015	0.00381642	0.00302662	0.01787796	0.00192578	0.00001390	0.01532540	0.02105219	0.00406215	0.01174575
T[T>C]T	0.01612647	0.00874775	0.00000000	0.00005381	0.00091477	0.00535207	0.04932373	0.00027390	0.00051016	0.00305859	0.00025521	0.03175687	0.01942153	0.00044440	0.09184051	0.03399292	0.00065322	0.01108066
T[T>G]A	0.00443445	0.00892340	0.00742500	0.00001369	0.00014077	0.00006953	0.00579367	0.00007651	0.00000000	0.00045465	0.00005498	0.00003285	0.00000000	0.00023737	0.02179498	0.00018073	0.00240659	0.05686594
T[T>G]C	0.00674176	0.00719526	0.01771632	0.00000068	0.00002075	0.00065394	0.00453157	0.00014038	0.00880264	0.00118947	0.00101794	0.00060878	0.00001950	0.00016274	0.01686654	0.00074780	0.00106348	0.03489985
T[T>G]G	0.00875229	0.01215667	0.01148250	0.00172291	0.00000666	0.00085791	0.00359606	0.00006712	0.00441662	0.00091800	0.00090842	0.00233976	0.00147063	0.00000366	0.00820988	0.00067360	0.00540842	0.02077694
T[T>G]T	0.00173783	0.00726587	0.00926231	0.00011459	0.00000767	0.00086153	0.00759485	0.00006352	0.11863163	0.00029041	0.00048257	0.00819230	0.00532784	0.00000000	0.01564036	0.00060929	0.00015100	0.36861500
