MutationsType	SBS96A	SBS96B	SBS96C	SBS96D	SBS96E	SBS96F	SBS96G	SBS96H	SBS96I	SBS96J	SBS96K	SBS96L	SBS96M	SBS96N	SBS96O	SBS96P	SBS96Q	SBS96R
A[C>A]A	0.00932345	0.02342209	0.04438637	0.05007582	0.00000826	0.00082018	0.00652431	0.00064480	0.00007756	0.05555980	0.00147218	0.00234801	0.00035446	0.00100765	0.00455761	0.00008115	0.00385544	0.00033382
A[C>A]C	0.01199986	0.02356263	0.01196282	0.04054997	0.00011410	0.00179776	0.00408568	0.00009534	0.00061323	0.01618525	0.00027881	0.00136074	0.00053837	0.00057111	0.00036108	0.00062693	0.00066572	0.00207784
A[C>A]G	0.00331002	0.00043171	0.00305108	0.01862762	0.00002563	0.00007067	0.00086795	0.00012670	0.00019558	0.00097374	0.00008904	0.00013716	0.00004186	0.00012912	0.00015167	0.00027549	0.00024946	0.00004890
A[C>A]T	0.00566264	0.01432851	0.01890959	0.03584972	0.00020936	0.00100637	0.00118019	0.00013511	0.00029134	0.02234418	0.00054512	0.00020452	0.00679617	0.00030939	0.00111178	0.00383875	0.00485265	0.00383440
A[C>G]A	0.01269048	0.03152280	0.01175003	0.00694354	0.00006829	0.00219324	0.00421465	0.00026214	0.00016446	0.00079519	0.00000036	0.00072648	0.00458794	0.00338973	0.00062431	0.00141115	0.00460968	0.00563802
A[C>G]C	0.00517013	0.01930021	0.01040720	0.00262654	0.00000440	0.00087333	0.00287236	0.00006647	0.00007192	0.00358716	0.00001384	0.00058695	0.00163793	0.00093118	0.00041045	0.00256510	0.00130624	0.00379413
A[C>G]G	0.00247985	0.00000000	0.00436776	0.00135273	0.00001366	0.00001145	0.00075671	0.00006884	0.00000096	0.00216770	0.00060559	0.00042412	0.00047147	0.00030615	0.00024413	0.00068039	0.00020033	0.00135848
A[C>G]T	0.01136710	0.02617119	0.02025261	0.00309395	0.00004283	0.00160146	0.00381488	0.00009671	0.00029070	0.00514723	0.00006881	0.00027748	0.00486235	0.00404499	0.00210320	0.00368782	0.00293643	0.00566534
A[C>T]A	0.05171356	0.01362458	0.02721600	0.00827834	0.00001446	0.02438115	0.01323451	0.00156844	0.00055559	0.00593114	0.00076537	0.00262255	0.09044516	0.00807631	0.00179536	0.00362924	0.01093566	0.00913543
A[C>T]C	0.02595119	0.01587704	0.01410299	0.00398352	0.02268344	0.00570317	0.00480808	0.00011399	0.00127613	0.00380050	0.03805819	0.00241156	0.02073432	0.00015589	0.00872956	0.00498473	0.00145016	0.00239904
A[C>T]G	0.00084607	0.00785683	0.00668145	0.00204974	0.00000259	0.37379559	0.00055824	0.00411934	0.00003670	0.00050822	0.00040192	0.00000021	0.00075191	0.00011426	0.00013307	0.00142112	0.00297421	0.00102251
A[C>T]T	0.03839642	0.01410647	0.02367660	0.00330165	0.00893104	0.00943517	0.00372846	0.00068429	0.00302973	0.00850414	0.01152306	0.00123114	0.02840087	0.00031188	0.00846849	0.02753584	0.00254193	0.00882745
A[T>A]A	0.00984478	0.00061483	0.01041067	0.00287343	0.00254442	0.00100594	0.00647433	0.00001487	0.00020473	0.00111755	0.00207553	0.00100684	0.00522944	0.00001398	0.01328126	0.00051456	0.05644529	0.00225066
A[T>A]C	0.01013018	0.00950122	0.00399393	0.00316221	0.00042043	0.00328451	0.00616357	0.00020948	0.00119073	0.00050809	0.00043757	0.00065227	0.00277365	0.00028199	0.00314823	0.00152963	0.00814554	0.00175196
A[T>A]G	0.01479432	0.00927459	0.00876514	0.00753951	0.00067761	0.00144662	0.00348374	0.00009794	0.00004765	0.00148022	0.00155650	0.00014701	0.00182766	0.00101665	0.00021054	0.00307597	0.05117873	0.00141386
A[T>A]T	0.00073823	0.00107973	0.00868591	0.00421353	0.00410403	0.00009145	0.01303300	0.00056171	0.00006834	0.00350961	0.00843489	0.00109634	0.02905808	0.00085999	0.06288123	0.03128462	0.00035459	0.04326399
A[T>C]A	0.09586542	0.01262722	0.02785514	0.00543421	0.00050057	0.00117944	0.05849402	0.00026197	0.00037925	0.00033703	0.00046994	0.00025470	0.02232877	0.00181867	0.00082021	0.00444729	0.02789802	0.00249330
A[T>C]C	0.01425620	0.00746387	0.01046404	0.00002642	0.00004915	0.00381861	0.03559690	0.00007785	0.00057422	0.00277358	0.00025418	0.01210675	0.00411514	0.00035716	0.00044582	0.00453553	0.00254143	0.00012375
A[T>C]G	0.06016502	0.00917046	0.02402093	0.00457848	0.00001632	0.00018554	0.06319831	0.00000455	0.00061361	0.00295487	0.00108360	0.00083574	0.03460005	0.00047056	0.00044223	0.00941625	0.00792483	0.00003098
A[T>C]T	0.06548589	0.01930590	0.02667015	0.00083898	0.00078611	0.00558583	0.05243066	0.00019978	0.00047869	0.00596074	0.00150376	0.00909261	0.00323288	0.00189241	0.00269730	0.04777023	0.00225431	0.00607236
A[T>G]A	0.00447161	0.00454022	0.01237710	0.00081512	0.00044335	0.00003884	0.00280975	0.00148316	0.00052287	0.00057216	0.00002568	0.00071369	0.00046221	0.00003046	0.01107865	0.00349643	0.00170965	0.00893286
A[T>G]C	0.00221019	0.00289722	0.01279185	0.00010629	0.00015188	0.00037230	0.00064638	0.00473086	0.00018795	0.00057891	0.00104709	0.00062773	0.00028809	0.00000235	0.00063681	0.00280135	0.00006649	0.01043951
A[T>G]G	0.01182252	0.00871680	0.01305308	0.00081077	0.00024853	0.00055861	0.00265354	0.00101813	0.00012179	0.00266556	0.00140070	0.00090089	0.00130684	0.00000603	0.00052803	0.00968594	0.00501400	0.00725913
A[T>G]T	0.00016420	0.00088626	0.03322691	0.00000163	0.00031720	0.00000000	0.00040531	0.06624641	0.00001959	0.00023376	0.00031091	0.01212899	0.00147071	0.00025705	0.00000000	0.01221001	0.00036857	0.05810467
C[C>A]A	0.00028022	0.02480324	0.01475417	0.09460781	0.00056483	0.00005725	0.00060604	0.00023540	0.00007971	0.08268938	0.00115984	0.00004814	0.00000636	0.00138565	0.00002320	0.01314795	0.00177766	0.00465171
C[C>A]C	0.00077402	0.02643958	0.00193835	0.09884591	0.00012445	0.00196898	0.00042828	0.00002955	0.00039519	0.01047870	0.00097921	0.00150807	0.02816930	0.00053336	0.00185575	0.00317558	0.00559760	0.00030829
C[C>A]G	0.00560809	0.00006000	0.00002095	0.03001087	0.00000605	0.00008063	0.00061565	0.00003900	0.00000000	0.01241491	0.00024741	0.00032215	0.00368575	0.00000000	0.00176201	0.00025736	0.00055934	0.00000119
C[C>A]T	0.00000000	0.00626797	0.00696554	0.08837865	0.00005580	0.00000332	0.00002890	0.00000339	0.00040712	0.02748718	0.00144049	0.00003865	0.08527139	0.00000000	0.01273979	0.00000638	0.00097973	0.00013991
C[C>G]A	0.00765136	0.03071475	0.00224941	0.00918898	0.00001351	0.00015079	0.00237073	0.00012831	0.00003612	0.00000000	0.00038360	0.00077520	0.00110502	0.00629096	0.00001302	0.00138935	0.00232733	0.00097544
C[C>G]C	0.01324354	0.02168343	0.01016670	0.00800505	0.00001930	0.00039297	0.00247037	0.00008609	0.00031725	0.00287522	0.00105370	0.00003434	0.00155348	0.00050451	0.00186818	0.00050319	0.00313057	0.00026174
C[C>G]G	0.00429836	0.00173348	0.00177161	0.00352753	0.00002421	0.00032039	0.00081679	0.00000031	0.00021964	0.00447072	0.00062527	0.00051312	0.00029212	0.00005541	0.00024384	0.00151800	0.00190263	0.00014251
C[C>G]T	0.00885735	0.03464522	0.01532853	0.00730082	0.00006294	0.00001969	0.00541767	0.00004795	0.00001417	0.00361674	0.00064675	0.00003360	0.00147084	0.00679548	0.00456419	0.00049269	0.00103098	0.00315779
C[C>T]A	0.01301216	0.01602645	0.02483988	0.01423233	0.06142871	0.00344429	0.00770862	0.00044917	0.00048880	0.00716505	0.11889104	0.00157447	0.00447266	0.00000179	0.00533165	0.04864622	0.00277854	0.00494211
C[C>T]C	0.00719484	0.01865075	0.01496270	0.01159016	0.06064388	0.00024894	0.00813738	0.00013546	0.00000000	0.00257417	0.21036167	0.00181345	0.00551083	0.00003735	0.00573399	0.00088394	0.00807256	0.00021525
C[C>T]G	0.02640949	0.00407480	0.00313912	0.00283215	0.00637097	0.18731670	0.00314035	0.00563696	0.00368957	0.01559367	0.02378007	0.00219056	0.01355996	0.00209058	0.00967090	0.00578159	0.00999351	0.01665540
C[C>T]T	0.02012433	0.02673865	0.02141663	0.01847806	0.06912237	0.00021940	0.00616875	0.00019802	0.00029924	0.00149232	0.14195040	0.00212690	0.00731823	0.00082830	0.02729184	0.01026076	0.00569736	0.00136122
C[T>A]A	0.00305586	0.00177595	0.00000000	0.00149989	0.00017517	0.00004393	0.00134168	0.00001780	0.00015444	0.00009304	0.00053409	0.00008832	0.00046231	0.00015993	0.00328836	0.00178351	0.10384410	0.00022494
C[T>A]C	0.00160251	0.01741108	0.00465870	0.00428699	0.00002801	0.00008675	0.00310690	0.00188365	0.00044209	0.00191746	0.00062642	0.03874981	0.00296953	0.00026438	0.01429453	0.00006385	0.06448748	0.00059961
C[T>A]G	0.00190163	0.00250099	0.00210804	0.01466060	0.00002720	0.00067305	0.00149629	0.00034811	0.00013513	0.00038720	0.00023888	0.01132845	0.00104235	0.00042102	0.00006592	0.00183153	0.16704964	0.00036218
C[T>A]T	0.00000707	0.00854003	0.00745341	0.00653470	0.00031342	0.00000938	0.00013131	0.00740245	0.00020427	0.00084114	0.00000000	0.07282627	0.00000608	0.00050049	0.04739358	0.00000199	0.05424031	0.00016726
C[T>C]A	0.01155176	0.00741135	0.01589869	0.00485870	0.00046539	0.00035922	0.03779891	0.00039025	0.00017914	0.00000123	0.00122237	0.01109698	0.01394245	0.00021073	0.00734379	0.00933965	0.00578289	0.00171230
C[T>C]C	0.00489332	0.01172115	0.00669111	0.00161030	0.00020643	0.00311289	0.02611526	0.00219789	0.00004152	0.00325242	0.00052582	0.17558796	0.00207075	0.00001536	0.00025792	0.00013607	0.00207861	0.00196678
C[T>C]G	0.02784400	0.00563430	0.01120095	0.00545154	0.00000008	0.00030922	0.03063231	0.00197968	0.00028911	0.00000040	0.00025065	0.09439292	0.03381670	0.00007939	0.00073965	0.00152663	0.00450480	0.00108131
C[T>C]T	0.01310736	0.00028809	0.00211737	0.00063036	0.00177560	0.00003367	0.01180289	0.00881268	0.00009848	0.00458890	0.00700671	0.41704272	0.00502751	0.00010472	0.02830837	0.03121425	0.00059243	0.00251164
C[T>G]A	0.00220806	0.00697682	0.00326410	0.00024903	0.00007142	0.00005273	0.00177448	0.00202916	0.00002529	0.00010003	0.00039450	0.00037666	0.00072649	0.00005882	0.00347870	0.00097152	0.00465447	0.01135636
C[T>G]C	0.00480241	0.01040619	0.00460063	0.00008802	0.00002177	0.00038451	0.00135180	0.03121777	0.00029991	0.00233999	0.00087899	0.00163487	0.00289031	0.00009035	0.00566068	0.00015800	0.00110507	0.01313540
C[T>G]G	0.00712387	0.01648850	0.00355052	0.00271055	0.00000000	0.00028986	0.00200956	0.01374323	0.00000444	0.00309142	0.00104133	0.00040230	0.00396035	0.00016704	0.00135706	0.00023333	0.00842744	0.00711188
C[T>G]T	0.00459468	0.00038639	0.00085771	0.00092118	0.00000000	0.00053949	0.00139680	0.55266176	0.00000000	0.00139791	0.00000000	0.00163041	0.00004646	0.00000000	0.00167306	0.00000511	0.00117844	0.01498359
G[C>A]A	0.01050396	0.00546377	0.01360995	0.03008778	0.00000010	0.00092905	0.00303992	0.00126566	0.00028399	0.14188653	0.00029874	0.00235719	0.00091863	0.00050834	0.00020009	0.00016147	0.00295613	0.00673720
G[C>A]C	0.01058896	0.01140205	0.00857280	0.04530700	0.00021124	0.00036624	0.00681261	0.00001030	0.00012455	0.01711802	0.00000273	0.00077794	0.00434717	0.00020157	0.00006191	0.00007852	0.00275877	0.00053733
G[C>A]G	0.00407358	0.00000613	0.00202475	0.01839983	0.00001725	0.00073208	0.00131273	0.00007574	0.00006893	0.00808594	0.00000199	0.00020461	0.00035126	0.00005451	0.00000820	0.00003753	0.00012696	0.00092657
G[C>A]T	0.00482263	0.01113378	0.00896136	0.02097142	0.00000000	0.00001160	0.00368404	0.00029749	0.00000000	0.08101203	0.00000000	0.00002257	0.01066618	0.00020812	0.00004445	0.00005787	0.00031249	0.00385204
G[C>G]A	0.00502956	0.02018315	0.00129507	0.00618775	0.00001360	0.00014785	0.00129318	0.00004107	0.00001897	0.00047214	0.00000814	0.00107286	0.00084030	0.00137937	0.00012140	0.00029466	0.00224618	0.00169081
G[C>G]C	0.00599635	0.01336178	0.00487894	0.00675739	0.00000332	0.00065782	0.00198084	0.00001236	0.00013553	0.00058608	0.00028863	0.00135781	0.00208875	0.00038122	0.00069385	0.00011217	0.00339438	0.00306587
G[C>G]G	0.00206255	0.00344026	0.00053286	0.00396776	0.00001760	0.00026929	0.00015387	0.00003077	0.00001889	0.00030336	0.00036645	0.00008713	0.00033189	0.00021537	0.00020758	0.00052610	0.00050708	0.00026165
G[C>G]T	0.00845712	0.02324220	0.00370048	0.00290293	0.00000403	0.00018633	0.00315659	0.00000139	0.00012069	0.00092716	0.00026441	0.00060527	0.00242540	0.00287420	0.00129912	0.00095953	0.00315000	0.00261765
G[C>T]A	0.02707013	0.02098409	0.01335160	0.00303286	0.00007177	0.00346353	0.00902081	0.00025994	0.00008469	0.00656143	0.00016802	0.00255128	0.08527776	0.00739764	0.00005996	0.00081393	0.00361151	0.00716298
G[C>T]C	0.03186058	0.01498749	0.00897876	0.00321362	0.01344804	0.00056574	0.00658314	0.00012086	0.00132961	0.00442094	0.02823763	0.00006810	0.07416279	0.00025115	0.00083623	0.00261732	0.00378720	0.00841516
G[C>T]G	0.01208300	0.00000000	0.00000000	0.00000205	0.00000000	0.21439442	0.00541586	0.00578230	0.00000000	0.01551138	0.00000043	0.00139758	0.05536255	0.00175957	0.00000000	0.00001589	0.00680564	0.01632168
G[C>T]T	0.02452451	0.00985931	0.01502778	0.00271129	0.02335740	0.00033350	0.00522920	0.00001112	0.00027371	0.00253438	0.00411487	0.00101460	0.06681352	0.00189290	0.00173494	0.03985668	0.00423755	0.00487693
G[T>A]A	0.00376569	0.00668777	0.00152600	0.00512648	0.00040249	0.00006630	0.00202095	0.00015871	0.00041410	0.00103337	0.00032062	0.00008890	0.00181259	0.00000200	0.00163469	0.00000827	0.03950388	0.00122579
G[T>A]C	0.00228790	0.01058618	0.00190463	0.00246718	0.00022886	0.00003493	0.00196040	0.00031238	0.00021534	0.00204603	0.00007536	0.00297299	0.00269472	0.00022779	0.00263628	0.00020498	0.01035088	0.00104178
G[T>A]G	0.00323122	0.01479967	0.00109097	0.01256589	0.00025731	0.00010438	0.00210246	0.00020484	0.00017157	0.00059602	0.00046120	0.00058891	0.00279981	0.00007413	0.00001604	0.00120024	0.02711908	0.00092208
G[T>A]T	0.00099450	0.01624232	0.00214167	0.00515109	0.00037360	0.00015788	0.00089758	0.00159721	0.00007705	0.00277666	0.00009015	0.00492567	0.00351223	0.00054987	0.02081163	0.00761240	0.00669877	0.00121406
G[T>C]A	0.00930141	0.00911369	0.00437832	0.00251223	0.00005228	0.00046607	0.05489394	0.00002066	0.00016218	0.00016340	0.00004403	0.00021548	0.02432710	0.00016709	0.00001049	0.00085987	0.00408510	0.00124145
G[T>C]C	0.00800919	0.00615146	0.00497306	0.00040567	0.00008799	0.00236904	0.02317753	0.00093956	0.00007813	0.00285271	0.00000336	0.01409836	0.00134488	0.00026066	0.00016860	0.00187834	0.00394541	0.00066943
G[T>C]G	0.01735958	0.01211386	0.00278631	0.00181717	0.00001720	0.00142139	0.03513744	0.00121762	0.00006131	0.00498249	0.00044270	0.00373066	0.01877413	0.00024988	0.00025859	0.00239196	0.00341439	0.00114515
G[T>C]T	0.00679209	0.00155242	0.00300587	0.00002748	0.00069470	0.00002376	0.02353570	0.00069337	0.00030643	0.00195763	0.00577311	0.00465606	0.00760348	0.00000000	0.00571373	0.27327898	0.00152977	0.00177040
G[T>G]A	0.00270163	0.00707169	0.00232533	0.00021072	0.00005367	0.00017145	0.00213336	0.00036581	0.00009909	0.00083795	0.00023382	0.00069764	0.00050765	0.00002872	0.00248140	0.00022131	0.00234740	0.00093543
G[T>G]C	0.00219616	0.00327961	0.00340214	0.00006643	0.00013236	0.00007935	0.00072561	0.00591221	0.00010599	0.00012796	0.00034899	0.00031703	0.00037226	0.00013168	0.00132385	0.00008349	0.00117987	0.00032212
G[T>G]G	0.00553382	0.01698726	0.00130642	0.00179407	0.00022436	0.00053092	0.00190550	0.00142010	0.00014571	0.00699482	0.00274731	0.00071890	0.00119612	0.00108348	0.00580389	0.00400435	0.00247951	0.00247330
G[T>G]T	0.00002124	0.00570359	0.00200801	0.00002693	0.00107424	0.00021958	0.00011115	0.12065657	0.00002468	0.00090949	0.00187696	0.00611195	0.00282225	0.00017702	0.00647997	0.00639299	0.00017308	0.00150571
T[C>A]A	0.00029018	0.00131236	0.04061632	0.04212771	0.00027360	0.00002411	0.00253276	0.00004092	0.00057982	0.08582752	0.00215589	0.00028282	0.00124187	0.07744753	0.00162182	0.01024436	0.00378088	0.00205325
T[C>A]C	0.00598226	0.01657045	0.02584752	0.05321107	0.00045838	0.00253883	0.00143122	0.00015216	0.00015088	0.04815022	0.00333633	0.00077102	0.00244978	0.03148548	0.01303593	0.00775777	0.00097680	0.00010981
T[C>A]G	0.00355340	0.00010200	0.00349044	0.01260958	0.00000954	0.00046232	0.00045419	0.00002174	0.00001080	0.01525069	0.00014421	0.00010504	0.00005243	0.01098108	0.00001142	0.00018823	0.00035929	0.00000780
T[C>A]T	0.00702346	0.00437646	0.02964352	0.03711316	0.00038745	0.00182880	0.00125324	0.00277409	0.00108281	0.15666315	0.00085388	0.00073075	0.01826786	0.03557767	0.00338663	0.00078131	0.00949047	0.00429755
T[C>G]A	0.00147838	0.01335578	0.00096997	0.00168271	0.00000000	0.00004061	0.01744391	0.00011777	0.00003687	0.00188750	0.00003722	0.00324182	0.00126337	0.29477095	0.00121413	0.00365049	0.00573073	0.00147721
T[C>G]C	0.00413824	0.02968814	0.01329323	0.00553747	0.00000000	0.00032167	0.00745914	0.00000113	0.00005763	0.00380236	0.00145716	0.00067444	0.00134105	0.06555083	0.00431983	0.00016076	0.00175327	0.00574115
T[C>G]G	0.00246697	0.00008702	0.00220890	0.00229410	0.00000086	0.00005516	0.00141057	0.00003912	0.00006294	0.00120236	0.00027033	0.00045619	0.00031263	0.01404043	0.00000051	0.00103526	0.00013435	0.00007785
T[C>G]T	0.00268135	0.02546415	0.01254470	0.00058809	0.00044091	0.00241288	0.01741248	0.00136513	0.00002087	0.00017988	0.00004566	0.00052690	0.00217324	0.39357079	0.01249872	0.00004393	0.00428589	0.00407115
T[C>T]A	0.00170155	0.00010043	0.03873712	0.00235585	0.13438958	0.00145312	0.00773847	0.00001575	0.56268156	0.00840497	0.00006315	0.00010433	0.00101401	0.00190106	0.01611318	0.00000000	0.00269522	0.00089402
T[C>T]C	0.00000000	0.00092811	0.01710874	0.00676872	0.45701761	0.00000400	0.00442620	0.00003874	0.07580799	0.00000000	0.16291047	0.00000009	0.00000480	0.00232039	0.01468615	0.09311799	0.00168780	0.00027886
T[C>T]G	0.02173663	0.00000524	0.00000000	0.00000000	0.09566381	0.10107330	0.00145699	0.00282871	0.04259758	0.01240521	0.05591244	0.00033521	0.00077971	0.00084538	0.00000000	0.00671777	0.00303247	0.00434525
T[C>T]T	0.00690204	0.00165776	0.02648833	0.00700437	0.02181469	0.00000208	0.03421264	0.00038764	0.29114751	0.00002440	0.11867523	0.00132729	0.00330479	0.00222338	0.00036739	0.04045397	0.00867582	0.00599259
T[T>A]A	0.00292587	0.00038136	0.00582725	0.00122520	0.00016039	0.00748563	0.01530327	0.00085577	0.00002054	0.01017894	0.00214631	0.00052856	0.00584714	0.00042787	0.02183769	0.01363884	0.05937076	0.06744915
T[T>A]C	0.00048313	0.01052497	0.01307156	0.00120659	0.00021918	0.00010121	0.00758320	0.00027773	0.00023340	0.00173158	0.00206775	0.00526929	0.00000815	0.00053952	0.03677747	0.00093584	0.02220607	0.00525709
T[T>A]G	0.00568768	0.00353151	0.00612685	0.00560130	0.00000000	0.00034279	0.00361152	0.00001110	0.00000023	0.00062580	0.00140087	0.00139151	0.00080000	0.00005898	0.01359990	0.00443588	0.04176868	0.00430639
T[T>A]T	0.00142155	0.00067977	0.01883573	0.00359409	0.00031174	0.00175282	0.00633310	0.00153919	0.00132239	0.00112457	0.00006048	0.00235166	0.01267147	0.00010717	0.26392037	0.02529597	0.01447484	0.00492489
T[T>C]A	0.00913789	0.01165480	0.00295613	0.00071438	0.00242583	0.00022438	0.07142626	0.00073325	0.00037509	0.00011951	0.00458938	0.00088272	0.02086060	0.00000439	0.03760349	0.06553651	0.00758880	0.02384686
T[T>C]C	0.00411854	0.00784321	0.00578978	0.00000209	0.00061212	0.00489815	0.03848266	0.00100827	0.00000895	0.00531130	0.00144346	0.01422385	0.01026570	0.00010802	0.02500157	0.01193187	0.00032706	0.00953120
T[T>C]G	0.01250011	0.00490610	0.00382968	0.00096379	0.00006973	0.00044224	0.03532540	0.00110863	0.00006593	0.00272610	0.00374866	0.00193701	0.01771478	0.00001204	0.01498582	0.02082178	0.00414297	0.01050535
T[T>C]T	0.01547038	0.00949178	0.00000011	0.00005617	0.00091116	0.00510250	0.05343421	0.00047520	0.00020981	0.00044896	0.00297963	0.01925343	0.03172966	0.00052349	0.09182357	0.03317298	0.00043166	0.01042343
T[T>G]A	0.00451884	0.00871451	0.00823721	0.00000775	0.00014156	0.00011937	0.00707326	0.00000000	0.00004777	0.00000851	0.00046693	0.00000481	0.00000796	0.00028402	0.02210231	0.00007731	0.00226018	0.05523903
T[T>G]C	0.00700802	0.00720883	0.01775025	0.00000196	0.00002241	0.00056057	0.00490897	0.00878417	0.00016187	0.00113650	0.00118248	0.00002636	0.00065847	0.00019111	0.01721388	0.00045925	0.00072612	0.03454389
T[T>G]G	0.00882412	0.01207182	0.01139457	0.00178050	0.00000201	0.00086247	0.00419118	0.00450927	0.00004311	0.00070206	0.00089440	0.00146930	0.00230335	0.00000160	0.00863013	0.00052375	0.00502552	0.01969406
T[T>G]T	0.00167643	0.00732837	0.01441485	0.00020646	0.00002484	0.00081327	0.00990755	0.11894353	0.00011855	0.00032452	0.00032619	0.00543531	0.00788019	0.00000000	0.01682016	0.00051537	0.00008046	0.37970142
