MutationsType	SBS96A	SBS96B	SBS96C	SBS96D	SBS96E	SBS96F	SBS96G	SBS96H	SBS96I	SBS96J	SBS96K	SBS96L	SBS96M	SBS96N	SBS96O	SBS96P	SBS96Q
A[C>A]A	0.00799613	0.04306356	0.02274220	0.04956568	0.00002867	0.00075354	0.00003275	0.00058960	0.00142049	0.05457374	0.00048388	0.00235111	0.00101922	0.00457522	0.00404955	0.00015210	0.00082729
A[C>A]C	0.00874415	0.01464275	0.02287844	0.03977589	0.00010553	0.00198276	0.00057235	0.00012872	0.00026252	0.01567279	0.00075752	0.00133947	0.00071051	0.00035192	0.00271210	0.00080388	0.00066419
A[C>A]G	0.00242225	0.00316106	0.00036958	0.01846587	0.00001895	0.00017197	0.00023540	0.00007510	0.00008721	0.00061669	0.00004985	0.00013485	0.00019267	0.00019139	0.00073026	0.00031340	0.00004951
A[C>A]T	0.00310715	0.01908410	0.01373156	0.03569587	0.00021747	0.00098411	0.00032310	0.00010472	0.00053053	0.02174963	0.00673164	0.00028338	0.00025401	0.00102251	0.00466145	0.00391150	0.00293291
A[C>G]A	0.00795920	0.01470371	0.03098226	0.00686448	0.00005575	0.00239849	0.00021850	0.00024236	0.00000000	0.00115463	0.00485780	0.00069882	0.00352361	0.00050887	0.00678478	0.00141099	0.00522161
A[C>G]C	0.00357337	0.01177078	0.01889835	0.00262905	0.00000315	0.00074242	0.00009774	0.00006648	0.00003130	0.00376798	0.00175356	0.00047006	0.00088932	0.00032311	0.00192082	0.00273517	0.00407183
A[C>G]G	0.00158917	0.00428304	0.00000000	0.00133370	0.00002808	0.00001616	0.00003069	0.00005637	0.00052590	0.00226162	0.00044773	0.00035270	0.00043628	0.00027416	0.00059698	0.00068519	0.00140804
A[C>G]T	0.00647724	0.02250685	0.02559967	0.00305909	0.00005400	0.00160748	0.00038505	0.00007362	0.00013438	0.00529436	0.00506972	0.00037325	0.00435561	0.00195820	0.00444089	0.00368246	0.00572595
A[C>T]A	0.03214587	0.03105244	0.01177474	0.00759167	0.00001093	0.02562155	0.00078856	0.00178424	0.00087285	0.00738887	0.09224406	0.00237570	0.00841797	0.00148947	0.02071678	0.00348167	0.00702748
A[C>T]C	0.01573431	0.01639496	0.01522376	0.00361228	0.02204462	0.00615934	0.00191720	0.00026218	0.03924704	0.00452685	0.02166555	0.00237857	0.00016653	0.00768094	0.00655900	0.00293333	0.00107754
A[C>T]G	0.00014968	0.00569832	0.00876938	0.00217169	0.00000946	0.37158545	0.00003056	0.00779587	0.00022510	0.00064739	0.00055438	0.00023347	0.00006929	0.00028562	0.00059118	0.00180195	0.00183047
A[C>T]T	0.02054453	0.02700473	0.01278307	0.00262545	0.00861328	0.01064499	0.00401692	0.00083710	0.01240043	0.00929301	0.03042974	0.00117571	0.00055179	0.00721841	0.01124654	0.02657371	0.00629080
A[T>A]A	0.00796509	0.00991049	0.00163659	0.00400259	0.00246505	0.00102764	0.00024204	0.00003627	0.00205126	0.00128555	0.00532779	0.00091632	0.00002963	0.01351359	0.05051043	0.00048779	0.00305818
A[T>A]C	0.00857942	0.00493424	0.00967258	0.00324317	0.00036590	0.00337865	0.00133024	0.00021235	0.00048142	0.00080963	0.00277293	0.00070860	0.00025424	0.00322405	0.00862104	0.00160518	0.00192859
A[T>A]G	0.00942509	0.01006360	0.00982536	0.00818303	0.00063564	0.00179728	0.00016279	0.00007951	0.00160739	0.00142741	0.00205932	0.00022825	0.00111499	0.00024509	0.04835258	0.00304351	0.00109249
A[T>A]T	0.00071450	0.00584396	0.00073895	0.00402773	0.00403789	0.00007757	0.00006308	0.00038628	0.00844989	0.00391984	0.02888008	0.00108192	0.00094573	0.06402629	0.00055284	0.03191053	0.04982529
A[T>C]A	0.08713163	0.03256145	0.01414070	0.00530987	0.00039768	0.00225160	0.00081478	0.00025101	0.00070426	0.00159147	0.02388259	0.00029834	0.00210650	0.00057171	0.04303839	0.00479382	0.00141681
A[T>C]C	0.02824558	0.01103126	0.00865703	0.00007387	0.00007135	0.00346512	0.00056924	0.00014318	0.00017898	0.00249441	0.00408429	0.01197510	0.00022319	0.00045158	0.00389916	0.00484830	0.00077099
A[T>C]G	0.06950554	0.02632600	0.01068633	0.00413572	0.00004022	0.00025633	0.00075439	0.00002456	0.00113062	0.00393558	0.03512123	0.00092129	0.00039973	0.00041088	0.01847602	0.01021898	0.00038373
A[T>C]T	0.06581850	0.03031878	0.02034841	0.00033886	0.00056726	0.00686276	0.00099716	0.00028403	0.00181987	0.00638633	0.00413040	0.00920044	0.00232690	0.00245749	0.01450124	0.04834322	0.00517464
A[T>G]A	0.00321616	0.01226813	0.00434021	0.00080590	0.00047161	0.00007761	0.00050365	0.00141836	0.00005267	0.00073213	0.00048067	0.00074843	0.00001748	0.01105610	0.00226606	0.00365080	0.00866255
A[T>G]C	0.00117449	0.01269523	0.00269470	0.00010125	0.00016899	0.00019277	0.00023567	0.00473679	0.00102793	0.00062768	0.00032005	0.00058374	0.00001183	0.00053503	0.00039726	0.00285436	0.00890060
A[T>G]G	0.00739975	0.01401628	0.00860789	0.00073042	0.00023491	0.00085262	0.00019711	0.00103999	0.00150357	0.00299940	0.00135793	0.00089262	0.00000735	0.00041801	0.00665782	0.00959254	0.00624803
A[T>G]T	0.00001305	0.02980153	0.00065770	0.00000120	0.00030340	0.00000000	0.00001709	0.06546195	0.00018482	0.00007264	0.00111421	0.01198637	0.00018365	0.00001134	0.00029925	0.01261984	0.04976778
C[C>A]A	0.00031303	0.01283999	0.02369843	0.09358726	0.00051857	0.00002898	0.00006922	0.00011307	0.00105948	0.08088825	0.00000826	0.00014684	0.00130163	0.00015137	0.00142791	0.01308873	0.00426793
C[C>A]C	0.00038294	0.00282592	0.02464261	0.09959135	0.00015915	0.00190005	0.00025676	0.00002722	0.00087524	0.00846551	0.02751442	0.00135537	0.00047477	0.00201300	0.00451279	0.00304920	0.00071410
C[C>A]G	0.00379723	0.00009107	0.00009434	0.02933904	0.00000491	0.00014437	0.00000043	0.00003208	0.00028132	0.01184034	0.00381408	0.00030783	0.00000310	0.00157028	0.00176393	0.00028618	0.00000084
C[C>A]T	0.00000000	0.00471444	0.00411919	0.08812315	0.00014997	0.00000420	0.00020895	0.00000000	0.00109433	0.02613062	0.08085327	0.00002618	0.00000000	0.01286552	0.00042082	0.00004728	0.00010244
C[C>G]A	0.00495735	0.00538521	0.03017961	0.00916220	0.00000315	0.00025763	0.00006608	0.00013331	0.00036035	0.00000000	0.00115482	0.00075358	0.00636210	0.00004694	0.00317811	0.00158109	0.00055582
C[C>G]C	0.00791025	0.01260713	0.02143776	0.00781160	0.00002156	0.00032288	0.00047981	0.00007263	0.00110212	0.00324578	0.00177205	0.00003632	0.00064859	0.00181961	0.00520934	0.00045747	0.00022634
C[C>G]G	0.00281419	0.00205643	0.00165458	0.00346317	0.00003516	0.00047576	0.00025612	0.00000066	0.00067112	0.00456400	0.00038872	0.00044129	0.00010708	0.00027126	0.00232171	0.00134859	0.00012414
C[C>G]T	0.00680707	0.01799105	0.03387396	0.00724631	0.00008206	0.00002983	0.00008601	0.00005726	0.00064812	0.00354247	0.00163034	0.00003861	0.00671720	0.00445203	0.00214528	0.00052404	0.00338719
C[C>T]A	0.01032618	0.02400990	0.01492118	0.01416392	0.06046367	0.00353676	0.00087899	0.00047238	0.11933877	0.00741783	0.00426390	0.00151637	0.00002415	0.00532549	0.00440248	0.04751863	0.00456539
C[C>T]C	0.00911527	0.01351475	0.01799758	0.01200395	0.06153350	0.00021170	0.00000743	0.00015368	0.20821626	0.00249169	0.00471239	0.00171445	0.00006559	0.00567616	0.00557121	0.00123934	0.00037095
C[C>T]G	0.01364735	0.00372141	0.00431046	0.00236736	0.00625731	0.18447305	0.00410242	0.00754851	0.02469549	0.01751335	0.01696815	0.00271118	0.00277408	0.00917565	0.01080883	0.00434843	0.01642894
C[C>T]T	0.01392356	0.02226080	0.02589181	0.01843524	0.06927387	0.00046763	0.00046097	0.00024310	0.14248700	0.00155561	0.00709786	0.00212119	0.00097453	0.02557696	0.00734855	0.00674060	0.00132074
C[T>A]A	0.00183913	0.00001220	0.00361442	0.00379396	0.00017922	0.00001857	0.00013578	0.00000224	0.00039951	0.00020946	0.00049191	0.00015340	0.00021743	0.00345458	0.08763455	0.00188243	0.00018565
C[T>A]C	0.00209313	0.00502412	0.01867995	0.00644476	0.00007263	0.00007222	0.00027397	0.00194506	0.00062019	0.00160676	0.00277076	0.03912889	0.00028811	0.01443839	0.05127742	0.00007704	0.00048078
C[T>A]G	0.00142271	0.00090668	0.00556958	0.01948513	0.00001663	0.00055436	0.00004719	0.00036463	0.00017824	0.00013653	0.00085033	0.01159568	0.00049036	0.00030050	0.13672383	0.00163045	0.00123041
C[T>A]T	0.00000000	0.00657783	0.00946858	0.00809750	0.00025646	0.00004638	0.00015628	0.00726071	0.00000078	0.00054553	0.00000877	0.07251387	0.00041005	0.04781919	0.04269997	0.00002376	0.00016228
C[T>C]A	0.02724148	0.01536443	0.00854673	0.00510081	0.00049756	0.00025694	0.00013673	0.00031873	0.00093048	0.00001638	0.01319972	0.01079945	0.00015331	0.00776723	0.00570848	0.01028305	0.00332541
C[T>C]C	0.01866910	0.00553754	0.01248743	0.00178251	0.00015805	0.00265065	0.00003371	0.00249075	0.00045878	0.00243069	0.00220830	0.17665534	0.00001571	0.00012917	0.00108316	0.00020116	0.00369171
C[T>C]G	0.03310584	0.01191759	0.00602563	0.00532366	0.00000000	0.00044731	0.00022706	0.00205243	0.00021203	0.00002726	0.03372005	0.09465263	0.00027238	0.00055024	0.00892773	0.00203291	0.00110253
C[T>C]T	0.01695185	0.00014704	0.00056324	0.00054265	0.00152872	0.00002104	0.00038919	0.00951587	0.00742949	0.00309992	0.00588912	0.41713884	0.00019341	0.02704540	0.00181255	0.03185766	0.00095943
C[T>G]A	0.00206860	0.00360746	0.00687228	0.00035521	0.00005135	0.00008139	0.00001299	0.00208323	0.00036672	0.00010198	0.00070679	0.00042659	0.00006488	0.00341336	0.00425074	0.00102877	0.01045280
C[T>G]C	0.00310090	0.00547625	0.01015718	0.00007512	0.00005385	0.00023190	0.00030893	0.03100088	0.00091702	0.00256785	0.00320704	0.00169789	0.00016768	0.00544406	0.00171116	0.00017350	0.01034942
C[T>G]G	0.00439544	0.00526278	0.01632972	0.00273592	0.00000121	0.00021997	0.00004769	0.01356224	0.00095087	0.00347972	0.00425535	0.00035726	0.00030249	0.00122789	0.00878744	0.00032850	0.00586995
C[T>G]T	0.00314172	0.00021549	0.00058382	0.00074206	0.00000000	0.00077183	0.00000000	0.54588118	0.00000000	0.00182880	0.00001652	0.00074524	0.00000000	0.00061258	0.00255623	0.00000211	0.00933592
G[C>A]A	0.00740600	0.01223455	0.00458451	0.02768905	0.00000241	0.00118452	0.00017836	0.00110888	0.00023890	0.14221099	0.00099602	0.00276200	0.00040620	0.00017563	0.00514612	0.00039442	0.00525876
G[C>A]C	0.00983446	0.01027379	0.01133368	0.04416202	0.00019388	0.00041885	0.00011760	0.00000396	0.00000177	0.01617169	0.00450856	0.00083652	0.00024354	0.00005214	0.00426114	0.00011711	0.00022265
G[C>A]G	0.00331175	0.00205736	0.00002734	0.01799540	0.00001173	0.00089262	0.00003610	0.00007428	0.00001821	0.00770986	0.00042593	0.00020741	0.00009893	0.00000141	0.00101683	0.00003917	0.00046939
G[C>A]T	0.00444243	0.00890093	0.01041485	0.01937601	0.00000000	0.00004881	0.00000000	0.00026982	0.00000000	0.08085941	0.01062372	0.00005537	0.00025390	0.00006013	0.00129884	0.00002127	0.00300017
G[C>G]A	0.00299132	0.00334928	0.02000655	0.00618963	0.00000006	0.00030811	0.00002233	0.00000528	0.00000014	0.00042021	0.00087087	0.00109308	0.00143883	0.00020674	0.00299326	0.00022106	0.00090361
G[C>G]C	0.00385701	0.00630413	0.01328720	0.00683805	0.00000114	0.00068524	0.00016466	0.00001180	0.00032546	0.00074674	0.00213890	0.00140330	0.00037156	0.00054140	0.00365308	0.00014545	0.00292188
G[C>G]G	0.00120196	0.00083016	0.00343901	0.00395097	0.00002619	0.00033495	0.00004008	0.00004522	0.00039986	0.00034586	0.00030501	0.00009798	0.00027628	0.00017874	0.00075244	0.00049416	0.00024010
G[C>G]T	0.00582855	0.00578707	0.02314530	0.00282028	0.00001344	0.00032335	0.00021869	0.00001132	0.00029111	0.00114180	0.00246354	0.00068225	0.00291473	0.00118493	0.00442337	0.00092574	0.00233451
G[C>T]A	0.01706460	0.01666725	0.01895579	0.00252875	0.00006831	0.00433584	0.00007756	0.00034885	0.00023503	0.00761427	0.08497350	0.00239903	0.00795789	0.00001852	0.00897583	0.00074793	0.00563771
G[C>T]C	0.01867177	0.01198209	0.01310371	0.00270840	0.01307915	0.00101491	0.00185624	0.00007823	0.02889405	0.00571708	0.07549328	0.00009647	0.00051273	0.00062911	0.01043730	0.00135632	0.00731885
G[C>T]G	0.00658685	0.00000000	0.00000000	0.00000150	0.00000000	0.21167040	0.00000755	0.00784127	0.00000000	0.01525200	0.05453245	0.00149407	0.00189450	0.00000000	0.00264543	0.00001633	0.01929554
G[C>T]T	0.01334502	0.01689934	0.00849353	0.00221397	0.02278542	0.00091394	0.00044487	0.00001528	0.00470165	0.00366960	0.06753359	0.00076887	0.00203834	0.00151522	0.00949601	0.03882748	0.00425437
G[T>A]A	0.00268834	0.00192920	0.00719058	0.00588464	0.00039776	0.00013093	0.00044466	0.00011529	0.00027966	0.00113447	0.00179803	0.00013861	0.00000298	0.00171589	0.03524054	0.00006814	0.00130070
G[T>A]C	0.00193717	0.00272220	0.01054287	0.00270940	0.00022647	0.00006306	0.00017973	0.00024046	0.00008256	0.00205121	0.00266934	0.00289249	0.00017986	0.00271547	0.00902842	0.00015976	0.00124706
G[T>A]G	0.00254781	0.00223243	0.01488366	0.01319826	0.00018419	0.00017384	0.00021497	0.00019953	0.00051673	0.00041190	0.00282101	0.00059053	0.00012255	0.00003746	0.02393953	0.00103550	0.00085303
G[T>A]T	0.00053884	0.00288513	0.01604555	0.00529014	0.00035159	0.00025928	0.00010502	0.00151278	0.00011477	0.00298831	0.00337620	0.00506107	0.00060487	0.02078481	0.00520226	0.00778886	0.00074990
G[T>C]A	0.03630595	0.00428990	0.01121920	0.00278573	0.00006088	0.00032916	0.00007315	0.00008265	0.00003565	0.00007055	0.02232455	0.00047446	0.00018775	0.00002471	0.00368808	0.00112985	0.00159396
G[T>C]C	0.01778155	0.00519423	0.00701516	0.00049085	0.00009348	0.00173049	0.00008543	0.00092367	0.00000419	0.00295147	0.00147448	0.01414092	0.00019603	0.00019553	0.00398282	0.00196540	0.00149210
G[T>C]G	0.02973318	0.00398909	0.01300294	0.00182164	0.00004780	0.00126286	0.00008524	0.00125177	0.00031931	0.00512555	0.01833696	0.00361498	0.00028104	0.00023673	0.00564940	0.00275690	0.00132777
G[T>C]T	0.01480450	0.00256698	0.00159765	0.00001879	0.00060946	0.00004275	0.00037103	0.00052490	0.00614043	0.00233812	0.00812249	0.00418688	0.00000000	0.00588003	0.00156692	0.27928218	0.00200939
G[T>G]A	0.00243375	0.00299325	0.00708389	0.00019184	0.00007922	0.00019615	0.00013591	0.00030149	0.00020116	0.00087480	0.00052563	0.00075921	0.00003957	0.00248874	0.00250734	0.00016616	0.00100754
G[T>G]C	0.00143292	0.00373625	0.00320199	0.00009312	0.00007615	0.00007994	0.00014631	0.00580589	0.00037090	0.00013920	0.00041049	0.00028525	0.00007777	0.00119378	0.00124312	0.00017310	0.00029395
G[T>G]G	0.00364937	0.00287825	0.01681362	0.00166085	0.00016148	0.00037724	0.00028680	0.00144137	0.00286440	0.00737959	0.00145219	0.00068261	0.00101072	0.00579878	0.00312622	0.00386603	0.00183561
G[T>G]T	0.00000438	0.00180491	0.00547700	0.00002256	0.00101910	0.00025796	0.00003737	0.11891946	0.00192823	0.00091582	0.00264556	0.00602365	0.00011647	0.00645422	0.00009747	0.00625947	0.00059806
T[C>A]A	0.00008067	0.03593798	0.00053857	0.04125114	0.00039895	0.00000000	0.00029974	0.00000000	0.00197736	0.08443732	0.00081509	0.00026135	0.07643899	0.00117396	0.00438729	0.01106172	0.00204907
T[C>A]C	0.00342993	0.02496733	0.01554545	0.05242655	0.00048488	0.00257470	0.00015012	0.00010421	0.00338602	0.04753240	0.00235056	0.00059909	0.03124710	0.01301731	0.00186945	0.00785705	0.00022807
T[C>A]G	0.00198311	0.00339331	0.00006517	0.01217302	0.00000611	0.00042029	0.00002528	0.00002102	0.00016653	0.01539706	0.00015153	0.00011843	0.01101305	0.00000581	0.00131115	0.00019110	0.00002845
T[C>A]T	0.00327824	0.02578410	0.00307698	0.03559339	0.00037810	0.00161884	0.00101380	0.00261733	0.00082499	0.15558816	0.01805560	0.00096572	0.03506206	0.00331903	0.00920773	0.00096939	0.00404604
T[C>G]A	0.00325390	0.00043928	0.01353584	0.00142326	0.00000000	0.00011864	0.00001794	0.00007076	0.00006503	0.00152978	0.00068238	0.00308852	0.29644992	0.00039022	0.01058350	0.00356822	0.00179506
T[C>G]C	0.00416217	0.01481237	0.02902125	0.00548382	0.00000087	0.00046068	0.00008546	0.00000827	0.00146750	0.00337776	0.00113923	0.00049071	0.06585339	0.00424273	0.00240598	0.00022371	0.00658176
T[C>G]G	0.00178162	0.00221451	0.00006483	0.00223212	0.00000000	0.00011660	0.00007246	0.00004192	0.00021442	0.00122763	0.00043144	0.00039169	0.01411286	0.00000352	0.00088230	0.00110074	0.00009083
T[C>G]T	0.00801954	0.01219062	0.02519447	0.00054917	0.00041858	0.00210677	0.00005952	0.00128056	0.00005030	0.00020859	0.00151758	0.00043073	0.38992001	0.01173845	0.00260351	0.00003931	0.00580049
T[C>T]A	0.00419459	0.03046193	0.00024306	0.00202869	0.14018449	0.00113676	0.55794713	0.00003311	0.00000000	0.00809895	0.00023857	0.00032198	0.00198623	0.01691169	0.00295850	0.00000000	0.00114485
T[C>T]C	0.00000000	0.01045345	0.00043859	0.00637369	0.45004962	0.00000000	0.07286781	0.00000000	0.16093363	0.00000000	0.00005754	0.00000851	0.00203392	0.01490476	0.00000104	0.08495504	0.00591821
T[C>T]G	0.01217247	0.00000000	0.00005409	0.00000000	0.09377901	0.10109182	0.04261012	0.00400459	0.05794659	0.01188585	0.00221232	0.00040313	0.00106439	0.00000000	0.00414976	0.00147777	0.00286704
T[C>T]T	0.00922053	0.02178613	0.00175880	0.00680332	0.02761125	0.00003154	0.29390630	0.00035050	0.11701075	0.00003924	0.00245311	0.00130080	0.00126568	0.00056775	0.00147561	0.03985909	0.03094762
T[T>A]A	0.00302743	0.00237566	0.00147475	0.00250033	0.00015783	0.00775737	0.00001485	0.00074523	0.00213495	0.01011960	0.00566534	0.00054015	0.00043653	0.02330845	0.05104354	0.01364759	0.07757237
T[T>A]C	0.00287136	0.01230369	0.01101091	0.00218995	0.00027225	0.00002684	0.00012782	0.00021666	0.00185914	0.00154512	0.00001665	0.00514731	0.00030367	0.03778867	0.01655915	0.00137685	0.00614426
T[T>A]G	0.00401849	0.00613912	0.00404793	0.00639662	0.00000137	0.00048733	0.00001137	0.00000608	0.00139669	0.00072577	0.00083165	0.00134823	0.00019827	0.01376181	0.03750735	0.00429063	0.00473101
T[T>A]T	0.00139439	0.01617811	0.00101200	0.00373174	0.00030102	0.00213013	0.00134602	0.00131248	0.00008882	0.00186913	0.01273961	0.00212699	0.00017076	0.26366350	0.01200332	0.02585840	0.00453827
T[T>C]A	0.04023371	0.00141304	0.01378507	0.00113370	0.00240065	0.00013974	0.00016917	0.00055347	0.00394778	0.00001493	0.01937390	0.00083101	0.00000296	0.03954132	0.00568748	0.07073210	0.03337689
T[T>C]C	0.02225812	0.00473845	0.00889945	0.00003346	0.00063024	0.00402355	0.00000865	0.00103074	0.00110929	0.00500177	0.00966179	0.01428218	0.00008843	0.02637057	0.00008257	0.01340772	0.01332674
T[T>C]G	0.02478518	0.00328985	0.00603564	0.00103510	0.00007500	0.00042540	0.00006300	0.00106977	0.00367620	0.00280381	0.01725107	0.00191689	0.00000669	0.01589533	0.00498342	0.02163481	0.01362847
T[T>C]T	0.03560942	0.00002978	0.01057510	0.00006678	0.00092081	0.00513248	0.00017763	0.00052870	0.00264294	0.00037910	0.03066462	0.01943271	0.00039797	0.09342318	0.00200681	0.03540561	0.01153798
T[T>G]A	0.00337757	0.00720096	0.00876475	0.00005019	0.00013379	0.00016967	0.00009963	0.00001100	0.00044576	0.00008959	0.00006158	0.00000127	0.00021176	0.02229000	0.00294707	0.00019156	0.05775672
T[T>G]C	0.00499518	0.01718908	0.00714299	0.00000589	0.00001986	0.00074808	0.00019555	0.00881460	0.00121697	0.00125066	0.00068549	0.00002550	0.00025244	0.01701062	0.00171515	0.00072371	0.03315759
T[T>G]G	0.00525123	0.01200972	0.01177495	0.00165408	0.00000280	0.00104431	0.00013964	0.00443643	0.00090775	0.00114866	0.00236695	0.00150904	0.00001917	0.00850238	0.00676521	0.00073740	0.02040312
T[T>G]T	0.00454546	0.00697903	0.00759424	0.00010397	0.00001485	0.00106961	0.00008262	0.12018660	0.00034229	0.00055271	0.00767425	0.00496828	0.00000000	0.01613099	0.00162467	0.00052759	0.34259406
