MutationsType	ID83A	ID83B	ID83C	ID83D	ID83E	ID83F	ID83G	ID83H	ID83I	ID83J
1:Del:C:0	0.00000000	0.00220903	0.00148479	0.03099763	0.08612484	0.02320902	0.00491099	0.36732620	0.01120404	0.00260259
1:Del:C:1	0.00001400	0.00000007	0.00509658	0.01924944	0.23457412	0.00118674	0.00421057	0.09393564	0.00097076	0.00007055
1:Del:C:2	0.00000000	0.00000000	0.00615089	0.00000000	0.20947704	0.00384069	0.00733950	0.00000000	0.00108096	0.00000000
1:Del:C:3	0.00181784	0.00224930	0.00847190	0.00500734	0.07494912	0.00005060	0.00522150	0.01009599	0.00167452	0.00060288
1:Del:C:4	0.00054674	0.00351101	0.00187851	0.00088837	0.04439076	0.00173528	0.00052864	0.01389173	0.00252508	0.00109144
1:Del:C:5	0.00210406	0.01451357	0.00673346	0.00232734	0.02621821	0.00104476	0.00039272	0.00055672	0.00424837	0.00348901
1:Del:T:0	0.00099796	0.00585867	0.13085013	0.03297412	0.02344409	0.00046651	0.06067552	0.11742490	0.00731869	0.01631596
1:Del:T:1	0.00000001	0.00000000	0.01473702	0.00093907	0.00273108	0.00000692	0.42577400	0.00642991	0.00362290	0.00000092
1:Del:T:2	0.00005502	0.00662571	0.15411233	0.00374471	0.00213966	0.00771838	0.05359302	0.09065972	0.00237926	0.00597986
1:Del:T:3	0.00144379	0.01875214	0.11259158	0.00433183	0.00275189	0.01953249	0.06694107	0.11679080	0.00722236	0.01335796
1:Del:T:4	0.00322625	0.04348979	0.08620354	0.00718868	0.00247843	0.01474197	0.01739643	0.10667545	0.01167596	0.01024566
1:Del:T:5	0.00057713	0.83102130	0.00997205	0.00036032	0.00074848	0.00007127	0.00140646	0.00740205	0.00757281	0.05988485
1:Ins:C:0	0.00000002	0.00000001	0.00000004	0.00000012	0.00000012	0.00000002	0.00000006	0.00000025	0.00000006	0.53210320
1:Ins:C:1	0.00000732	0.00019042	0.00892604	0.00185447	0.00541705	0.00146042	0.00223237	0.00000000	0.00153421	0.01399156
1:Ins:C:2	0.00000001	0.00000014	0.00631890	0.00163944	0.00412990	0.00001796	0.00344489	0.00000098	0.00100034	0.00050061
1:Ins:C:3	0.00069070	0.00038979	0.00146803	0.00018267	0.00874094	0.00000002	0.00029678	0.00003228	0.00100067	0.00083273
1:Ins:C:4	0.00129057	0.00263383	0.00202637	0.00069069	0.00813226	0.00028078	0.00001108	0.00017033	0.00095021	0.00081802
1:Ins:C:5	0.02042901	0.00747554	0.02064941	0.00639552	0.00802256	0.00002173	0.00000214	0.00211540	0.00605581	0.00253446
1:Ins:T:0	0.00222235	0.00102240	0.00164205	0.00360642	0.01736083	0.00635302	0.02522915	0.01395121	0.00414115	0.03817211
1:Ins:T:1	0.00000000	0.00000000	0.01297872	0.00422734	0.06613205	0.00016842	0.00994256	0.00455877	0.00292313	0.00290014
1:Ins:T:2	0.00001027	0.00047980	0.03854142	0.00007573	0.05471521	0.00000000	0.01303041	0.00000676	0.00162010	0.00140087
1:Ins:T:3	0.00340409	0.00103353	0.02773609	0.00075854	0.03191201	0.00004068	0.01500200	0.00024873	0.00162906	0.00031004
1:Ins:T:4	0.01430513	0.00323490	0.02325671	0.00324064	0.00829351	0.00044018	0.01165551	0.00283777	0.00387806	0.00467114
1:Ins:T:5	0.91427225	0.00330452	0.02949475	0.01320672	0.00172483	0.00555842	0.00033452	0.00898524	0.00897783	0.16966133
2:Del:R:0	0.00017547	0.00003484	0.01955321	0.00727738	0.00878407	0.00019988	0.03067672	0.01226737	0.08376188	0.00057641
2:Del:R:1	0.00009035	0.00290108	0.01567680	0.00726404	0.01170575	0.00043105	0.01676120	0.00063981	0.19758036	0.00607135
2:Del:R:2	0.00043760	0.00167121	0.00176535	0.00019480	0.01342880	0.00163713	0.00408510	0.00007596	0.04381353	0.00216234
2:Del:R:3	0.00013403	0.00097185	0.00008833	0.00005061	0.00613003	0.00041411	0.00036914	0.00001061	0.00925226	0.00018331
2:Del:R:4	0.00001544	0.00092520	0.00070505	0.00025725	0.00316743	0.00013487	0.00026695	0.00011887	0.00321287	0.00041084
2:Del:R:5	0.00000001	0.00000000	0.02585635	0.00003549	0.00061998	0.00000263	0.01258349	0.00000000	0.00089909	0.00000000
3:Del:R:0	0.00001154	0.00000001	0.01249881	0.01414209	0.00235464	0.00067884	0.01709076	0.00074767	0.00486893	0.00142996
3:Del:R:1	0.00378648	0.00414127	0.00690276	0.00194970	0.00000776	0.00414058	0.00414028	0.00195040	0.09255786	0.00437095
3:Del:R:2	0.00056430	0.00208477	0.00094740	0.00033485	0.00000301	0.00052407	0.00112003	0.00051732	0.01435098	0.00141334
3:Del:R:3	0.00027578	0.00049245	0.00094661	0.00046046	0.00001676	0.00011749	0.00025311	0.00021923	0.00350681	0.00037236
3:Del:R:4	0.00000001	0.00000000	0.00688901	0.00000000	0.00001591	0.00000001	0.00304750	0.00000000	0.00042009	0.00000808
3:Del:R:5	0.00000001	0.00000000	0.01001675	0.00000000	0.00025520	0.00004303	0.00457596	0.00000000	0.00028131	0.00001401
4:Del:R:0	0.00003035	0.00000000	0.00637004	0.00754446	0.00097854	0.00221449	0.01340856	0.00042465	0.00627884	0.00040022
4:Del:R:1	0.00041777	0.00188002	0.00134193	0.00077730	0.00101665	0.00257254	0.00241355	0.00257051	0.05404245	0.00034210
4:Del:R:2	0.00000000	0.00049186	0.00000156	0.00000159	0.00000000	0.00059818	0.00043839	0.00004219	0.00954102	0.00053678
4:Del:R:3	0.00000001	0.00000000	0.00368064	0.00000045	0.00011312	0.00012441	0.00258746	0.00000325	0.00369395	0.00001701
4:Del:R:4	0.00000086	0.00000000	0.00514970	0.00007127	0.00021465	0.00000706	0.00288328	0.00000000	0.00013926	0.00000000
4:Del:R:5	0.00003362	0.00016343	0.00177074	0.00001157	0.00008600	0.00008545	0.00080475	0.00000049	0.00071073	0.00007152
5:Del:R:0	0.00000000	0.00000000	0.00577694	0.29249075	0.00104318	0.01366000	0.02315375	0.00004210	0.00835292	0.00079871
5:Del:R:1	0.00000086	0.00321374	0.00004623	0.00000000	0.00000000	0.00748152	0.00116857	0.00023819	0.01077059	0.00039066
5:Del:R:2	0.00009740	0.00041987	0.00032936	0.00029469	0.00002588	0.00043709	0.00038069	0.00006445	0.00288299	0.00001842
5:Del:R:3	0.00000706	0.00012567	0.00030386	0.00000901	0.00003017	0.00016375	0.00011037	0.00011331	0.00105359	0.00012211
5:Del:R:4	0.00000132	0.00006911	0.00009216	0.00001572	0.00004842	0.00008926	0.00003396	0.00007721	0.00016124	0.00002761
5:Del:R:5	0.00002304	0.00002046	0.00059002	0.00000539	0.00001526	0.00000000	0.00066440	0.00003896	0.00018046	0.00000501
2:Ins:R:0	0.00059364	0.00019374	0.00568084	0.00164912	0.00229820	0.00194613	0.01000381	0.00100801	0.00099456	0.02594687
2:Ins:R:1	0.00000353	0.00021049	0.02326490	0.00113695	0.00324367	0.00005534	0.00984641	0.00104572	0.00027997	0.00000042
2:Ins:R:2	0.00024887	0.00093918	0.00921353	0.00033745	0.00134818	0.00037763	0.00341539	0.00046307	0.00019550	0.00108298
2:Ins:R:3	0.00040390	0.00044799	0.00164734	0.00044914	0.00093198	0.00037815	0.00096574	0.00045850	0.00037439	0.00106876
2:Ins:R:4	0.00240515	0.00203479	0.00243661	0.00059163	0.00023656	0.00005520	0.00003442	0.00020764	0.00087191	0.00344726
2:Ins:R:5	0.01459137	0.01448381	0.02196478	0.00767653	0.00000756	0.00003201	0.00063457	0.00095457	0.00761911	0.00040314
3:Ins:R:0	0.00004589	0.00000055	0.00424916	0.00037425	0.00035453	0.00103665	0.00251634	0.00051925	0.00020720	0.00827728
3:Ins:R:1	0.00036180	0.00100608	0.00717733	0.00059387	0.00032057	0.00006804	0.00532878	0.00070835	0.00077457	0.00309950
3:Ins:R:2	0.00003632	0.00018111	0.00163900	0.00001201	0.00017906	0.00081938	0.00070536	0.00001481	0.00118883	0.00035122
3:Ins:R:3	0.00014015	0.00001248	0.00005580	0.00004505	0.00000360	0.00029672	0.00006448	0.00004474	0.00003734	0.00038625
3:Ins:R:4	0.00010532	0.00011255	0.00010327	0.00011351	0.00001974	0.00016396	0.00000426	0.00005496	0.00019834	0.00088293
3:Ins:R:5	0.00106141	0.00204849	0.00142567	0.00048613	0.00000383	0.00000000	0.00000087	0.00006883	0.00052964	0.00196450
4:Ins:R:0	0.00000107	0.00000632	0.00214333	0.00063612	0.00010489	0.00173165	0.00270406	0.00000982	0.00044441	0.00533984
4:Ins:R:1	0.00063077	0.00113457	0.00462127	0.00092169	0.00002782	0.00064682	0.00490506	0.00121752	0.00192023	0.00199308
4:Ins:R:2	0.00003367	0.00000015	0.00027575	0.00012683	0.00019211	0.00042115	0.00023848	0.00003231	0.00007240	0.00009086
4:Ins:R:3	0.00004973	0.00025738	0.00003721	0.00001666	0.00000465	0.00039401	0.00000348	0.00000336	0.00010158	0.00082157
4:Ins:R:4	0.00040656	0.00015848	0.00022144	0.00015046	0.00000019	0.00000438	0.00003472	0.00017393	0.00027243	0.00146429
4:Ins:R:5	0.00081488	0.00218762	0.00181112	0.00133936	0.00001572	0.00004750	0.00086904	0.00007051	0.00051811	0.00017903
5:Ins:R:0	0.00000003	0.00000000	0.00510389	0.00000000	0.00005993	0.00878100	0.00342060	0.00000007	0.00007206	0.00276847
5:Ins:R:1	0.00171317	0.00003921	0.00199019	0.01090553	0.00023072	0.00564221	0.01262110	0.00146538	0.00234316	0.02498922
5:Ins:R:2	0.00023130	0.00000381	0.00043711	0.00002754	0.00000870	0.00134649	0.00025352	0.00001959	0.00006492	0.00054842
5:Ins:R:3	0.00024117	0.00008815	0.00039862	0.00010264	0.00005769	0.00005564	0.00003708	0.00016296	0.00004311	0.00011758
5:Ins:R:4	0.00020333	0.00000440	0.00030157	0.00002695	0.00000720	0.00001977	0.00004228	0.00017411	0.00001745	0.00002813
5:Ins:R:5	0.00019974	0.00005905	0.00090220	0.00037491	0.00007170	0.00000567	0.00028536	0.00001029	0.00006899	0.00000054
2:Del:M:1	0.00009648	0.00002452	0.02055505	0.00012822	0.00985306	0.00009550	0.02311142	0.00030041	0.19447138	0.00223854
3:Del:M:1	0.00000255	0.00000000	0.00969532	0.01150620	0.00189463	0.00085897	0.01373074	0.00099708	0.00645375	0.00141743
3:Del:M:2	0.00139999	0.00251544	0.01095901	0.00344836	0.00063527	0.00405223	0.00464797	0.00060137	0.04065862	0.00355746
4:Del:M:1	0.00005993	0.00002791	0.00992069	0.00530962	0.00027038	0.00252513	0.00542417	0.00188224	0.01138816	0.00004120
4:Del:M:2	0.00004006	0.00049494	0.00547467	0.00074569	0.00036773	0.00955088	0.00307035	0.00162745	0.02941338	0.00067691
4:Del:M:3	0.00000224	0.00054577	0.00181955	0.00011974	0.00000575	0.00492358	0.00218107	0.00144246	0.04514129	0.00169245
5:Del:M:1	0.00000000	0.00050887	0.00005856	0.33827982	0.00005270	0.06715818	0.00697597	0.00000001	0.00010062	0.00182357
5:Del:M:2	0.00000002	0.00000001	0.00093187	0.11274260	0.00100063	0.27024028	0.00402009	0.00000002	0.00125431	0.00148097
5:Del:M:3	0.00000001	0.00000000	0.00361285	0.02145730	0.00055923	0.24287100	0.00088644	0.00000125	0.00040022	0.00002226
5:Del:M:4	0.00000024	0.00036735	0.00056966	0.00005848	0.00096159	0.13814305	0.00010005	0.00000000	0.00340667	0.00000858
5:Del:M:5	0.00035797	0.00230254	0.00067992	0.00103361	0.00000000	0.11155197	0.00432666	0.00000000	0.00058106	0.00050747
