MutationsType	SBS96A	SBS96B	SBS96C	SBS96D	SBS96E	SBS96F	SBS96G	SBS96H	SBS96I	SBS96J	SBS96K	SBS96L	SBS96M	SBS96N	SBS96O	SBS96P	SBS96Q	SBS96R	SBS96S	SBS96T	SBS96U	SBS96V	SBS96W	SBS96X	SBS96Y
A[C>A]A	0.00003166	0.00203189	0.00022292	0.00894891	0.05073739	0.04096838	0.00089194	0.02608562	0.00882809	0.00058909	0.00172422	0.00113430	0.02035822	0.00161873	0.00471074	0.00799399	0.00257225	0.00023896	0.04635856	0.08560444	0.00714370	0.00528546	0.00000000	0.00390766	0.00672227
A[C>A]C	0.00012794	0.00014485	0.00045830	0.00955635	0.04021851	0.00930753	0.00236119	0.02128606	0.00996544	0.00013894	0.00069867	0.00074584	0.00337476	0.00165044	0.00078587	0.00651352	0.00121393	0.00101275	0.06310603	0.02520731	0.00145403	0.00283046	0.00744572	0.00351300	0.00703796
A[C>A]G	0.00007251	0.00009502	0.00009129	0.00167263	0.02027297	0.00287176	0.00002475	0.00050214	0.00057793	0.00005271	0.00024900	0.00017643	0.00085117	0.00064738	0.00025864	0.00066194	0.00013183	0.00029000	0.01590801	0.00252416	0.00077073	0.00168780	0.00047229	0.00082995	0.00048865
A[C>A]T	0.00023743	0.00044075	0.00029025	0.00416885	0.03484504	0.01604952	0.00129447	0.01285450	0.01485687	0.00045894	0.00026701	0.00034052	0.01713266	0.00129704	0.00175781	0.00467664	0.00032192	0.00426025	0.04123638	0.02669485	0.00302600	0.00210097	0.00462590	0.00519998	0.00352260
A[C>G]A	0.00003666	0.00000000	0.00021423	0.01424661	0.00840697	0.01129163	0.00159860	0.03423223	0.00470169	0.00014204	0.00395809	0.00002612	0.00170158	0.00313109	0.00107961	0.00614210	0.00086670	0.00125246	0.00608070	0.00163993	0.00205169	0.04646319	0.00143327	0.00306184	0.00373203
A[C>G]C	0.00000823	0.00012318	0.00018914	0.00777485	0.00305814	0.01134284	0.00118169	0.02073469	0.00141124	0.00005192	0.00103082	0.00029215	0.00150819	0.00144813	0.00033549	0.00316639	0.00051657	0.00261782	0.00603242	0.00387138	0.00061442	0.01540169	0.00105383	0.00201968	0.00331117
A[C>G]G	0.00005621	0.00050744	0.00005005	0.00316325	0.00170447	0.00416965	0.00004015	0.00000000	0.00017197	0.00000334	0.00025151	0.00003410	0.00025705	0.00038719	0.00003521	0.00024231	0.00017424	0.00088284	0.00035378	0.00358678	0.00005409	0.00731321	0.00105341	0.00059736	0.00111526
A[C>G]T	0.00007512	0.00015051	0.00027618	0.01479028	0.00389276	0.02019296	0.00100860	0.02978732	0.00557031	0.00029756	0.00409815	0.00035933	0.00130155	0.00279302	0.00205684	0.00609540	0.00016652	0.00296724	0.00811282	0.00681003	0.00051489	0.02652136	0.00718429	0.00364123	0.00696164
A[C>T]A	0.00004463	0.00104867	0.00082244	0.05306297	0.00973611	0.03303370	0.02500498	0.01204119	0.07167346	0.00057943	0.00754168	0.00043261	0.00360410	0.10910929	0.00163170	0.01399828	0.00200512	0.00396204	0.00838250	0.00626138	0.00231455	0.01188111	0.00723666	0.00711667	0.00780357
A[C>T]C	0.02176830	0.03916830	0.00158703	0.02493475	0.00415061	0.02215103	0.00617156	0.01706184	0.00948286	0.00006816	0.00013915	0.00330995	0.00264760	0.04677386	0.00778155	0.00488497	0.00207742	0.00143387	0.00988419	0.00340195	0.00060077	0.00632549	0.00568863	0.00572407	0.00439326
A[C>T]G	0.00000018	0.00042265	0.00002114	0.00123662	0.00119063	0.00132529	0.36638667	0.01070580	0.01619924	0.00047047	0.00032491	0.00112317	0.00133254	0.01275077	0.00090088	0.00095525	0.00112269	0.00073373	0.00091474	0.01225648	0.00260289	0.00597986	0.00183272	0.00561508	0.00520707
A[C>T]T	0.00875967	0.01070328	0.00216047	0.03975074	0.00421850	0.02813767	0.00956360	0.01393294	0.02890503	0.00015356	0.00061657	0.00138099	0.00302353	0.03443278	0.00822680	0.00680186	0.00114055	0.03329248	0.01250227	0.00976443	0.00103039	0.00784632	0.00670341	0.00929082	0.00774469
A[T>A]A	0.00249453	0.00204823	0.00014314	0.01073987	0.00267366	0.00787003	0.00072599	0.00000887	0.00580168	0.00005385	0.00003643	0.00189669	0.00184733	0.00162831	0.01209231	0.00551629	0.00089801	0.00008676	0.00731303	0.00100390	0.05972735	0.00287027	0.01455010	0.00015871	0.06319799
A[T>A]C	0.00058816	0.00029096	0.00107315	0.01263942	0.00241789	0.00194956	0.00226151	0.00974427	0.00617957	0.00026794	0.00015685	0.00432609	0.00072219	0.00151722	0.00335260	0.00355292	0.00109103	0.00113623	0.01466992	0.00000000	0.00755736	0.00266002	0.00068915	0.00088534	0.03236970
A[T>A]G	0.00069734	0.00132564	0.00023312	0.01617734	0.00689764	0.00848753	0.00103825	0.00922562	0.00333323	0.00006399	0.00067233	0.00089087	0.00201191	0.00215559	0.00017373	0.00493033	0.00026215	0.00379774	0.01091036	0.00223392	0.05920190	0.00444721	0.00048663	0.00137880	0.02554191
A[T>A]T	0.00468957	0.00779323	0.00001413	0.00000000	0.00305325	0.00843102	0.00000000	0.00062602	0.02736209	0.00061753	0.00041531	0.00092673	0.00120386	0.00382183	0.05107416	0.00153391	0.00112302	0.04033744	0.00883516	0.00553412	0.00003279	0.00030614	0.00251871	0.00534228	0.25471614
A[T>C]A	0.00046332	0.00061820	0.00096439	0.08504088	0.00551770	0.01662780	0.00105224	0.00651239	0.02304487	0.00007861	0.00271361	0.09246429	0.00342895	0.01013100	0.00061433	0.06006639	0.00024844	0.00446680	0.02816703	0.00053147	0.02465111	0.08669062	0.01044553	0.00695901	0.01029135
A[T>C]C	0.00018493	0.00042664	0.00032479	0.01500188	0.00009490	0.00498841	0.00305165	0.00523003	0.00435004	0.00021998	0.00032193	0.02865703	0.00064230	0.00337063	0.00032255	0.03995577	0.01246237	0.00391519	0.01070651	0.00374793	0.00138223	0.04216010	0.00810295	0.00131800	0.00203425
A[T>C]G	0.00008084	0.00121294	0.00086147	0.06899343	0.00365769	0.02062791	0.00000001	0.00263771	0.02880233	0.00000000	0.00108999	0.08855502	0.00213326	0.01371834	0.00143092	0.05285558	0.00087958	0.00969464	0.02744048	0.00130536	0.00869835	0.01177192	0.01270332	0.00462159	0.00362098
A[T>C]T	0.00050703	0.00203437	0.00109109	0.06731120	0.00007337	0.01950607	0.00574953	0.01484980	0.00807224	0.00052325	0.00151124	0.03846483	0.00358974	0.00746850	0.00289173	0.07258260	0.00763106	0.05123630	0.03378011	0.00534036	0.00080342	0.05225431	0.03916595	0.00481940	0.00686640
A[T>G]A	0.00053900	0.00001643	0.00018246	0.00057649	0.00115320	0.00841289	0.00009821	0.00132385	0.00083038	0.00140403	0.00008184	0.00277064	0.00066744	0.00031703	0.01150912	0.00299228	0.00066858	0.00369685	0.00164128	0.00038930	0.00029734	0.02289104	0.08018150	0.00549059	0.00136564
A[T>G]C	0.00028597	0.00092383	0.00006904	0.00179700	0.00003216	0.01249449	0.00016884	0.00283458	0.00056358	0.00445301	0.00003292	0.00255510	0.00033711	0.00030632	0.00105043	0.00029059	0.00070183	0.00267236	0.00206284	0.00102447	0.00006314	0.01236790	0.00853742	0.01489829	0.00085971
A[T>G]G	0.00028936	0.00151573	0.00018921	0.01423463	0.00099769	0.01145815	0.00022588	0.00914739	0.00182316	0.00097736	0.00018004	0.00226126	0.00055566	0.00179721	0.00075450	0.00221934	0.00076407	0.01069402	0.00613715	0.00331477	0.00297053	0.02150630	0.00511674	0.00927460	0.00213652
A[T>G]T	0.00036083	0.00053608	0.00003681	0.00002796	0.00001932	0.02765470	0.00000982	0.00028880	0.00175792	0.06922762	0.00029623	0.00420998	0.00032747	0.00043178	0.00000000	0.00059153	0.01186944	0.01421592	0.00258625	0.00127962	0.00005130	0.02380478	0.01723457	0.08859918	0.00156586
C[C>A]A	0.00038279	0.00203625	0.00018485	0.00004554	0.10661773	0.01467893	0.00032100	0.02676987	0.00577483	0.00027245	0.00116686	0.00105896	0.05987164	0.00141767	0.00155132	0.00490804	0.00075798	0.01353564	0.00325968	0.09843911	0.00254483	0.00191144	0.00632631	0.00431271	0.00380083
C[C>A]C	0.00025806	0.00154372	0.00010309	0.00007066	0.10782976	0.00433447	0.00144912	0.03038102	0.03685101	0.00004599	0.00091041	0.00029828	0.02031283	0.00639070	0.00272044	0.00666348	0.00126587	0.00327168	0.01652358	0.01359706	0.00584385	0.00054614	0.00160319	0.00109266	0.00191918
C[C>A]G	0.00000013	0.00048111	0.00002228	0.00613696	0.03392608	0.00003472	0.00000367	0.00063270	0.00346041	0.00000011	0.00002374	0.00034282	0.00639913	0.00305370	0.00200958	0.00057705	0.00019376	0.00006809	0.00119708	0.01698468	0.00002443	0.00132415	0.00168922	0.00055128	0.00075518
C[C>A]T	0.00036512	0.00177513	0.00014738	0.00000000	0.08557010	0.00391597	0.00000000	0.00454224	0.08987339	0.00018343	0.00000242	0.00295874	0.06865661	0.01553520	0.01430661	0.00223186	0.00028179	0.00000696	0.02184178	0.01030226	0.00192219	0.00111364	0.00008334	0.00069083	0.00052615
C[C>G]A	0.00000170	0.00037956	0.00012742	0.01043651	0.00969043	0.00422913	0.00000838	0.03507913	0.00168559	0.00016304	0.00569399	0.00054794	0.00107075	0.00222696	0.00015038	0.00423399	0.00058418	0.00151618	0.00873490	0.00001742	0.00191743	0.00196303	0.00143234	0.00164186	0.00243949
C[C>G]C	0.00007133	0.00086654	0.00052104	0.01676230	0.00816590	0.01178365	0.00000981	0.02484732	0.00195152	0.00004729	0.00075494	0.00071493	0.00092153	0.00285826	0.00231824	0.00367553	0.00041908	0.00050938	0.01277069	0.00315567	0.00137255	0.00250128	0.00241629	0.00194856	0.00253054
C[C>G]G	0.00007691	0.00080769	0.00010199	0.00549303	0.00472116	0.00230340	0.00033518	0.00212039	0.00029653	0.00000350	0.00049987	0.00008370	0.00017474	0.00060582	0.00028210	0.00045713	0.00032533	0.00136800	0.00029415	0.00696169	0.00021015	0.00077753	0.00053462	0.00079554	0.00068472
C[C>G]T	0.00007740	0.00078002	0.00028108	0.01356443	0.00768322	0.01713694	0.00000380	0.03973358	0.00249335	0.00018075	0.00650807	0.00097743	0.00160897	0.00271571	0.00435069	0.00588568	0.00018642	0.00025290	0.01446451	0.00569296	0.00118261	0.00258681	0.00537634	0.00280473	0.00374059
C[C>T]A	0.06164241	0.11169423	0.00400884	0.01710667	0.01591912	0.03667978	0.00174001	0.01949545	0.00164035	0.00044724	0.00000510	0.00099491	0.00544458	0.02645929	0.00240634	0.01018420	0.00087967	0.03550305	0.00649092	0.01398179	0.00163975	0.00345684	0.00751860	0.00408897	0.00688723
C[C>T]C	0.06943567	0.19424099	0.00001936	0.00960603	0.01325957	0.02315920	0.00028590	0.02465103	0.00453766	0.00003052	0.00121450	0.00360940	0.00574160	0.01746748	0.00524959	0.00592674	0.00194993	0.00279001	0.00909001	0.00261952	0.00471848	0.00545771	0.01040650	0.00292667	0.00168834
C[C>T]G	0.00759678	0.02351123	0.00302014	0.02344661	0.00414097	0.00206150	0.19760274	0.00408968	0.00571179	0.00067878	0.00211980	0.00216400	0.00111617	0.05923097	0.00917996	0.00238726	0.00289821	0.00250401	0.00492490	0.02377640	0.00078357	0.00560930	0.00522445	0.00554574	0.01300726
C[C>T]T	0.07158416	0.13191526	0.00117154	0.02503871	0.02011786	0.02817671	0.00001731	0.02967620	0.00918494	0.00011977	0.00146291	0.00195880	0.00491901	0.01572738	0.02092869	0.01106941	0.00212292	0.00028006	0.01375284	0.00276395	0.00292373	0.01147145	0.01411318	0.00636258	0.00371315
C[T>A]A	0.00015913	0.00096148	0.00019969	0.00157808	0.00001562	0.00001235	0.00000260	0.00129907	0.00012698	0.00007943	0.00022127	0.00112154	0.00031350	0.00056159	0.00345188	0.00016237	0.00021959	0.00144664	0.00526804	0.00003561	0.12424257	0.00146701	0.00483325	0.00031750	0.01366017
C[T>A]C	0.00018664	0.00089605	0.00036086	0.00192242	0.00717313	0.00405471	0.00042316	0.02240422	0.00819352	0.00213882	0.00035570	0.00093314	0.00074490	0.00166431	0.01309851	0.00895444	0.04020720	0.00014534	0.00868709	0.00382106	0.05631235	0.00035095	0.00140968	0.00174789	0.00070759
C[T>A]G	0.00009646	0.00055631	0.00014111	0.00216856	0.02008140	0.00211394	0.00020504	0.00541117	0.00163111	0.00070599	0.00024181	0.00108174	0.00092434	0.00098824	0.00066270	0.00094448	0.01222047	0.00110699	0.00058739	0.00349876	0.16199846	0.00124758	0.00572454	0.00281085	0.00015472
C[T>A]T	0.00036359	0.00000137	0.00007022	0.00000000	0.00507122	0.00857820	0.00033884	0.00918925	0.00666144	0.00766197	0.00047155	0.00010521	0.00119069	0.00009874	0.04932756	0.00301493	0.07195742	0.00082248	0.01284321	0.00072574	0.06367189	0.00056516	0.00000525	0.00203785	0.00008251
C[T>C]A	0.00042019	0.00148109	0.00044959	0.00893908	0.00568519	0.01226222	0.00000497	0.00247417	0.01307859	0.00061469	0.00023159	0.05694526	0.00030476	0.00363612	0.00762259	0.03129004	0.01064850	0.01001242	0.00386815	0.00000000	0.00705636	0.05289530	0.00841584	0.00198637	0.00205371
C[T>C]C	0.00015447	0.00088673	0.00018426	0.00166016	0.00175714	0.00556627	0.00253176	0.01177991	0.00366067	0.00603491	0.00014501	0.03277847	0.00110359	0.00194759	0.00069394	0.04364233	0.17235949	0.00008495	0.00818618	0.00319561	0.00265838	0.01259337	0.01099805	0.00167878	0.00175867
C[T>C]G	0.00004025	0.00047525	0.00030676	0.03216245	0.00622061	0.01185391	0.00030055	0.00120299	0.03135589	0.00376116	0.00035991	0.08510629	0.00041711	0.00931925	0.00094733	0.00635325	0.08757404	0.00117911	0.00787435	0.00074195	0.00287248	0.00100851	0.01099961	0.00861843	0.00596168
C[T>C]T	0.00195141	0.00610869	0.00022207	0.00507791	0.00222427	0.00182750	0.00000000	0.00042926	0.00512893	0.01738656	0.00010392	0.05667070	0.00130853	0.00128918	0.03725201	0.01689943	0.42451909	0.03947007	0.00207957	0.00062679	0.00172239	0.03755471	0.01708303	0.00474639	0.00485731
C[T>G]A	0.00007772	0.00034532	0.00012454	0.00173125	0.00034923	0.00209074	0.00000128	0.00481609	0.00091116	0.00201459	0.00007314	0.00143543	0.00013385	0.00049005	0.00295044	0.00168372	0.00027855	0.00153765	0.00243296	0.00000295	0.00373601	0.00058041	0.04753894	0.01029501	0.00044264
C[T>G]C	0.00016657	0.00078603	0.00021275	0.00703738	0.00010006	0.00584584	0.00021936	0.01064935	0.00301030	0.03145855	0.00008352	0.00509927	0.00046248	0.00157764	0.00567726	0.00052294	0.00100325	0.00015989	0.00214851	0.00311183	0.00110551	0.00206757	0.00518706	0.01568562	0.00085949
C[T>G]G	0.00000062	0.00129306	0.00015520	0.00927135	0.00364349	0.00307258	0.00011599	0.01637526	0.00470149	0.01371298	0.00010857	0.00587396	0.00055831	0.00232178	0.00103646	0.00047155	0.00013868	0.00016073	0.00267652	0.00494766	0.00772137	0.00391462	0.02194739	0.01249165	0.00149466
C[T>G]T	0.00000364	0.00000470	0.00016356	0.01121793	0.00069158	0.00015712	0.00000001	0.00011374	0.00042750	0.55185507	0.00017388	0.00001658	0.00102182	0.00211379	0.00291848	0.00491796	0.00299752	0.00003166	0.00352259	0.00103442	0.00213691	0.00044924	0.00000223	0.02109129	0.00237028
G[C>A]A	0.00002924	0.00058399	0.00009824	0.00913746	0.02932412	0.00890646	0.00152643	0.00238319	0.00265435	0.00097903	0.00080489	0.00034312	0.06729230	0.00110441	0.00083348	0.00264233	0.00252527	0.00022716	0.03742958	0.17395756	0.00225624	0.00184432	0.01276818	0.00378102	0.00261746
G[C>A]C	0.00010282	0.00000208	0.00021806	0.00402033	0.03766731	0.00390574	0.00024706	0.01010415	0.00895255	0.00000000	0.00042789	0.00065997	0.01406040	0.00306827	0.00021313	0.00441446	0.00146360	0.00017045	0.09067778	0.02088780	0.00261591	0.00144675	0.01338645	0.00165989	0.00086569
G[C>A]G	0.00003476	0.00000245	0.00005463	0.00298232	0.01939458	0.00185699	0.00040098	0.00001087	0.00069497	0.00010945	0.00015970	0.00018060	0.00334154	0.00103175	0.00000046	0.00038649	0.00020344	0.00002282	0.01518251	0.01157741	0.00044688	0.00107634	0.00014659	0.00078951	0.00053878
G[C>A]T	0.00000025	0.00000000	0.00001812	0.00209185	0.01260825	0.00037807	0.00000355	0.00870651	0.01408265	0.00050368	0.00002385	0.00027548	0.07420561	0.00300447	0.00003778	0.00278122	0.00036433	0.00013534	0.05998723	0.07200335	0.00151156	0.00146559	0.01488955	0.00192280	0.00071972
G[C>G]A	0.00001086	0.00000448	0.00014526	0.00713562	0.00649956	0.00295154	0.00000405	0.02302176	0.00108751	0.00005669	0.00158081	0.00056753	0.00095339	0.00145936	0.00012236	0.00249969	0.00089940	0.00032160	0.00516890	0.00019341	0.00183835	0.00268390	0.00209606	0.00148228	0.00181569
G[C>G]C	0.00000726	0.00039219	0.00032271	0.00868376	0.00734002	0.00573941	0.00009630	0.01474225	0.00231061	0.00005365	0.00056574	0.00066475	0.00091539	0.00215659	0.00042645	0.00239887	0.00094832	0.00012471	0.00596664	0.00126743	0.00121943	0.00234744	0.00479995	0.00174786	0.00207254
G[C>G]G	0.00004617	0.00034298	0.00006035	0.00298539	0.00460382	0.00082340	0.00006415	0.00411983	0.00023338	0.00000181	0.00025387	0.00012601	0.00020419	0.00046036	0.00016646	0.00029525	0.00007271	0.00057055	0.00015373	0.00080554	0.00025315	0.00107102	0.00072357	0.00032892	0.00042858
G[C>G]T	0.00002921	0.00021197	0.00021119	0.01055095	0.00308134	0.00543738	0.00000728	0.02598576	0.00363164	0.00000221	0.00276634	0.00035002	0.00085677	0.00245393	0.00122369	0.00364898	0.00086277	0.00101650	0.00937517	0.00136580	0.00071705	0.00228587	0.01605340	0.00130650	0.00188790
G[C>T]A	0.00005489	0.00060996	0.00037235	0.01599618	0.00331433	0.02101848	0.00465450	0.01711233	0.07039651	0.00005269	0.00734027	0.00055056	0.00089804	0.12047572	0.00017576	0.01010773	0.00193673	0.00086940	0.00192525	0.00981267	0.00293904	0.00435943	0.00723549	0.00572346	0.00131633
G[C>T]C	0.01476681	0.02708418	0.00037341	0.01737349	0.00401254	0.01601160	0.00040304	0.01222190	0.05258719	0.00017056	0.00097761	0.00457403	0.00101311	0.13937373	0.00010600	0.00542649	0.00046215	0.00061108	0.00367722	0.00572270	0.00234895	0.00551835	0.00542978	0.00458426	0.00237197
G[C>T]G	0.00000045	0.00000000	0.00006193	0.00533818	0.00010586	0.00000000	0.22010463	0.00004341	0.02879364	0.00098123	0.00015284	0.00339272	0.00063161	0.09559508	0.00000536	0.00034052	0.00229393	0.00000682	0.00053427	0.01649610	0.00032930	0.00407185	0.00036154	0.00316872	0.02205017
G[C>T]T	0.02065248	0.00354392	0.00017215	0.01995292	0.00345448	0.01924034	0.00023308	0.00921505	0.04915413	0.00000000	0.00136359	0.00231302	0.00189503	0.09151554	0.00113776	0.00513831	0.00028430	0.04246492	0.00523459	0.00421294	0.00179001	0.00080868	0.01473109	0.00324742	0.00334414
G[T>A]A	0.00050871	0.00032175	0.00005677	0.00445754	0.00416918	0.00163807	0.00002416	0.00671064	0.00197842	0.00008495	0.00004709	0.00102900	0.00035802	0.00110908	0.00167987	0.00106406	0.00008012	0.00005630	0.00517526	0.00209713	0.05088056	0.00189384	0.00212393	0.00062005	0.01362673
G[T>A]C	0.00024279	0.00020377	0.00016381	0.00299800	0.00274565	0.00187136	0.00012038	0.01106217	0.00478386	0.00035455	0.00014187	0.00110864	0.00024519	0.00135708	0.00223459	0.00359894	0.00332140	0.00015243	0.00490866	0.00322582	0.01090233	0.00072600	0.00298068	0.00095964	0.00302247
G[T>A]G	0.00033036	0.00053207	0.00013313	0.00431548	0.01197582	0.00197022	0.00025621	0.01578837	0.00452614	0.00023785	0.00005656	0.00051963	0.00066542	0.00128462	0.00000237	0.00414815	0.00065537	0.00134955	0.00574998	0.00172180	0.03668381	0.00148784	0.00012174	0.00068320	0.00530595
G[T>A]T	0.00031753	0.00000547	0.00013868	0.00136483	0.00513456	0.00234627	0.00032370	0.01825910	0.00785791	0.00158603	0.00035243	0.00053842	0.00066819	0.00077104	0.02093510	0.00302167	0.00468135	0.00875280	0.00719303	0.00495015	0.01058669	0.00128558	0.00222930	0.00055518	0.00651292
G[T>C]A	0.00005492	0.00012272	0.00022527	0.00646182	0.00277689	0.00210139	0.00108330	0.00178153	0.02394983	0.00004860	0.00052803	0.09469254	0.00073158	0.00431378	0.00003233	0.04297567	0.00000753	0.00072633	0.00665248	0.00015284	0.00228872	0.02239641	0.00164261	0.00072070	0.00074461
G[T>C]C	0.00003012	0.00000018	0.00018140	0.00609922	0.00075025	0.00307672	0.00192493	0.00362783	0.00110772	0.00148110	0.00028811	0.02696722	0.00065407	0.00230997	0.00014791	0.02603932	0.01467509	0.00226091	0.00745915	0.00423096	0.00154263	0.01637603	0.01121595	0.00038342	0.00091615
G[T>C]G	0.00003149	0.00039682	0.00035532	0.01902068	0.00207160	0.00310852	0.00121171	0.00891574	0.01576696	0.00099567	0.00046770	0.07848650	0.00055804	0.00431411	0.00027914	0.01571572	0.00389371	0.00259544	0.00715318	0.00753410	0.00193208	0.00260772	0.00095957	0.00222323	0.00266447
G[T>C]T	0.00074043	0.00707941	0.00022911	0.00364340	0.00002408	0.00138085	0.00000200	0.00147259	0.00880258	0.00140646	0.00012790	0.05119410	0.00072586	0.00341242	0.00815899	0.02343185	0.00323482	0.31892067	0.00856260	0.00350060	0.00185176	0.01169796	0.00053533	0.00039713	0.00016374
G[T>G]A	0.00006430	0.00034561	0.00020990	0.00288783	0.00051197	0.00098268	0.00000450	0.00682284	0.00042668	0.00028438	0.00012393	0.00147276	0.00008428	0.00053346	0.00240805	0.00098803	0.00042565	0.00009394	0.00066165	0.00167429	0.00127223	0.01437039	0.01305632	0.00091763	0.00059264
G[T>G]C	0.00011967	0.00032649	0.00012834	0.00196118	0.00017566	0.00224828	0.00000376	0.00337426	0.00027191	0.00625675	0.00002708	0.00123961	0.00015079	0.00040521	0.00164892	0.00065918	0.00017068	0.00008258	0.00131274	0.00000000	0.00018760	0.00860990	0.00828147	0.00068052	0.00031050
G[T>G]G	0.00035873	0.00260189	0.00012239	0.00801250	0.00285131	0.00101711	0.00034835	0.01887180	0.00123055	0.00147615	0.00050589	0.00267420	0.00126384	0.00130912	0.00613348	0.00116740	0.00084501	0.00387837	0.00077580	0.01092877	0.00077877	0.01266281	0.00423847	0.00324187	0.00107395
G[T>G]T	0.00105034	0.00190513	0.00000684	0.00000000	0.00009657	0.00133020	0.00000859	0.00603903	0.00271379	0.11446026	0.00000983	0.00346937	0.00012725	0.00041709	0.00662100	0.00005888	0.00650587	0.00666695	0.00009337	0.00246703	0.00005328	0.01796206	0.01024582	0.00311488	0.00073345
T[C>A]A	0.00037037	0.00270703	0.00045548	0.00064845	0.02946871	0.02311590	0.00000997	0.00060727	0.00261297	0.00001718	0.07854370	0.00074713	0.17337256	0.00129348	0.00217555	0.00285664	0.00076314	0.01161928	0.02550832	0.01986148	0.00176648	0.00102832	0.02701027	0.01137910	0.00408179
T[C>A]C	0.00074456	0.00340825	0.00023149	0.00700406	0.05035912	0.01900147	0.00238327	0.01954278	0.00525093	0.00001542	0.02917196	0.00073101	0.09268587	0.00157774	0.01423591	0.00394532	0.00035039	0.00796860	0.02870771	0.01535943	0.00321153	0.00312672	0.00154169	0.00169517	0.00311398
T[C>A]G	0.00002940	0.00024233	0.00006815	0.00273469	0.01210088	0.00176481	0.00000376	0.00010912	0.00009509	0.00008684	0.01203572	0.00019000	0.01585103	0.00056825	0.00000039	0.00050158	0.00010729	0.00002330	0.00901280	0.01350162	0.00008703	0.00181352	0.00024827	0.00064979	0.00029477
T[C>A]T	0.00069175	0.00128936	0.00024694	0.01480661	0.02149721	0.00831292	0.00001171	0.00131218	0.01791141	0.00265469	0.03524134	0.00072600	0.26085964	0.00385620	0.00342305	0.00266943	0.00127767	0.00041943	0.00355069	0.05434587	0.00154621	0.00358030	0.04416976	0.00251703	0.00352137
T[C>G]A	0.00000440	0.00008557	0.00012810	0.00220627	0.00176894	0.00224366	0.00000000	0.01549995	0.00217563	0.00010632	0.31608016	0.00097102	0.00172408	0.00149965	0.00165137	0.00455882	0.00378353	0.00407640	0.00151970	0.00197535	0.00376849	0.00287645	0.00264859	0.00651864	0.00227298
T[C>G]C	0.00002784	0.00158136	0.00022726	0.00676050	0.00641735	0.01623614	0.00001952	0.03488242	0.00105695	0.00004519	0.06346662	0.00086790	0.00136541	0.00233038	0.00470840	0.00508457	0.00090479	0.00076678	0.00912629	0.00780664	0.00213542	0.00290446	0.00230747	0.00594184	0.00506989
T[C>G]G	0.00000376	0.00035818	0.00005271	0.00323358	0.00240617	0.00260233	0.00002823	0.00010959	0.00023398	0.00002511	0.01379949	0.00008497	0.00006864	0.00041732	0.00004327	0.00057778	0.00043136	0.00087110	0.00078588	0.00158778	0.00030194	0.00147164	0.00031042	0.00088997	0.00064889
T[C>G]T	0.00012924	0.00047043	0.00126707	0.00527824	0.00062049	0.01867772	0.00140210	0.03208640	0.00504037	0.00145212	0.36855674	0.00159891	0.00552763	0.00231007	0.01245917	0.01091588	0.00037610	0.00031601	0.00603559	0.00071405	0.00088755	0.00490642	0.00649599	0.01365826	0.00891322
T[C>T]A	0.15451811	0.00030065	0.53496949	0.00223167	0.00306678	0.05825402	0.00101298	0.00106338	0.00219392	0.00004666	0.00520140	0.00340109	0.00228165	0.01019121	0.01318018	0.01179777	0.00110318	0.00009760	0.00676735	0.01373201	0.00199937	0.00323670	0.00191643	0.00335254	0.00269574
T[C>T]C	0.40012824	0.19308566	0.09126323	0.00000001	0.00787980	0.04118990	0.00000229	0.00724706	0.00532183	0.00057732	0.00318607	0.00087613	0.00405548	0.00276490	0.01305730	0.00286722	0.00045574	0.00581391	0.00058560	0.00281871	0.00059696	0.00107760	0.00091107	0.00274957	0.00199352
T[C>T]G	0.08422222	0.05508365	0.04299766	0.02323449	0.00000000	0.00000000	0.11038885	0.00000000	0.00104976	0.00018635	0.00098277	0.00167918	0.00005840	0.00906618	0.00003644	0.00267185	0.00083548	0.00157430	0.00761349	0.01764975	0.00004841	0.00477388	0.00066226	0.00265037	0.00384900
T[C>T]T	0.05619255	0.11007928	0.29737236	0.01229964	0.00834983	0.03564436	0.00000689	0.00324242	0.00672117	0.00084072	0.00064728	0.00034417	0.00262270	0.00331586	0.00033540	0.01660158	0.00029241	0.04904732	0.01897030	0.00007146	0.00117260	0.00417970	0.00379714	0.00467561	0.00463264
T[T>A]A	0.00031707	0.00255771	0.00046136	0.00179791	0.00082486	0.00543312	0.00624745	0.00138582	0.00163202	0.00117304	0.00014570	0.00043045	0.00061446	0.00052021	0.01454345	0.00256495	0.00007359	0.01586621	0.00123421	0.01558957	0.06251972	0.00161151	0.01850894	0.00585365	0.24937959
T[T>A]C	0.00038461	0.00230513	0.00023937	0.00063247	0.00135408	0.01597523	0.00000301	0.01295748	0.00318320	0.00023558	0.00023618	0.00112918	0.00040226	0.00071622	0.03568750	0.00995132	0.00557512	0.00103393	0.00824727	0.00378399	0.02384353	0.00082862	0.00076840	0.00356702	0.00246345
T[T>A]G	0.00000030	0.00161415	0.00006082	0.00452864	0.00239364	0.00755316	0.00000342	0.00258772	0.00064965	0.00000072	0.00022573	0.00014742	0.00019360	0.00117197	0.01243447	0.00393417	0.00169843	0.00538435	0.00255024	0.00251132	0.06775050	0.00026415	0.02942026	0.00080348	0.00688348
T[T>A]T	0.00073360	0.00002955	0.00021495	0.00225312	0.00162500	0.02971675	0.00155093	0.00256861	0.01471781	0.00127763	0.00007379	0.00080998	0.00183168	0.00277857	0.28654854	0.00548188	0.00111767	0.02590887	0.00906544	0.00517112	0.02892042	0.00073491	0.01554967	0.00524227	0.02954402
T[T>C]A	0.00246947	0.00626317	0.00040560	0.00429489	0.00149194	0.00361799	0.00013345	0.00825819	0.01902074	0.00108344	0.00020589	0.03744023	0.00119411	0.00805467	0.03198005	0.10140087	0.00104458	0.08067542	0.00841438	0.00073233	0.00528546	0.04043472	0.00830722	0.00880026	0.01129677
T[T>C]C	0.00062070	0.00183795	0.00022023	0.00024060	0.00005848	0.00348372	0.00323849	0.00487562	0.00990074	0.00110032	0.00014028	0.03179691	0.00071783	0.00222125	0.02135357	0.04692276	0.01470832	0.01396061	0.00112772	0.01145130	0.00032046	0.04757971	0.00981577	0.00527659	0.00855295
T[T>C]G	0.00022608	0.00402731	0.00040049	0.01429229	0.00164337	0.00581751	0.00030823	0.00199547	0.01840248	0.00123368	0.00030663	0.03130823	0.00035179	0.00632015	0.01347589	0.03897394	0.00219065	0.02273383	0.00342642	0.00519108	0.00164437	0.00421199	0.00982076	0.00437187	0.00408564
T[T>C]T	0.00083537	0.00322898	0.00027121	0.01138852	0.00002597	0.00007448	0.00387678	0.00219641	0.03482110	0.00099223	0.00075187	0.05932998	0.00061438	0.00575354	0.09049695	0.05177645	0.02012267	0.04256522	0.00081036	0.00317246	0.00000292	0.06023616	0.04732014	0.00475879	0.00873488
T[T>G]A	0.00013477	0.00098555	0.00001809	0.00022537	0.00004347	0.00487299	0.00000001	0.00537140	0.00101693	0.00000000	0.00019382	0.00031051	0.00011172	0.00078001	0.01929812	0.00667977	0.00001134	0.00011073	0.00113369	0.00022869	0.00147239	0.01614029	0.11929549	0.04657452	0.00507751
T[T>G]C	0.00007408	0.00159520	0.00018951	0.00833658	0.00000000	0.01713523	0.00001068	0.00818426	0.00079384	0.00873345	0.00006509	0.00133499	0.00029496	0.00141210	0.01812310	0.00375253	0.00010204	0.00013001	0.00266496	0.00316779	0.00011337	0.02439441	0.00630274	0.03743712	0.00276801
T[T>G]G	0.00000009	0.00134020	0.00015012	0.00873131	0.00211269	0.00908190	0.00046008	0.01135312	0.00173700	0.00477737	0.00015784	0.00235876	0.00062755	0.00184894	0.00799167	0.00395812	0.00087558	0.00005247	0.00200033	0.00183903	0.00512478	0.03929191	0.01041004	0.01995885	0.00851000
T[T>G]T	0.00004426	0.00149722	0.00016313	0.00904823	0.00012612	0.00557330	0.00001069	0.00235370	0.00985084	0.12126393	0.00014916	0.00378452	0.00079108	0.00359405	0.02210918	0.01032764	0.00408708	0.00024809	0.00348835	0.00358777	0.00032053	0.01145855	0.04687637	0.44590468	0.00721672
