MutationsType	ID83A	ID83B	ID83C	ID83D	ID83E	ID83F	ID83G	ID83H	ID83I	ID83J
1:Del:C:0	0.00000000	0.00277797	0.00203382	0.03554742	0.09272151	0.02632718	0.31524683	0.01010951	0.01019847	0.00467831
1:Del:C:1	0.00000228	0.01244316	0.00000000	0.02055118	0.23266804	0.00121281	0.08543106	0.00274298	0.00022598	0.00012333
1:Del:C:2	0.00000000	0.01441153	0.00000000	0.00000000	0.21001140	0.00348221	0.00204906	0.00344408	0.00161711	0.00000000
1:Del:C:3	0.00141197	0.00953909	0.00261905	0.00570627	0.07484014	0.00000282	0.01103847	0.00735895	0.00076447	0.00054242
1:Del:C:4	0.00045935	0.00001573	0.00360537	0.00138931	0.04591933	0.00177647	0.01327372	0.00267538	0.00197345	0.00144245
1:Del:C:5	0.00158063	0.00016345	0.01421843	0.00469879	0.02682749	0.00102490	0.00531205	0.00993545	0.00201113	0.00342554
1:Del:T:0	0.00065378	0.12877539	0.00774310	0.03560520	0.02431094	0.00109128	0.10065356	0.03388265	0.00452730	0.01705776
1:Del:T:1	0.00000003	0.07210035	0.00000001	0.00056595	0.00138007	0.00000001	0.00917633	0.42489795	0.00698572	0.00000001
1:Del:T:2	0.00003754	0.15137129	0.00710847	0.00464768	0.00330009	0.00919915	0.07617649	0.01786388	0.00224680	0.00758808
1:Del:T:3	0.00134416	0.10808499	0.01939250	0.00376598	0.00347874	0.02144035	0.10130326	0.04988680	0.00453897	0.01625008
1:Del:T:4	0.00274394	0.05948856	0.04355370	0.00314488	0.00359280	0.01609143	0.10052098	0.03255356	0.00268862	0.01227181
1:Del:T:5	0.00013179	0.00405472	0.83745893	0.00134604	0.00117627	0.00005745	0.00268943	0.00224838	0.00028678	0.06161799
1:Ins:C:0	0.00000001	0.00000004	0.00000001	0.00000015	0.00000012	0.00000001	0.00000022	0.00000006	0.00000009	0.53731939
1:Ins:C:1	0.00001954	0.00931748	0.00016896	0.00199120	0.00474050	0.00146210	0.00074374	0.00026858	0.00002875	0.01332024
1:Ins:C:2	0.00000001	0.00780464	0.00000525	0.00150522	0.00376553	0.00001930	0.00052564	0.00054369	0.00005165	0.00038187
1:Ins:C:3	0.00059487	0.00139926	0.00018537	0.00012749	0.00842142	0.00000000	0.00089028	0.00160344	0.00064953	0.00051513
1:Ins:C:4	0.00099999	0.00005799	0.00228328	0.00053936	0.00849249	0.00029768	0.00191006	0.00378443	0.00000000	0.00082378
1:Ins:C:5	0.01658703	0.00000000	0.00565618	0.00603319	0.00811774	0.00001084	0.02380265	0.05193944	0.00046285	0.00381006
1:Ins:T:0	0.00210332	0.00328619	0.00071647	0.00380188	0.01792352	0.00657078	0.01312825	0.02963177	0.00418667	0.03827822
1:Ins:T:1	0.00000000	0.02397144	0.00000000	0.00338153	0.06025446	0.00010448	0.00779281	0.00074656	0.00044783	0.00221196
1:Ins:T:2	0.00000052	0.04034910	0.00050483	0.00006016	0.05460190	0.00000000	0.00195716	0.00303781	0.00000000	0.00123874
1:Ins:T:3	0.00275253	0.02801118	0.00071965	0.00063530	0.03095715	0.00004756	0.00410558	0.01557672	0.00035945	0.00044565
1:Ins:T:4	0.01248869	0.01565710	0.00200177	0.00236001	0.00812637	0.00045557	0.01517431	0.03527431	0.00068222	0.00421450
1:Ins:T:5	0.93107474	0.00049913	0.00438850	0.00249778	0.00266563	0.00486973	0.02544806	0.04634655	0.00101972	0.15980481
2:Del:R:0	0.00001925	0.02473080	0.00013658	0.00711662	0.00866841	0.00016444	0.01118414	0.01898111	0.09333621	0.00023562
2:Del:R:1	0.00013727	0.01736221	0.00260192	0.00744429	0.01174316	0.00032326	0.00101547	0.00487310	0.20095349	0.00522726
2:Del:R:2	0.00043274	0.00201631	0.00148640	0.00018123	0.01325266	0.00157255	0.00035397	0.00173380	0.04680421	0.00215092
2:Del:R:3	0.00008404	0.00000000	0.00111057	0.00000000	0.00636879	0.00033981	0.00006780	0.00001880	0.01044573	0.00009594
2:Del:R:4	0.00000262	0.00054718	0.00101632	0.00027084	0.00327996	0.00010444	0.00014941	0.00002492	0.00336515	0.00038629
2:Del:R:5	0.00000000	0.02925257	0.00000001	0.00000350	0.00029262	0.00000024	0.00018195	0.00133606	0.00142729	0.00000000
3:Del:R:0	0.00000472	0.02067547	0.00004247	0.01348683	0.00130690	0.00073370	0.00142595	0.00420886	0.00506337	0.00124412
3:Del:R:1	0.00268043	0.00086780	0.00337803	0.00128649	0.00002164	0.00396597	0.00691813	0.01324972	0.10687412	0.00386195
3:Del:R:2	0.00055246	0.00025809	0.00189081	0.00013517	0.00000511	0.00056400	0.00099843	0.00164627	0.01444898	0.00150258
3:Del:R:3	0.00019185	0.00043799	0.00042638	0.00034594	0.00004093	0.00012422	0.00071008	0.00113788	0.00383635	0.00014366
3:Del:R:4	0.00000001	0.00720872	0.00000002	0.00000000	0.00003461	0.00000001	0.00005596	0.00079406	0.00058660	0.00000925
3:Del:R:5	0.00000001	0.01115233	0.00000001	0.00000001	0.00016594	0.00003720	0.00005621	0.00056237	0.00048296	0.00006948
4:Del:R:0	0.00003740	0.01270193	0.00000000	0.00698285	0.00024532	0.00236550	0.00068422	0.00415862	0.00621804	0.00025989
4:Del:R:1	0.00033603	0.00013048	0.00161816	0.00067632	0.00116103	0.00244783	0.00296887	0.00198878	0.05816476	0.00010360
4:Del:R:2	0.00000000	0.00000000	0.00038674	0.00000144	0.00000000	0.00053163	0.00000210	0.00002124	0.01118563	0.00044702
4:Del:R:3	0.00000000	0.00460267	0.00000001	0.00000160	0.00006784	0.00012136	0.00003660	0.00040582	0.00382057	0.00000000
4:Del:R:4	0.00000322	0.00586963	0.00000000	0.00006535	0.00015405	0.00001823	0.00000000	0.00069241	0.00022224	0.00000000
4:Del:R:5	0.00005679	0.00181758	0.00006566	0.00002378	0.00004789	0.00010939	0.00002045	0.00027537	0.00074673	0.00011428
5:Del:R:0	0.00000000	0.01729403	0.00000000	0.29798814	0.00096925	0.01217907	0.00053484	0.00599009	0.00313903	0.00063559
5:Del:R:1	0.00000007	0.00001209	0.00341090	0.00000454	0.00000000	0.00738368	0.00009385	0.00088262	0.01224106	0.00023747
5:Del:R:2	0.00009585	0.00025563	0.00048057	0.00030510	0.00003622	0.00043882	0.00010734	0.00032454	0.00274816	0.00000008
5:Del:R:3	0.00000546	0.00024056	0.00008458	0.00003062	0.00001683	0.00017713	0.00014277	0.00011701	0.00096968	0.00006421
5:Del:R:4	0.00000120	0.00006013	0.00006981	0.00000000	0.00004254	0.00009084	0.00007488	0.00004168	0.00012897	0.00003392
5:Del:R:5	0.00000216	0.00082846	0.00007163	0.00000000	0.00000417	0.00000000	0.00003272	0.00021053	0.00011731	0.00000407
2:Ins:R:0	0.00063172	0.00683247	0.00010463	0.00170710	0.00207637	0.00195956	0.00121479	0.00899298	0.00092116	0.02645136
2:Ins:R:1	0.00000300	0.02385702	0.00028469	0.00119266	0.00303380	0.00012445	0.00121599	0.00310324	0.00030865	0.00000487
2:Ins:R:2	0.00025588	0.00924185	0.00087809	0.00026474	0.00127781	0.00042044	0.00045796	0.00090803	0.00000924	0.00101404
2:Ins:R:3	0.00031360	0.00135853	0.00041672	0.00039540	0.00089477	0.00035294	0.00090611	0.00170338	0.00025022	0.00091712
2:Ins:R:4	0.00200828	0.00001464	0.00168849	0.00046116	0.00024723	0.00006951	0.00268942	0.00557009	0.00008474	0.00338464
2:Ins:R:5	0.01006217	0.00026067	0.01155987	0.00518744	0.00001303	0.00005142	0.02875190	0.05766518	0.00002366	0.00059066
3:Ins:R:0	0.00005068	0.00498184	0.00003890	0.00036547	0.00015733	0.00097846	0.00048221	0.00048676	0.00010539	0.00854519
3:Ins:R:1	0.00032893	0.00698092	0.00106155	0.00052654	0.00033996	0.00008251	0.00088822	0.00426801	0.00049720	0.00316488
3:Ins:R:2	0.00003030	0.00164833	0.00014839	0.00000000	0.00014595	0.00082532	0.00005487	0.00035024	0.00112644	0.00037353
3:Ins:R:3	0.00012040	0.00000201	0.00006235	0.00005440	0.00000177	0.00029618	0.00017494	0.00035376	0.00000067	0.00023511
3:Ins:R:4	0.00009785	0.00001295	0.00008908	0.00011830	0.00002381	0.00015444	0.00014838	0.00015504	0.00012710	0.00095948
3:Ins:R:5	0.00093113	0.00002042	0.00185984	0.00030581	0.00000851	0.00000048	0.00105526	0.00273223	0.00000000	0.00218513
4:Ins:R:0	0.00000039	0.00308830	0.00003453	0.00058249	0.00003043	0.00171232	0.00001266	0.00109225	0.00053474	0.00519360
4:Ins:R:1	0.00044791	0.00402015	0.00126042	0.00084818	0.00003542	0.00072911	0.00197116	0.00615037	0.00149267	0.00192841
4:Ins:R:2	0.00004123	0.00038288	0.00000000	0.00014351	0.00012190	0.00042162	0.00004649	0.00012712	0.00002823	0.00008501
4:Ins:R:3	0.00003938	0.00000301	0.00028254	0.00000694	0.00000400	0.00040085	0.00002595	0.00010489	0.00007199	0.00070204
4:Ins:R:4	0.00036892	0.00000480	0.00011059	0.00022645	0.00000062	0.00000522	0.00050029	0.00059128	0.00028214	0.00129658
4:Ins:R:5	0.00060902	0.00071416	0.00214558	0.00114166	0.00001054	0.00003226	0.00145099	0.00331820	0.00004990	0.00020089
5:Ins:R:0	0.00000003	0.00553768	0.00000002	0.00000000	0.00004823	0.00874994	0.00001517	0.00194922	0.00005503	0.00269377
5:Ins:R:1	0.00160872	0.00378346	0.00002645	0.01093532	0.00020764	0.00572551	0.00172192	0.01324916	0.00234183	0.02449020
5:Ins:R:2	0.00019721	0.00035393	0.00001804	0.00002716	0.00000562	0.00132179	0.00018441	0.00045672	0.00004333	0.00050715
5:Ins:R:3	0.00020584	0.00020754	0.00006249	0.00009985	0.00006855	0.00006963	0.00029605	0.00044390	0.00001248	0.00010839
5:Ins:R:4	0.00017520	0.00019502	0.00002003	0.00005135	0.00001484	0.00002339	0.00029347	0.00026667	0.00000000	0.00000587
5:Ins:R:5	0.00018687	0.00076073	0.00005713	0.00037553	0.00005600	0.00000611	0.00010138	0.00037011	0.00000093	0.00000000
2:Del:M:1	0.00001038	0.02284859	0.00000000	0.00001791	0.00989343	0.00000000	0.00027304	0.00789686	0.21062137	0.00142212
3:Del:M:1	0.00000393	0.01691724	0.00000931	0.01084474	0.00081501	0.00086484	0.00158853	0.00241189	0.00634275	0.00115167
3:Del:M:2	0.00130994	0.00865822	0.00192413	0.00330289	0.00056719	0.00391778	0.00235949	0.00552425	0.04332686	0.00323260
4:Del:M:1	0.00004224	0.01053803	0.00001610	0.00532076	0.00021290	0.00252667	0.00173707	0.00169840	0.01280192	0.00000000
4:Del:M:2	0.00003071	0.00567884	0.00049066	0.00077654	0.00029063	0.00956861	0.00124814	0.00059050	0.03121347	0.00057772
4:Del:M:3	0.00000014	0.00157313	0.00039901	0.00004770	0.00002539	0.00492959	0.00103456	0.00022194	0.04964349	0.00138242
5:Del:M:1	0.00000000	0.00142522	0.00004896	0.34156620	0.00031447	0.06520697	0.00029906	0.00147586	0.00011477	0.00147829
5:Del:M:2	0.00000002	0.00182250	0.00000000	0.11487003	0.00119070	0.26898443	0.00013371	0.00257976	0.00000452	0.00117230
5:Del:M:3	0.00000001	0.00383540	0.00000102	0.02101806	0.00058546	0.23918111	0.00013813	0.00740612	0.00037417	0.00004551
5:Del:M:4	0.00000000	0.00039143	0.00016538	0.00011025	0.00106120	0.13855207	0.00003964	0.00000000	0.00338204	0.00000367
5:Del:M:5	0.00025771	0.00014559	0.00209382	0.00085482	0.00000000	0.11241700	0.00032252	0.00575702	0.00052668	0.00030645
