MutationsType	SBS96A	SBS96B	SBS96C	SBS96D	SBS96E	SBS96F	SBS96G	SBS96H	SBS96I	SBS96J	SBS96K	SBS96L	SBS96M	SBS96N	SBS96O	SBS96P	SBS96Q	SBS96R
A[C>A]A	0.01010296	0.02319346	0.04424938	0.04944826	0.00072575	0.00000902	0.00672282	0.00066673	0.00006976	0.05554563	0.00146477	0.00227412	0.00038093	0.00108996	0.00451188	0.00014363	0.00400351	0.00036314
A[C>A]C	0.01350022	0.02354414	0.01221367	0.03975452	0.00180713	0.00013194	0.00390378	0.00010124	0.00057719	0.01626685	0.00027225	0.00132651	0.00056167	0.00058296	0.00030574	0.00063268	0.00063354	0.00207721
A[C>A]G	0.00382244	0.00044253	0.00304846	0.01842700	0.00008279	0.00003040	0.00084652	0.00012319	0.00018846	0.00090834	0.00010832	0.00013658	0.00003241	0.00012180	0.00017081	0.00025147	0.00023689	0.00004214
A[C>A]T	0.00630482	0.01416239	0.01901232	0.03552781	0.00111351	0.00020435	0.00127093	0.00013713	0.00029420	0.02222081	0.00053400	0.00017879	0.00679284	0.00028845	0.00115640	0.00384693	0.00470041	0.00327875
A[C>G]A	0.01265505	0.03153090	0.01191962	0.00695118	0.00219928	0.00006290	0.00396450	0.00023363	0.00018115	0.00083647	0.00000000	0.00076582	0.00458859	0.00336218	0.00062164	0.00136566	0.00441301	0.00564367
A[C>G]C	0.00519768	0.01923043	0.01048042	0.00261859	0.00092883	0.00000838	0.00268439	0.00006208	0.00008487	0.00356296	0.00001264	0.00053421	0.00174007	0.00088627	0.00044266	0.00262174	0.00122551	0.00382101
A[C>G]G	0.00248036	0.00000000	0.00433522	0.00134748	0.00000595	0.00001832	0.00073210	0.00007184	0.00000217	0.00217481	0.00059566	0.00043368	0.00045459	0.00031923	0.00025066	0.00066284	0.00012789	0.00137937
A[C>G]T	0.01128397	0.02621807	0.02026849	0.00306373	0.00168509	0.00004188	0.00320039	0.00010088	0.00030465	0.00511452	0.00006739	0.00028337	0.00479086	0.00409868	0.00215444	0.00375809	0.00297651	0.00578832
A[C>T]A	0.05087724	0.01343366	0.02711843	0.00842752	0.02444548	0.00001111	0.01304319	0.00166454	0.00055359	0.00594849	0.00071880	0.00246457	0.08996222	0.00827036	0.00190331	0.00359165	0.01057030	0.00911753
A[C>T]C	0.02588962	0.01591920	0.01411163	0.00391792	0.00568462	0.02294253	0.00470670	0.00013592	0.00124082	0.00373987	0.03846949	0.00251374	0.02068240	0.00016464	0.00862845	0.00501621	0.00135227	0.00231565
A[C>T]G	0.00044854	0.00789870	0.00661483	0.00194001	0.37383607	0.00000796	0.00030278	0.00578700	0.00005470	0.00096331	0.00035302	0.00000001	0.00193105	0.00014484	0.00014163	0.00142674	0.00265280	0.00112143
A[C>T]T	0.03797030	0.01417236	0.02365603	0.00333481	0.00931511	0.00907201	0.00355463	0.00070796	0.00303909	0.00857509	0.01160160	0.00121388	0.02830418	0.00033529	0.00829713	0.02768348	0.00213538	0.00856364
A[T>A]A	0.00979333	0.00079418	0.01026408	0.00339996	0.00105317	0.00257489	0.00650087	0.00002369	0.00017494	0.00102524	0.00213119	0.00095136	0.00517986	0.00000601	0.01309026	0.00044956	0.05599273	0.00223288
A[T>A]C	0.01007510	0.00945869	0.00409498	0.00321504	0.00333925	0.00043365	0.00606288	0.00020611	0.00108048	0.00045627	0.00039819	0.00067957	0.00270951	0.00028883	0.00313662	0.00157525	0.00807048	0.00201968
A[T>A]G	0.01495321	0.00954321	0.00867222	0.00792312	0.00143398	0.00069499	0.00356596	0.00010301	0.00005991	0.00147620	0.00154828	0.00018556	0.00183145	0.00105240	0.00017909	0.00309667	0.04975333	0.00139157
A[T>A]T	0.00059888	0.00109121	0.00853573	0.00424722	0.00009556	0.00408177	0.01135589	0.00051879	0.00008603	0.00360583	0.00863535	0.00108802	0.02913250	0.00084921	0.06334121	0.03149424	0.00036477	0.04430176
A[T>C]A	0.09430752	0.01259783	0.02747991	0.00580471	0.00134835	0.00043129	0.05914997	0.00026683	0.00047427	0.00031615	0.00049602	0.00025903	0.02223335	0.00176615	0.00093853	0.00444428	0.02629177	0.00238160
A[T>C]C	0.01391810	0.00714766	0.01050937	0.00003289	0.00371137	0.00005086	0.03604894	0.00013979	0.00057731	0.00270286	0.00026185	0.01212500	0.00418403	0.00028410	0.00044320	0.00447894	0.00249030	0.00018136
A[T>C]G	0.05937330	0.00878223	0.02380884	0.00451915	0.00022249	0.00002423	0.06411209	0.00000315	0.00059445	0.00295353	0.00110795	0.00081678	0.03442871	0.00047220	0.00052505	0.00937058	0.00781797	0.00004487
A[T>C]T	0.06443210	0.01906542	0.02651093	0.00084034	0.00574676	0.00074964	0.05293325	0.00022041	0.00040184	0.00568215	0.00158331	0.00933225	0.00317291	0.00182078	0.00277319	0.04753252	0.00214957	0.00625761
A[T>G]A	0.00447810	0.00454140	0.01222987	0.00080739	0.00003163	0.00045943	0.00265957	0.00146438	0.00053813	0.00055139	0.00002817	0.00070162	0.00048677	0.00002974	0.01123172	0.00343868	0.00160872	0.00898320
A[T>G]C	0.00223216	0.00286496	0.01267592	0.00010608	0.00032794	0.00014578	0.00059314	0.00471604	0.00021134	0.00057849	0.00107271	0.00059536	0.00029497	0.00000505	0.00065259	0.00276166	0.00010256	0.01022769
A[T>G]G	0.01173426	0.00874297	0.01299004	0.00081622	0.00056398	0.00023987	0.00263526	0.00101052	0.00012796	0.00266076	0.00146559	0.00089441	0.00126921	0.00000429	0.00048850	0.00961272	0.00482166	0.00735170
A[T>G]T	0.00019008	0.00084414	0.03268887	0.00000454	0.00000000	0.00030622	0.00042517	0.06591781	0.00001323	0.00026685	0.00028243	0.01212500	0.00140461	0.00026226	0.00000000	0.01222153	0.00051924	0.05757270
C[C>A]A	0.00021408	0.02487397	0.01517235	0.09455364	0.00006095	0.00053831	0.00051260	0.00020963	0.00009526	0.08246050	0.00114917	0.00008987	0.00002686	0.00143257	0.00001713	0.01318996	0.00141284	0.00447266
C[C>A]C	0.00093538	0.02645769	0.00247299	0.09879060	0.00202609	0.00011500	0.00042006	0.00003025	0.00040356	0.01037132	0.00099576	0.00145977	0.02810061	0.00053859	0.00185675	0.00314429	0.00539603	0.00029997
C[C>A]G	0.00619025	0.00011686	0.00007456	0.02974012	0.00007973	0.00000487	0.00059252	0.00002698	0.00000000	0.01233640	0.00025053	0.00029693	0.00371075	0.00000000	0.00176877	0.00030375	0.00045180	0.00001405
C[C>A]T	0.00012284	0.00610946	0.00701851	0.08831315	0.00000321	0.00005759	0.00002085	0.00000794	0.00043457	0.02765024	0.00146367	0.00003291	0.08477229	0.00000000	0.01268193	0.00000404	0.00122830	0.00012991
C[C>G]A	0.00774063	0.03075632	0.00269148	0.00908254	0.00020455	0.00001082	0.00226948	0.00011952	0.00003787	0.00000000	0.00038275	0.00077079	0.00109521	0.00621520	0.00001037	0.00140824	0.00219803	0.00074919
C[C>G]C	0.01321384	0.02165321	0.01045687	0.00788831	0.00044883	0.00001490	0.00247894	0.00008966	0.00032532	0.00285988	0.00104336	0.00004563	0.00159894	0.00051324	0.00187669	0.00047709	0.00304953	0.00018092
C[C>G]G	0.00438863	0.00175884	0.00179504	0.00347118	0.00038436	0.00002773	0.00074913	0.00000098	0.00020176	0.00444858	0.00064837	0.00047998	0.00024752	0.00004213	0.00026781	0.00144161	0.00190733	0.00013963
C[C>G]T	0.00885412	0.03459462	0.01568097	0.00728322	0.00001418	0.00007544	0.00528819	0.00004528	0.00002105	0.00355539	0.00065158	0.00002576	0.00155046	0.00675290	0.00455357	0.00046109	0.00101936	0.00313130
C[C>T]A	0.01288637	0.01601828	0.02481154	0.01429185	0.00348383	0.06210808	0.00796536	0.00047384	0.00054562	0.00714849	0.11999291	0.00158104	0.00445201	0.00000462	0.00513900	0.04815993	0.00277939	0.00502374
C[C>T]C	0.00748643	0.01886851	0.01485726	0.01184756	0.00017744	0.06200275	0.00803059	0.00014419	0.00000000	0.00244590	0.21217839	0.00180814	0.00553361	0.00004078	0.00558771	0.00130406	0.00731528	0.00024516
C[C>T]G	0.02583069	0.00429636	0.00294562	0.00284526	0.18670382	0.00644145	0.00281171	0.00630990	0.00379375	0.01590262	0.02409274	0.00243355	0.01383928	0.00230211	0.00969875	0.00565253	0.00947689	0.01716625
C[C>T]T	0.01971891	0.02678847	0.02152864	0.01870518	0.00018824	0.06997357	0.00614662	0.00020665	0.00047625	0.00136560	0.14346786	0.00212665	0.00731294	0.00083318	0.02709666	0.01009818	0.00550542	0.00174848
C[T>A]A	0.00314301	0.00209968	0.00000000	0.00237763	0.00003969	0.00016026	0.00139538	0.00002116	0.00016200	0.00007389	0.00052163	0.00010164	0.00044518	0.00013719	0.00330727	0.00185419	0.10278069	0.00015825
C[T>A]C	0.00156711	0.01763869	0.00478327	0.00489308	0.00008818	0.00002583	0.00320604	0.00183628	0.00040211	0.00195732	0.00065314	0.03862547	0.00294114	0.00024525	0.01420342	0.00006150	0.06370318	0.00069345
C[T>A]G	0.00197784	0.00306742	0.00195322	0.01615928	0.00069602	0.00001743	0.00159379	0.00034469	0.00016281	0.00034321	0.00023710	0.01128221	0.00098251	0.00041101	0.00008504	0.00170351	0.16519482	0.00044066
C[T>A]T	0.00024243	0.00867882	0.00749362	0.00691816	0.00001415	0.00029121	0.00021444	0.00723409	0.00020097	0.00085088	0.00000000	0.07264858	0.00000330	0.00046429	0.04771277	0.00000104	0.05387993	0.00008373
C[T>C]A	0.01125289	0.00707052	0.01581456	0.00492014	0.00032243	0.00047675	0.03822127	0.00038099	0.00017990	0.00000155	0.00122545	0.01102255	0.01394247	0.00022761	0.00721666	0.00939882	0.00578081	0.00176493
C[T>C]C	0.00447286	0.01157497	0.00687222	0.00157339	0.00304865	0.00018159	0.02720290	0.00196044	0.00004769	0.00330824	0.00058873	0.17550952	0.00210271	0.00001886	0.00028299	0.00010368	0.00209070	0.00171273
C[T>C]G	0.02795632	0.00550191	0.01112362	0.00534249	0.00029068	0.00000000	0.03071026	0.00177138	0.00030682	0.00000000	0.00021932	0.09442150	0.03364748	0.00008677	0.00072410	0.00163143	0.00433230	0.00104969
C[T>C]T	0.01234409	0.00017183	0.00279186	0.00059554	0.00001995	0.00177762	0.01345247	0.00829330	0.00012225	0.00452405	0.00707745	0.41680016	0.00502339	0.00014406	0.02809348	0.03160899	0.00055075	0.00203339
C[T>G]A	0.00216825	0.00700747	0.00327414	0.00026568	0.00005533	0.00007690	0.00180715	0.00203824	0.00003238	0.00007783	0.00041316	0.00038125	0.00070944	0.00006660	0.00336153	0.00095013	0.00465606	0.01150058
C[T>G]C	0.00466577	0.01037863	0.00477574	0.00008143	0.00041459	0.00001459	0.00138912	0.03115237	0.00030796	0.00234051	0.00090093	0.00167505	0.00289227	0.00009389	0.00558955	0.00014637	0.00114349	0.01272904
C[T>G]G	0.00708474	0.01651770	0.00368388	0.00273430	0.00027069	0.00000000	0.00205366	0.01373947	0.00000977	0.00318655	0.00108138	0.00038237	0.00400492	0.00015717	0.00128684	0.00020453	0.00815872	0.00705391
C[T>G]T	0.00450293	0.00048116	0.00072861	0.00090242	0.00064335	0.00000000	0.00172627	0.55128028	0.00000000	0.00163854	0.00000000	0.00152798	0.00001873	0.00000000	0.00146662	0.00000691	0.00127635	0.01597437
G[C>A]A	0.01202788	0.00549906	0.01377662	0.02870572	0.00111412	0.00000044	0.00303720	0.00116111	0.00029794	0.14188106	0.00030272	0.00244805	0.00083574	0.00042673	0.00016671	0.00019428	0.00273787	0.00685614
G[C>A]C	0.01325028	0.01145433	0.00881040	0.04400006	0.00038989	0.00021734	0.00677096	0.00001486	0.00013586	0.01697710	0.00000160	0.00074919	0.00440410	0.00019393	0.00007417	0.00006818	0.00236011	0.00045606
G[C>A]G	0.00462201	0.00001266	0.00209918	0.01817422	0.00075928	0.00001355	0.00132077	0.00008615	0.00008502	0.00796682	0.00000352	0.00019677	0.00034466	0.00005921	0.00000369	0.00004228	0.00014159	0.00078550
G[C>A]T	0.00600348	0.01114619	0.00915092	0.02012202	0.00000369	0.00000000	0.00351892	0.00028863	0.00000000	0.08085509	0.00000000	0.00001923	0.01069784	0.00020095	0.00005266	0.00007741	0.00037402	0.00376251
G[C>G]A	0.00513341	0.02012667	0.00164731	0.00610068	0.00015337	0.00000944	0.00125123	0.00004355	0.00002600	0.00048864	0.00000501	0.00107500	0.00084391	0.00140155	0.00009533	0.00033244	0.00213716	0.00154635
G[C>G]C	0.00589218	0.01343998	0.00500614	0.00669780	0.00068485	0.00000477	0.00192181	0.00001875	0.00014760	0.00058834	0.00028397	0.00138873	0.00211134	0.00042065	0.00064691	0.00012488	0.00331685	0.00313904
G[C>G]G	0.00207578	0.00347152	0.00056803	0.00394736	0.00026538	0.00001507	0.00014643	0.00003316	0.00000966	0.00031746	0.00038319	0.00009927	0.00033744	0.00022777	0.00019397	0.00051015	0.00046503	0.00021192
G[C>G]T	0.00843064	0.02322568	0.00390885	0.00286169	0.00019910	0.00000238	0.00308491	0.00000032	0.00012126	0.00099264	0.00026978	0.00063599	0.00244218	0.00285224	0.00126574	0.00099959	0.00311566	0.00251879
G[C>T]A	0.02669629	0.02072660	0.01345636	0.00298423	0.00357689	0.00006692	0.00845778	0.00027422	0.00009878	0.00673527	0.00015199	0.00251402	0.08519554	0.00758694	0.00007992	0.00086886	0.00365904	0.00689014
G[C>T]C	0.03141441	0.01480969	0.00904869	0.00336306	0.00068999	0.01361506	0.00639719	0.00008932	0.00129398	0.00451315	0.02860147	0.00005352	0.07385516	0.00020331	0.00083066	0.00252152	0.00362556	0.00841693
G[C>T]G	0.01166095	0.00000000	0.00000000	0.00000287	0.21389152	0.00000005	0.00473975	0.00657043	0.00000000	0.01588034	0.00000000	0.00136224	0.05538746	0.00196597	0.00000000	0.00002068	0.00679512	0.01609707
G[C>T]T	0.02414465	0.00977510	0.01498029	0.00273957	0.00045090	0.02349491	0.00498714	0.00000982	0.00024916	0.00262747	0.00407254	0.00101941	0.06658885	0.00193636	0.00165659	0.04016169	0.00438428	0.00519807
G[T>A]A	0.00385923	0.00692955	0.00146470	0.00550725	0.00006553	0.00040256	0.00193467	0.00016051	0.00039995	0.00106695	0.00030590	0.00009426	0.00181671	0.00000390	0.00170949	0.00000618	0.03839444	0.00112403
G[T>A]C	0.00227904	0.01057706	0.00202052	0.00253694	0.00003257	0.00023860	0.00183689	0.00030824	0.00019858	0.00208248	0.00007791	0.00294303	0.00274177	0.00023772	0.00267554	0.00017334	0.01027923	0.00103139
G[T>A]G	0.00325885	0.01491937	0.00124405	0.01286433	0.00013299	0.00025681	0.00203103	0.00021496	0.00016051	0.00059945	0.00046019	0.00053529	0.00283929	0.00005958	0.00002668	0.00113256	0.02681181	0.00082344
G[T>A]T	0.00100208	0.01622436	0.00236075	0.00522694	0.00014556	0.00035724	0.00084855	0.00155033	0.00011113	0.00282547	0.00011513	0.00494658	0.00346155	0.00060555	0.02073240	0.00760126	0.00630725	0.00123773
G[T>C]A	0.00910759	0.00889740	0.00431702	0.00255549	0.00052045	0.00006016	0.05537027	0.00002017	0.00016942	0.00019734	0.00003906	0.00026002	0.02412645	0.00013389	0.00000571	0.00086479	0.00418421	0.00107564
G[T>C]C	0.00793216	0.00604577	0.00505279	0.00041500	0.00234213	0.00008821	0.02320611	0.00093921	0.00004966	0.00284109	0.00000864	0.01403346	0.00130107	0.00021894	0.00020384	0.00189444	0.00387512	0.00065491
G[T>C]G	0.01706022	0.01193516	0.00285084	0.00184817	0.00139135	0.00001514	0.03553737	0.00119516	0.00005200	0.00507399	0.00043520	0.00366126	0.01890361	0.00022730	0.00029445	0.00240637	0.00319026	0.00130757
G[T>C]T	0.00590025	0.00174864	0.00314105	0.00002899	0.00001360	0.00067205	0.02381860	0.00061781	0.00026085	0.00209963	0.00592030	0.00498356	0.00767526	0.00000000	0.00578425	0.27373176	0.00199242	0.00165583
G[T>G]A	0.00269854	0.00708463	0.00238873	0.00024930	0.00019019	0.00006455	0.00203579	0.00036610	0.00008708	0.00079416	0.00024131	0.00073409	0.00051860	0.00002721	0.00240789	0.00020706	0.00228375	0.00097618
G[T>G]C	0.00219654	0.00327720	0.00343696	0.00008995	0.00008399	0.00013596	0.00072952	0.00586636	0.00007422	0.00010778	0.00034253	0.00029692	0.00035378	0.00012633	0.00130109	0.00010265	0.00109909	0.00029193
G[T>G]G	0.00543546	0.01700130	0.00153301	0.00174671	0.00049759	0.00020472	0.00192247	0.00141998	0.00015255	0.00691760	0.00279425	0.00073094	0.00124985	0.00108762	0.00597348	0.00399724	0.00243593	0.00239056
G[T>G]T	0.00000245	0.00565480	0.00209232	0.00002536	0.00028103	0.00107954	0.00019323	0.12052330	0.00002165	0.00092711	0.00191699	0.00610007	0.00279054	0.00016739	0.00639039	0.00631184	0.00017300	0.00168999
T[C>A]A	0.00040189	0.00124252	0.04019442	0.04195062	0.00000349	0.00028212	0.00083357	0.00005669	0.00060342	0.08565694	0.00218455	0.00024083	0.00123661	0.07787056	0.00150121	0.01033857	0.00384646	0.00195216
T[C>A]C	0.00707828	0.01655840	0.02580848	0.05268220	0.00248713	0.00049749	0.00092123	0.00015469	0.00010575	0.04823460	0.00333835	0.00074007	0.00249537	0.03122634	0.01317370	0.00793637	0.00137905	0.00006747
T[C>A]G	0.00398066	0.00012445	0.00348741	0.01238346	0.00048962	0.00001221	0.00008354	0.00002124	0.00001084	0.01516136	0.00015519	0.00011112	0.00004163	0.01101520	0.00000542	0.00016185	0.00038695	0.00002079
T[C>A]T	0.00691357	0.00427322	0.02948889	0.03671565	0.00185623	0.00037507	0.00062740	0.00274523	0.00109437	0.15645868	0.00082382	0.00073632	0.01812987	0.03550694	0.00343283	0.00089233	0.00950330	0.00415170
T[C>G]A	0.00169969	0.01349062	0.00100480	0.00169139	0.00006392	0.00000000	0.00513982	0.00012472	0.00007649	0.00181808	0.00006145	0.00316533	0.00139109	0.29883792	0.00100993	0.00363146	0.00606778	0.00148091
T[C>G]C	0.00417945	0.02966164	0.01346364	0.00549247	0.00035738	0.00000065	0.00557784	0.00000400	0.00004679	0.00363862	0.00144074	0.00065975	0.00138341	0.06581314	0.00430987	0.00019999	0.00217542	0.00595757
T[C>G]G	0.00253427	0.00010880	0.00218842	0.00225570	0.00005564	0.00000219	0.00101014	0.00002754	0.00004835	0.00116067	0.00027322	0.00044627	0.00033093	0.01419514	0.00000000	0.00103771	0.00018985	0.00005635
T[C>G]T	0.00271119	0.02524167	0.01273114	0.00071485	0.00224897	0.00044508	0.01517527	0.00137821	0.00005734	0.00015528	0.00004077	0.00044823	0.00244824	0.38841011	0.01235821	0.00001893	0.01116722	0.00399906
T[C>T]A	0.00176086	0.00012545	0.03786600	0.00248723	0.00156889	0.13149947	0.00897879	0.00002924	0.56896596	0.00804907	0.00006544	0.00027255	0.00130899	0.00184634	0.01613106	0.00002102	0.00421844	0.00095643
T[C>T]C	0.00000000	0.00081801	0.01706655	0.00682342	0.00001214	0.45887602	0.01440768	0.00003661	0.07297644	0.00000000	0.16030870	0.00000000	0.00008923	0.00232543	0.01462449	0.09286596	0.00395937	0.00030560
T[C>T]G	0.02134802	0.00003610	0.00000000	0.00000000	0.10054736	0.09607766	0.00134287	0.00321500	0.04301828	0.01260321	0.05620026	0.00045761	0.00112541	0.00087595	0.00000000	0.00740385	0.00332110	0.00432293
T[C>T]T	0.00781342	0.00190936	0.02497976	0.00687751	0.00000038	0.01899415	0.05088516	0.00042568	0.28681975	0.00002744	0.11425464	0.00146906	0.00345900	0.00230517	0.00037087	0.03846512	0.01527268	0.00634886
T[T>A]A	0.00290327	0.00065712	0.00555164	0.00177287	0.00737798	0.00014445	0.01289220	0.00084839	0.00000809	0.01025802	0.00216572	0.00050220	0.00585366	0.00038801	0.02218585	0.01352829	0.05881236	0.06909715
T[T>A]C	0.00046050	0.01060969	0.01307924	0.00146314	0.00010086	0.00024263	0.00730796	0.00027453	0.00026031	0.00174046	0.00208018	0.00526371	0.00001801	0.00053630	0.03678537	0.00096116	0.02158427	0.00500844
T[T>A]G	0.00576661	0.00374622	0.00602526	0.00596520	0.00035564	0.00000000	0.00338697	0.00000774	0.00000139	0.00060127	0.00139866	0.00138749	0.00074452	0.00007061	0.01366926	0.00443859	0.04098940	0.00432516
T[T>A]T	0.00131249	0.00082013	0.01903403	0.00388487	0.00193431	0.00028468	0.00659909	0.00147801	0.00136187	0.00115870	0.00008702	0.00229221	0.01233896	0.00007845	0.26308005	0.02595089	0.01277959	0.00478805
T[T>C]A	0.00858924	0.01137703	0.00308935	0.00084975	0.00022573	0.00234719	0.07065491	0.00074868	0.00047025	0.00015457	0.00474845	0.00095422	0.02083020	0.00000395	0.03797111	0.06571452	0.00730597	0.02389310
T[T>C]C	0.00382055	0.00759522	0.00570316	0.00000515	0.00491912	0.00061028	0.03844793	0.00098439	0.00000437	0.00535715	0.00144842	0.01423982	0.01027249	0.00011137	0.02512817	0.01189310	0.00028119	0.00975889
T[T>C]G	0.01240198	0.00476085	0.00375895	0.00100158	0.00049132	0.00007546	0.03470704	0.00113204	0.00004846	0.00267362	0.00378403	0.00191881	0.01770778	0.00000898	0.01535220	0.02062329	0.00405036	0.01098436
T[T>C]T	0.01514188	0.00941391	0.00006887	0.00006122	0.00524080	0.00090193	0.05249551	0.00045555	0.00024532	0.00049587	0.00308112	0.01945266	0.03160263	0.00051501	0.09203876	0.03314371	0.00032734	0.01021899
T[T>G]A	0.00446323	0.00870045	0.00819958	0.00001295	0.00012610	0.00013823	0.00626834	0.00000000	0.00005005	0.00001644	0.00048066	0.00000714	0.00000772	0.00025390	0.02239262	0.00006619	0.00230512	0.05508940
T[T>G]C	0.00686372	0.00724748	0.01751741	0.00000321	0.00057401	0.00002479	0.00449536	0.00872101	0.00015782	0.00118338	0.00120169	0.00002254	0.00072149	0.00019908	0.01723271	0.00047895	0.00076703	0.03416970
T[T>G]G	0.00872421	0.01215807	0.01129446	0.00186192	0.00086600	0.00000027	0.00366111	0.00451662	0.00003594	0.00068343	0.00092201	0.00151871	0.00228369	0.00000138	0.00852725	0.00055389	0.00459028	0.02008402
T[T>G]T	0.00146693	0.00763973	0.01375317	0.00019829	0.00083803	0.00002638	0.00776711	0.11874156	0.00012929	0.00037631	0.00027731	0.00540391	0.00785262	0.00000000	0.01687740	0.00052918	0.00028155	0.37787074
