MutationsType	SBS96A	SBS96B	SBS96C	SBS96D	SBS96E	SBS96F	SBS96G	SBS96H	SBS96I	SBS96J	SBS96K	SBS96L	SBS96M	SBS96N	SBS96O	SBS96P	SBS96Q
A[C>A]A	0.00811864	0.04200685	0.02239462	0.04875229	0.00002914	0.00079958	0.00002674	0.00055596	0.00145134	0.05529837	0.00041474	0.00100570	0.00237997	0.00447694	0.00446853	0.00031728	0.00114026
A[C>A]C	0.00878901	0.01436653	0.02305431	0.03967593	0.00008124	0.00205592	0.00064681	0.00012637	0.00028606	0.01577186	0.00062238	0.00059050	0.00147428	0.00039838	0.00302962	0.00082877	0.00080991
A[C>A]G	0.00238116	0.00302100	0.00032801	0.01843180	0.00002238	0.00016645	0.00021249	0.00005493	0.00008408	0.00086452	0.00007691	0.00022268	0.00015316	0.00018328	0.00082806	0.00035893	0.00009401
A[C>A]T	0.00310509	0.01874766	0.01375282	0.03542072	0.00024073	0.00100017	0.00028791	0.00011430	0.00053467	0.02224775	0.00669258	0.00027274	0.00022515	0.00102228	0.00438659	0.00391133	0.00300001
A[C>G]A	0.00772558	0.01545657	0.03109812	0.00695960	0.00004168	0.00234330	0.00027562	0.00026249	0.00000156	0.00102505	0.00485148	0.00336416	0.00079553	0.00052397	0.00646542	0.00135522	0.00499719
A[C>G]C	0.00373151	0.01197495	0.01890386	0.00253123	0.00000477	0.00079620	0.00010228	0.00006742	0.00003758	0.00381958	0.00180686	0.00088280	0.00057291	0.00032601	0.00192780	0.00267787	0.00386555
A[C>G]G	0.00148716	0.00407138	0.00000000	0.00129981	0.00002845	0.00001719	0.00002025	0.00005815	0.00055399	0.00237847	0.00039515	0.00042510	0.00037732	0.00025915	0.00064888	0.00070432	0.00156420
A[C>G]T	0.00639307	0.02278405	0.02544383	0.00288616	0.00004498	0.00158150	0.00035862	0.00008221	0.00010291	0.00522292	0.00512143	0.00429454	0.00041021	0.00205930	0.00515929	0.00369253	0.00593347
A[C>T]A	0.03065588	0.03142786	0.01082106	0.00777250	0.00002661	0.02543960	0.00071219	0.00183443	0.00090415	0.00664580	0.09203814	0.00859491	0.00238839	0.00145166	0.02180408	0.00364483	0.00765311
A[C>T]C	0.01517074	0.01670062	0.01475810	0.00360225	0.02197655	0.00616012	0.00184779	0.00026933	0.03902644	0.00410352	0.02175803	0.00020686	0.00236340	0.00797238	0.00772075	0.00347597	0.00183279
A[C>T]G	0.00016072	0.00600095	0.00948284	0.00200465	0.00001308	0.36782132	0.00004243	0.00782945	0.00017956	0.00046311	0.00052142	0.00000000	0.00014276	0.00026059	0.00063133	0.00178114	0.00096005
A[C>T]T	0.01954148	0.02684140	0.01263177	0.00270745	0.00847948	0.01050166	0.00419568	0.00084340	0.01274285	0.00902624	0.02968498	0.00045359	0.00108725	0.00751365	0.01222239	0.02561920	0.00695864
A[T>A]A	0.00771139	0.00959550	0.00233513	0.00491837	0.00247106	0.00114368	0.00023449	0.00002759	0.00196966	0.00115697	0.00511663	0.00004102	0.00096757	0.01381735	0.04555034	0.00055320	0.00363135
A[T>A]C	0.00843477	0.00522113	0.00970231	0.00331551	0.00039754	0.00336377	0.00127724	0.00022672	0.00046080	0.00067706	0.00285755	0.00028364	0.00073445	0.00316670	0.00863892	0.00181167	0.00213281
A[T>A]G	0.00905980	0.01020758	0.01047499	0.00880132	0.00063177	0.00175413	0.00016475	0.00008976	0.00160382	0.00144600	0.00187253	0.00105255	0.00023150	0.00020580	0.04467706	0.00292603	0.00122039
A[T>A]T	0.00086949	0.00539335	0.00062621	0.00400275	0.00410689	0.00010276	0.00006043	0.00034996	0.00882304	0.00381684	0.02928211	0.00093054	0.00124314	0.06360181	0.00066726	0.03096016	0.05074051
A[T>C]A	0.08470026	0.03343582	0.01328190	0.00569600	0.00034600	0.00212369	0.00079975	0.00023525	0.00075071	0.00123174	0.02349385	0.00199574	0.00043983	0.00071672	0.04481509	0.00672614	0.00202412
A[T>C]C	0.02899169	0.01113662	0.00799975	0.00008219	0.00007736	0.00345282	0.00053996	0.00016905	0.00020447	0.00252095	0.00404992	0.00020132	0.01211261	0.00044475	0.00419153	0.00592529	0.00069764
A[T>C]G	0.06905969	0.02667771	0.00946270	0.00448023	0.00005319	0.00024831	0.00067405	0.00001926	0.00117940	0.00372394	0.03491452	0.00038413	0.00096098	0.00048257	0.01979527	0.01194463	0.00039054
A[T>C]T	0.06539161	0.03085102	0.01956072	0.00035129	0.00060180	0.00675004	0.00107737	0.00026327	0.00213431	0.00615140	0.00361832	0.00231236	0.00898759	0.00245644	0.01657009	0.04937653	0.00621378
A[T>G]A	0.00322433	0.01198684	0.00430442	0.00081413	0.00048714	0.00007088	0.00045545	0.00143615	0.00007188	0.00060630	0.00050255	0.00002564	0.00076766	0.01116268	0.00226104	0.00345796	0.00904716
A[T>G]C	0.00111004	0.01230036	0.00258121	0.00009849	0.00019279	0.00023392	0.00018604	0.00476278	0.00105330	0.00056512	0.00028757	0.00001131	0.00057464	0.00064723	0.00048820	0.00282241	0.00948800
A[T>G]G	0.00702758	0.01387563	0.00846812	0.00078576	0.00021859	0.00078747	0.00019209	0.00106899	0.00161746	0.00300068	0.00137988	0.00000615	0.00089826	0.00047592	0.00697375	0.00937423	0.00643841
A[T>G]T	0.00004998	0.02852286	0.00066057	0.00000356	0.00030607	0.00000000	0.00004613	0.06535818	0.00036775	0.00014340	0.00108578	0.00019754	0.01204965	0.00000629	0.00021620	0.01228106	0.05189215
C[C>A]A	0.00041148	0.01336938	0.02429651	0.09206741	0.00054141	0.00002227	0.00007439	0.00012934	0.00113316	0.08208366	0.00000813	0.00131499	0.00016107	0.00014038	0.00119801	0.01319776	0.00378877
C[C>A]C	0.00044204	0.00387928	0.02497597	0.09871216	0.00015054	0.00175142	0.00026955	0.00003117	0.00088070	0.00946001	0.02772382	0.00050157	0.00136922	0.00207225	0.00371222	0.00295395	0.00051264
C[C>A]G	0.00367080	0.00021393	0.00022576	0.02913207	0.00000574	0.00011657	0.00000207	0.00004577	0.00026255	0.01215645	0.00367777	0.00000630	0.00029440	0.00164738	0.00184833	0.00035779	0.00003110
C[C>A]T	0.00000000	0.00511061	0.00340260	0.08717011	0.00017408	0.00001265	0.00018555	0.00000293	0.00115670	0.02707653	0.08214078	0.00000000	0.00001984	0.01274459	0.00031043	0.00002294	0.00006700
C[C>G]A	0.00495368	0.00611007	0.03043403	0.00913386	0.00000141	0.00028285	0.00004503	0.00012807	0.00038393	0.00000000	0.00118866	0.00640920	0.00078317	0.00003149	0.00330067	0.00161022	0.00060843
C[C>G]C	0.00762322	0.01307924	0.02149210	0.00778353	0.00002337	0.00031481	0.00047654	0.00008820	0.00111069	0.00304876	0.00178263	0.00066493	0.00008234	0.00173439	0.00557924	0.00048652	0.00018580
C[C>G]G	0.00269877	0.00211053	0.00168734	0.00341382	0.00002675	0.00039764	0.00022394	0.00000363	0.00071822	0.00462787	0.00034910	0.00010540	0.00044649	0.00030164	0.00237390	0.00130115	0.00014274
C[C>G]T	0.00688638	0.01846639	0.03388232	0.00715234	0.00009243	0.00003336	0.00004653	0.00005835	0.00065847	0.00355394	0.00163751	0.00657707	0.00003706	0.00439272	0.00255876	0.00060597	0.00338907
C[C>T]A	0.01050773	0.02393595	0.01468203	0.01411867	0.06065303	0.00364315	0.00080471	0.00045343	0.11952095	0.00712840	0.00427771	0.00001040	0.00149045	0.00502025	0.00410731	0.04671703	0.00635091
C[C>T]C	0.00945786	0.01415154	0.01764780	0.01192525	0.06138071	0.00022663	0.00000000	0.00014711	0.20922791	0.00216614	0.00448909	0.00009572	0.00176848	0.00547957	0.00571383	0.00175651	0.00074377
C[C>T]G	0.01299529	0.00397869	0.00484009	0.00240448	0.00646533	0.18593347	0.00379475	0.00781319	0.02450226	0.01693629	0.01672499	0.00269100	0.00252014	0.00923829	0.01101988	0.00400178	0.01453959
C[C>T]T	0.01336858	0.02295226	0.02565328	0.01846192	0.06918145	0.00038388	0.00059412	0.00024035	0.14197392	0.00115888	0.00713806	0.00088684	0.00211857	0.02569330	0.00823800	0.00745472	0.00288610
C[T>A]A	0.00175976	0.00002838	0.00499340	0.00500200	0.00017828	0.00002922	0.00015684	0.00000380	0.00054899	0.00019190	0.00048067	0.00017263	0.00014757	0.00333845	0.08008539	0.00177092	0.00020407
C[T>A]C	0.00219949	0.00534169	0.01962325	0.00706387	0.00007266	0.00004492	0.00031822	0.00194888	0.00050810	0.00163986	0.00279864	0.00032773	0.03895986	0.01450665	0.04720201	0.00011984	0.00038456
C[T>A]G	0.00134072	0.00074543	0.00784501	0.02154713	0.00001748	0.00054436	0.00005705	0.00034746	0.00025135	0.00023894	0.00078384	0.00052170	0.01169796	0.00021800	0.12367277	0.00169694	0.00150405
C[T>A]T	0.00000000	0.00638129	0.01048830	0.00854584	0.00025280	0.00005942	0.00020528	0.00731638	0.00000097	0.00051866	0.00000503	0.00036523	0.07265145	0.04758465	0.03897190	0.00000890	0.00015859
C[T>C]A	0.02793296	0.01541750	0.00787098	0.00515019	0.00047099	0.00019539	0.00011349	0.00033702	0.00107404	0.00001432	0.01323881	0.00018203	0.01088128	0.00793387	0.00570337	0.01114345	0.00325583
C[T>C]C	0.01977509	0.00575262	0.01243362	0.00175315	0.00018048	0.00266431	0.00003808	0.00260082	0.00038418	0.00268187	0.00199124	0.00000703	0.17587803	0.00022912	0.00116398	0.00107570	0.00312306
C[T>C]G	0.03324181	0.01210939	0.00524570	0.00532909	0.00000137	0.00054173	0.00021378	0.00215898	0.00020234	0.00002019	0.03371232	0.00026108	0.09415069	0.00053794	0.00992027	0.00291609	0.00160976
C[T>C]T	0.01703743	0.00044822	0.00082124	0.00062431	0.00157224	0.00002497	0.00040881	0.00976553	0.00748876	0.00326306	0.00534623	0.00017118	0.41588123	0.02765960	0.00200256	0.03124743	0.00103790
C[T>G]A	0.00202322	0.00364360	0.00698710	0.00042253	0.00006715	0.00008523	0.00002257	0.00208324	0.00033169	0.00011491	0.00069617	0.00006337	0.00047040	0.00335143	0.00391387	0.00118478	0.01056986
C[T>G]C	0.00319426	0.00559563	0.01019703	0.00005187	0.00003434	0.00027137	0.00031606	0.03092348	0.00095252	0.00255491	0.00312446	0.00017411	0.00172770	0.00548406	0.00188757	0.00020096	0.01058545
C[T>G]G	0.00431266	0.00564759	0.01650286	0.00283079	0.00000063	0.00016894	0.00001896	0.01351497	0.00097992	0.00338065	0.00421937	0.00022386	0.00046372	0.00122386	0.00849528	0.00038930	0.00565683
C[T>G]T	0.00285384	0.00038886	0.00095271	0.00081362	0.00000000	0.00071927	0.00000000	0.54548416	0.00000000	0.00152047	0.00000000	0.00000000	0.00141742	0.00064857	0.00263615	0.00001464	0.01168773
G[C>A]A	0.00761133	0.01057015	0.00481096	0.02701879	0.00000123	0.00129395	0.00016637	0.00121872	0.00023832	0.14251061	0.00086958	0.00026229	0.00274122	0.00021656	0.00518352	0.00042820	0.00518941
G[C>A]C	0.01013318	0.00944436	0.01127124	0.04412849	0.00017784	0.00039596	0.00012289	0.00000685	0.00000462	0.01687141	0.00449774	0.00023883	0.00083269	0.00006313	0.00380216	0.00030169	0.00013396
G[C>A]G	0.00320870	0.00181395	0.00002737	0.01795964	0.00001078	0.00084584	0.00003304	0.00007753	0.00002370	0.00795478	0.00041362	0.00010222	0.00021871	0.00000183	0.00104453	0.00010555	0.00067985
G[C>A]T	0.00459911	0.00801186	0.01035202	0.01896160	0.00000000	0.00003689	0.00000000	0.00022156	0.00000000	0.08122457	0.01073375	0.00021973	0.00005012	0.00006301	0.00164350	0.00012186	0.00286028
G[C>G]A	0.00303138	0.00402936	0.02010316	0.00611497	0.00000000	0.00028338	0.00000808	0.00000623	0.00000278	0.00040250	0.00093696	0.00141191	0.00106914	0.00014855	0.00291505	0.00026201	0.00088719
G[C>G]C	0.00369583	0.00654166	0.01335384	0.00672019	0.00000284	0.00067432	0.00016388	0.00000537	0.00031755	0.00067584	0.00220474	0.00038340	0.00143217	0.00058380	0.00370248	0.00016410	0.00304808
G[C>G]G	0.00111198	0.00098385	0.00344615	0.00389721	0.00002521	0.00034584	0.00004113	0.00004107	0.00040389	0.00032897	0.00031512	0.00029085	0.00009854	0.00018609	0.00077401	0.00049492	0.00020023
G[C>G]T	0.00579251	0.00643878	0.02318300	0.00279846	0.00000994	0.00034714	0.00019068	0.00000538	0.00026955	0.00102355	0.00240149	0.00288544	0.00068549	0.00118259	0.00464391	0.00100345	0.00204951
G[C>T]A	0.01682243	0.01710375	0.01789305	0.00262511	0.00007208	0.00425590	0.00011492	0.00028056	0.00022014	0.00743775	0.08567212	0.00814868	0.00244017	0.00007086	0.00934139	0.00079946	0.00572205
G[C>T]C	0.01777140	0.01242961	0.01226373	0.00292160	0.01309786	0.00094683	0.00171122	0.00005821	0.02888365	0.00532600	0.07579648	0.00049957	0.00006894	0.00060045	0.01149158	0.00162702	0.00807806
G[C>T]G	0.00624005	0.00023384	0.00000000	0.00000000	0.00000000	0.21376243	0.00000477	0.00819378	0.00000000	0.01447917	0.05493278	0.00179232	0.00148470	0.00000000	0.00325901	0.00011652	0.01612451
G[C>T]T	0.01288323	0.01711147	0.00769550	0.00237522	0.02282843	0.00080282	0.00056421	0.00001901	0.00482462	0.00322611	0.06775604	0.00195540	0.00085318	0.00141567	0.01027228	0.03798321	0.00483499
G[T>A]A	0.00261602	0.00196958	0.00785480	0.00642458	0.00040349	0.00011542	0.00040316	0.00013519	0.00027903	0.00108036	0.00183209	0.00000010	0.00013907	0.00167925	0.03192013	0.00011411	0.00163091
G[T>A]C	0.00197925	0.00295172	0.01077580	0.00274955	0.00022577	0.00007792	0.00018200	0.00024550	0.00010603	0.00211603	0.00261424	0.00015389	0.00293388	0.00274518	0.00829338	0.00018009	0.00127256
G[T>A]G	0.00256336	0.00264146	0.01549462	0.01344262	0.00021590	0.00022397	0.00022762	0.00018697	0.00047328	0.00048512	0.00277306	0.00014084	0.00056262	0.00003136	0.02155859	0.00110932	0.00071640
G[T>A]T	0.00048107	0.00337718	0.01628101	0.00527213	0.00036345	0.00022563	0.00016889	0.00146706	0.00017100	0.00291738	0.00354025	0.00064552	0.00513705	0.02061522	0.00478983	0.00754937	0.00083561
G[T>C]A	0.03797312	0.00474634	0.01029193	0.00281602	0.00004328	0.00029741	0.00009177	0.00009412	0.00002915	0.00007394	0.02250733	0.00017173	0.00042019	0.00001404	0.00369052	0.00275858	0.00156011
G[T>C]C	0.01831290	0.00522549	0.00678514	0.00057558	0.00009131	0.00184084	0.00006407	0.00093639	0.00000517	0.00282564	0.00145723	0.00017993	0.01415673	0.00018775	0.00385118	0.00274476	0.00160921
G[T>C]G	0.03058063	0.00448498	0.01245561	0.00184811	0.00005052	0.00112783	0.00006180	0.00123395	0.00031219	0.00521233	0.01859691	0.00029006	0.00366954	0.00023139	0.00589625	0.00376733	0.00121154
G[T>C]T	0.01565102	0.00219837	0.00198342	0.00001809	0.00071398	0.00004034	0.00069163	0.00056271	0.00888647	0.00229130	0.00815834	0.00000000	0.00413921	0.00576404	0.00171842	0.27280928	0.00173429
G[T>G]A	0.00241665	0.00315258	0.00712816	0.00020008	0.00007061	0.00017197	0.00016218	0.00029940	0.00020587	0.00085033	0.00053080	0.00004433	0.00076117	0.00247814	0.00245487	0.00018820	0.00102305
G[T>G]C	0.00141220	0.00374850	0.00315796	0.00007910	0.00008359	0.00010920	0.00012441	0.00577726	0.00036991	0.00015552	0.00040073	0.00007499	0.00028202	0.00122795	0.00131794	0.00017390	0.00036596
G[T>G]G	0.00365294	0.00326802	0.01700647	0.00160780	0.00018041	0.00033242	0.00026707	0.00141343	0.00292920	0.00724216	0.00149937	0.00102889	0.00071816	0.00574131	0.00316355	0.00387351	0.00173485
G[T>G]T	0.00002996	0.00206574	0.00552829	0.00001922	0.00103843	0.00029072	0.00001780	0.11879446	0.00193365	0.00078513	0.00266070	0.00014954	0.00604178	0.00654111	0.00012174	0.00615288	0.00103224
T[C>A]A	0.00010924	0.03415147	0.00063613	0.04039861	0.00037906	0.00000000	0.00040180	0.00000000	0.00210459	0.08508508	0.00066556	0.07691369	0.00026450	0.00142018	0.00265151	0.01037131	0.00267977
T[C>A]C	0.00353640	0.02402589	0.01564780	0.05186596	0.00044517	0.00276156	0.00024376	0.00011387	0.00339473	0.04812089	0.00223828	0.03126167	0.00067181	0.01310944	0.00160688	0.00765377	0.00040513
T[C>A]G	0.00188933	0.00306551	0.00005088	0.01196896	0.00000533	0.00046470	0.00003825	0.00001971	0.00017204	0.01547000	0.00012938	0.01097661	0.00014710	0.00000146	0.00121512	0.00021682	0.00002606
T[C>A]T	0.00320736	0.02447367	0.00301763	0.03424377	0.00041554	0.00158376	0.00092204	0.00261460	0.00079975	0.15652615	0.01803160	0.03534470	0.00095038	0.00329462	0.00913386	0.00097852	0.00403407
T[C>G]A	0.00287909	0.00034504	0.01302212	0.00142960	0.00000000	0.00008828	0.00001030	0.00009561	0.00010458	0.00157857	0.00074730	0.29968275	0.00314486	0.00032161	0.00461343	0.00364753	0.00174832
T[C>G]C	0.00426329	0.01534366	0.02887799	0.00534253	0.00000614	0.00046939	0.00007786	0.00000262	0.00145584	0.00340228	0.00119348	0.06615129	0.00060757	0.00415677	0.00168532	0.00023981	0.00643073
T[C>G]G	0.00171702	0.00210911	0.00006176	0.00222676	0.00000000	0.00008591	0.00005835	0.00005071	0.00024420	0.00126284	0.00038197	0.01422134	0.00037830	0.00000000	0.00067039	0.00105316	0.00014594
T[C>G]T	0.00784533	0.01179597	0.02475335	0.00030839	0.00044182	0.00210538	0.00007326	0.00131567	0.00005022	0.00020344	0.00154250	0.38659077	0.00040173	0.01180536	0.00304572	0.00019476	0.00604017
T[C>T]A	0.00364117	0.02931903	0.00025937	0.00233094	0.13692310	0.00141461	0.56546412	0.00003236	0.00012346	0.00755333	0.00025228	0.00177952	0.00024549	0.01699262	0.00607834	0.00010155	0.00336738
T[C>T]C	0.00000000	0.01077740	0.00063913	0.00638963	0.45267098	0.00000000	0.07188958	0.00000000	0.15626081	0.00000000	0.00014583	0.00194626	0.00000090	0.01497142	0.01029672	0.08228821	0.00207842
T[C>T]G	0.01134930	0.00040769	0.00010177	0.00000000	0.09349507	0.10235242	0.04364920	0.00414734	0.05637857	0.01102002	0.00176839	0.00100462	0.00047776	0.00000000	0.00525294	0.00166894	0.00519907
T[C>T]T	0.00916594	0.02025604	0.00194150	0.00665867	0.02818928	0.00000887	0.28592942	0.00035809	0.11679425	0.00000041	0.00229609	0.00133881	0.00123052	0.00082214	0.03488349	0.03874357	0.01390879
T[T>A]A	0.00289748	0.00187471	0.00242934	0.00310362	0.00013775	0.00774856	0.00003059	0.00075484	0.00226310	0.01019398	0.00556649	0.00047092	0.00047259	0.02284930	0.04628058	0.01341831	0.07940858
T[T>A]C	0.00309373	0.01206409	0.01119228	0.00230383	0.00029293	0.00003790	0.00013341	0.00015961	0.00191284	0.00160974	0.00001567	0.00038821	0.00538074	0.03769759	0.01517610	0.00139346	0.00661027
T[T>A]G	0.00385782	0.00596165	0.00472902	0.00694200	0.00000226	0.00044098	0.00001085	0.00000501	0.00141286	0.00075565	0.00074067	0.00015626	0.00131180	0.01368852	0.03380637	0.00439906	0.00506468
T[T>A]T	0.00175835	0.01501088	0.00162778	0.00368040	0.00023948	0.00181122	0.00152762	0.00125489	0.00013108	0.00179722	0.01301515	0.00015506	0.00238744	0.26387937	0.01146522	0.02490158	0.00482968
T[T>C]A	0.04256086	0.00165011	0.01306425	0.00121455	0.00242971	0.00016829	0.00033920	0.00061936	0.00442964	0.00002521	0.01946666	0.00000000	0.00079028	0.03945591	0.00510988	0.07088083	0.03302545
T[T>C]C	0.02364283	0.00488544	0.00845226	0.00001527	0.00062959	0.00417228	0.00001250	0.00099907	0.00115292	0.00486336	0.00972817	0.00011344	0.01435357	0.02607065	0.00012480	0.01404577	0.01338444
T[T>C]G	0.02538627	0.00348551	0.00552133	0.00107958	0.00009014	0.00039978	0.00007059	0.00103788	0.00372276	0.00281811	0.01720200	0.00000364	0.00192404	0.01573885	0.00535284	0.02207313	0.01431770
T[T>C]T	0.03693555	0.00035114	0.01000973	0.00004953	0.00090868	0.00497910	0.00021263	0.00050861	0.00284097	0.00032675	0.03130545	0.00044981	0.01947242	0.09337724	0.00251668	0.03593354	0.01198072
T[T>G]A	0.00347581	0.00724847	0.00879942	0.00003918	0.00012747	0.00017066	0.00008681	0.00000239	0.00052102	0.00003930	0.00003056	0.00023930	0.00000010	0.02220205	0.00284152	0.00016444	0.05707304
T[T>G]C	0.00488568	0.01698095	0.00701313	0.00000069	0.00001514	0.00069116	0.00020342	0.00877649	0.00121634	0.00109286	0.00069326	0.00022056	0.00003886	0.01686041	0.00204261	0.00067136	0.03361061
T[T>G]G	0.00510431	0.01214315	0.01186069	0.00175241	0.00000644	0.00099357	0.00012026	0.00436844	0.00095414	0.00101002	0.00243232	0.00002208	0.00158107	0.00821615	0.00616253	0.00071605	0.02109968
T[T>G]T	0.00464988	0.00626851	0.00783972	0.00007700	0.00001802	0.00102432	0.00008772	0.11975044	0.00027540	0.00030402	0.00732913	0.00000935	0.00507299	0.01643471	0.00138415	0.00065316	0.34324678
