10403 624 -1385067029 906925104 -1688003983
-1859851906 65560551 1306167036 -137042995 685298730
-1936586845 49702024 1190226153 2056116118 790511903
-2052605740 1149617605 1877958594 709789787 1714081760
-860432799 229480622 1567758679 -1191266900 -925026627
1269395034 -1616777197 -34523592 -803126567 -1646228282
1622984847 -706028156 399972021 437870578 -1876746549
1400567696 261787217 -431025186 -2060243257 1914933340
-987019859 1541248138 1703212163 6648808 -334980919
191729142 1155935231 143404596 617456549 -1918866398
-82423493 -2076570816 -531807679 -864265458 1799528503
-424405236 -93450083 832063162 -1186851597 -907141736
-389649735 -452469978 -1466864785 -900289820 418933909
151487570 554639275 1566771952 -624037327 -1637323202
-1787335257 786123196 -233531507 2109506794 -945794717
1357263688 -1405503319 -1857915818 645236447 1255494548
363229573 999401602 -1045132773 -760154464 -1428447711
-1761194642 -1888970985 -1115412372 -1588733315 -101888230
2133240275 1919464696 -1543404903 -344958586 -1760985521
-330094524 -1612270987 1967249586 376279179 379506256
-67811823 2114517150 1517100167 274314012 1493752173
-1735547574 1842755 -1571773784 -1250113399 1940163254
-2138811969 -203740940 -1870123163 -690285342 1113666299
1248301568 1767500289 -672960562 -576979465 1606871500
-1242262435 -1262450822 210218675 -1690764200 768248441
2125596646 -2032336593 959993252 68806741 -2116002542
-1032425109 772161968 1846053361 365474558 1439447911
1324797052 -1870656691 1114174890 2016434979 243057160
-1312176023 1714147606 -607482721 -688542124 1256906053
-929779390 -581678117 -801776288 1421878753 -978599378
-980101929 -1680581844 -321241539 -30806054 -1734532205
1412887480 773423705 -1201347002 -1362889713 -631360764
-653652427 1576735090 325173835 1047618832 671071697
-1036018338 1699531335 -821389860 -353227475 -1654229494
-1256912893 457347432 -954681271 1752188790 -1660930177
-209919052 910588709 -2049540702 -1899637573 888395968
-1576644159 1660372110 319495095 -335250292 -1233725411
-29259718 1990133875 423271192 -924423623 -31394650
561403631 622641252 -298900459 1151989202 -1821932757
-826787728 483582385 -1408911426 -1029256921 552406844
1993817869 1469982314 1476535523 -1166405432 -1755211735
-972427818 81613407 1959315732 -2146236155 -1883735550
-286405221 897156128 -2111541855 2120087278 -306785641
1991200236 1061315069 1763659930 365256019 -769920392
-1641463271 25047814 -844355121 -1697907260 1325476341
2097482290 1757393931 1370667984 997848465 -944569826
59914247 -2131347300 -22593299 -1423440182 506442179
1241202728 1083992073 378586166 807001407 -1305387404
-1849129243 1934796386 839136891 2057232256 571636097
-1300768434 -649070217 237817676 1874123741 2128300282
21504563 -760022568 -908457479 -1072389786 2115857583
-389813468 1123557333 1512328850 1436701931 641265456
1861024113 -706773890 432477927 -679603716 148517581
1578899242 -522867037 -1818353784 1556162537 1033685654
393074719 789488596 283047109 -910359870 675352411
-1724126496 -1429703327 1708977070 -1248948137 819265708
-330938947 193818970 -530622701 -623398600 -470760999
-2089009210 -645783665 -396588924 1301022133 991937266
-1203280437 -1759325552 -1641812655 1663248094 1392338375
-1193501860 -672656211 -1030596726 -1792271485 -851792152
29874121 1791361270 -1886305537 -1699178188 -556903771
940543778 1037850683 304653888 1094607169 -886755826
-1104505033 150987276 359571357 1733151162 1984101363
375527576 6646201 -515043802 1653752431 -1628580380
775216021 -1961924782 -1964579157 -616012304 -1407790799
-938081986 1491936423 1701434556 1783162509 -1230845974
1282078819 -1733759416 -1045923927 430204758 1228676575
-796442988 420388997 1868712834 2064519451 1379733920
107756833 -521625490 -1965289961 1829073772 128313725
1983140378 -1574235949 489304056 -1355808359 -1155593082
2013648207 1037030212 -529882763 -1056228430 1673058187
360819024 2008917265 693111710 827216775 -914506212
2054465645 -1536858038 868894019 62971304 -1436874871
298843574 -786011969 -674065420 420994661 751646690
-2079442437 -1303302912 390727937 1908359886 257619191
-549604148 -1687936163 -1470559622 1599051187 -217581736
-62355079 1049246438 1419040815 576356516 -1683663019
1613447186 1962227819 1420205232 -602904335 2003387902
1037628007 2104514428 2128829005 -2114832214 -1803419101
-2007335672 1171752809 1726006294 -1878514785 -470640300
1952582725 963138626 -1726688549 2000484448 -1932540703
339809582 -1688253481 -1912560084 1696681277 -103550246
-991393133 131296952 1873215833 -450455226 251087631
-706355708 -748880587 -142117774 -1932261045 -1819328496
-1341711151 1861857374 1011155271 -979787556 -1441989587
-782157558 -741724413 206425192 -1709836471 2020522614
-895922561 1413435060 -60478939 1783341218 -1772495941
-774343744 2079682753 721819534 -626978121 1403406220
-1252694243 -222491846 103673715 929338904 222521657
1955342246 -1713033745 231336804 923374357 574085330
361581099 -1189899408 -963002191 -1734784322 1179287591
-1840145860 -362181107 -1597347478 1926941667 -512570424
688805673 -233709354 -1584273057 -1273973740 -1097254907
-1601233662 -199928677 -553935072 -172815199 -458864146
-724022889 -1232693012 -1736937219 -1490267238 1918354515
-913085064 1427489049 -28121594 -1005158193 -1419859772
-1306322699 -2024510158 358152971 -1744070960 -289385327
1222645022 -777949433 2146452380 -361689107 -1975137846
250337475 -979272920 -256334071 -882755786 296350783
-1161901708 74855909 -917845662 -964739717 -1484883328
117479553 1002024014 -306384777 -386295220 -687707427
-1220948998 1956514099 1916269784 1125517561 -535636890
943932335 -1141107164 1814138581 -638242414 779033579
-280016336 -210577295 -1603924098 -1342059033 -691168004
278626765 -1276421590 1630885283 -491660664 1796007657
1207418262 -208048353 1268879060 1400120261 -577329726
-1110469029 540607968 -1193929631 -153600338 -452524201
-917025876 -177515331 1325233242 -1808220653 1361718328
1329348825 -1016859962 2099476111 2029663108 -931334987
-651024910 -1626886965 1773579664 -1683403695 -1950139938
253992135 -1958631844 2137056173 -808248694 1055867523
-830739992 -1912400183 -144018442 -65512961 1980826676
1829437861 -494226910 641621819 704856384 271286337
-1466302194 -697397705 -503862004 875245213 646925498
1952441075 -230550632 1837131961 -1646378714 -177268369
1202782436 1722632853 1344490066 1096461739 -1642479376
-1436831695 -1014000578 2025773991 1034182588 356070797
471141098 -1722704029 -1965577912 -879544663 -1252894122
-1143032609 1969564052 1320341381 -381751678 -402417637
-1850397536 234413089 -1349061778 967542039 1764933228
-1883637635 -2113448678 -733251629 1297591032 232423577
-1323712634 -539087793 -1183285692 573214837 367042226
-1952440693 256934992 -561904623 -865919330 -762606969
978176284 1822193517 1657350986 2106879043 -2053302104
297092745 -1454935882 -1616609345 -1326055692 836996453
248208098
