MutationsType	SBS96A	SBS96B	SBS96C	SBS96D	SBS96E	SBS96F	SBS96G	SBS96H	SBS96I	SBS96J	SBS96K	SBS96L	SBS96M	SBS96N	SBS96O	SBS96P	SBS96Q	SBS96R
A[C>A]A	0.00926310	0.02356856	0.04502828	0.04981984	0.00001124	0.00092666	0.00719669	0.00064234	0.00004728	0.05572063	0.00148546	0.00029488	0.00250566	0.00107957	0.00464627	0.00020712	0.00383969	0.00037319
A[C>A]C	0.01285447	0.02386480	0.01229223	0.03986789	0.00012883	0.00214973	0.00423058	0.00011384	0.00052908	0.01590584	0.00027268	0.00038127	0.00142790	0.00049275	0.00037252	0.00068272	0.00073041	0.00170162
A[C>A]G	0.00337193	0.00044449	0.00317412	0.01836472	0.00003761	0.00009502	0.00096881	0.00012812	0.00020967	0.00098435	0.00009049	0.00007482	0.00010890	0.00012845	0.00025496	0.00022147	0.00024183	0.00002535
A[C>A]T	0.00589064	0.01440255	0.01925786	0.03556678	0.00019907	0.00118705	0.00123126	0.00011100	0.00033431	0.02230907	0.00051992	0.00687136	0.00027642	0.00030225	0.00113328	0.00390499	0.00487418	0.00327283
A[C>G]A	0.01309643	0.03185050	0.01129891	0.00696403	0.00007431	0.00222274	0.00405186	0.00027039	0.00011922	0.00079476	0.00000000	0.00459987	0.00074667	0.00324893	0.00059294	0.00146909	0.00430291	0.00598096
A[C>G]C	0.00555931	0.01942247	0.01021994	0.00264906	0.00000986	0.00086381	0.00249830	0.00005413	0.00005972	0.00366046	0.00001612	0.00167852	0.00063368	0.00086944	0.00046771	0.00274924	0.00125956	0.00387398
A[C>G]G	0.00250828	0.00000000	0.00439582	0.00136299	0.00002220	0.00001454	0.00074576	0.00006435	0.00000889	0.00217575	0.00061967	0.00042750	0.00036061	0.00029197	0.00030525	0.00058857	0.00010696	0.00157371
A[C>G]T	0.01194324	0.02653076	0.02019477	0.00310583	0.00004787	0.00163456	0.00304838	0.00009343	0.00028106	0.00494337	0.00009929	0.00479221	0.00038148	0.00415176	0.00201881	0.00379944	0.00277426	0.00622245
A[C>T]A	0.05229215	0.01335105	0.02724901	0.00839533	0.00001264	0.02441914	0.01426277	0.00154664	0.00046263	0.00581460	0.00070502	0.09015642	0.00249518	0.00773105	0.00184499	0.00366886	0.01011823	0.00932552
A[C>T]C	0.02625888	0.01576591	0.01356857	0.00401219	0.02274034	0.00564361	0.00501922	0.00022051	0.00144715	0.00385231	0.03861974	0.02053553	0.00241070	0.00012304	0.00886764	0.00530047	0.00148982	0.00232141
A[C>T]G	0.00256958	0.00834555	0.00743727	0.00183223	0.00000707	0.37557301	0.00047876	0.00561060	0.00002160	0.00121230	0.00041146	0.00107409	0.00003027	0.00013200	0.00013307	0.00122117	0.00156044	0.00077548
A[C>T]T	0.03889681	0.01394022	0.02360491	0.00337914	0.00891453	0.00950616	0.00341886	0.00071318	0.00329572	0.00830110	0.01166910	0.02795332	0.00123160	0.00023363	0.00849272	0.02822402	0.00245121	0.00837540
A[T>A]A	0.00963737	0.00059238	0.01053187	0.00305413	0.00251336	0.00088745	0.00663872	0.00002037	0.00019926	0.00106130	0.00203266	0.00528291	0.00088182	0.00000247	0.01345348	0.00059052	0.05776262	0.00256869
A[T>A]C	0.01005151	0.00971576	0.00367512	0.00333892	0.00039303	0.00307408	0.00641759	0.00020811	0.00121061	0.00065453	0.00045079	0.00268906	0.00068008	0.00018845	0.00309943	0.00166225	0.00720968	0.00225050
A[T>A]G	0.01489628	0.00951329	0.00885957	0.00760138	0.00065596	0.00148641	0.00380451	0.00008989	0.00011445	0.00138540	0.00159603	0.00166151	0.00013670	0.00092285	0.00024737	0.00289600	0.05152073	0.00135971
A[T>A]T	0.00063580	0.00105202	0.00851072	0.00423285	0.00413638	0.00007783	0.00617022	0.00052780	0.00004847	0.00360040	0.00876255	0.02948319	0.00116050	0.00095224	0.06266976	0.03265562	0.00029907	0.04858101
A[T>C]A	0.09345132	0.01186707	0.02759015	0.00571279	0.00049357	0.00153401	0.06236599	0.00025790	0.00031509	0.00023603	0.00045699	0.02134477	0.00023824	0.00164007	0.00095020	0.00481316	0.02745595	0.00252838
A[T>C]C	0.01318425	0.00694049	0.01072377	0.00005339	0.00005195	0.00387906	0.03763516	0.00013840	0.00055089	0.00254938	0.00024820	0.00402148	0.01195000	0.00035008	0.00058508	0.00448135	0.00235142	0.00015941
A[T>C]G	0.05822697	0.00822606	0.02366478	0.00457733	0.00002204	0.00024431	0.06734142	0.00000870	0.00050030	0.00297621	0.00113844	0.03430852	0.00093378	0.00036648	0.00052395	0.00959807	0.00808208	0.00007809
A[T>C]T	0.06424326	0.01878532	0.02634116	0.00085993	0.00068303	0.00612606	0.05426667	0.00024203	0.00060310	0.00544462	0.00168098	0.00232074	0.00927482	0.00186405	0.00266434	0.04816407	0.00194917	0.00716066
A[T>G]A	0.00451880	0.00450938	0.01268378	0.00082415	0.00045695	0.00002278	0.00257848	0.00138528	0.00047028	0.00054852	0.00004980	0.00041950	0.00078074	0.00000814	0.01118193	0.00344223	0.00167271	0.00886936
A[T>G]C	0.00232532	0.00282734	0.01333530	0.00013133	0.00016391	0.00034748	0.00054041	0.00483126	0.00016947	0.00041103	0.00111182	0.00031910	0.00050939	0.00000060	0.00067285	0.00273597	0.00006131	0.00865490
A[T>G]G	0.01194301	0.00874359	0.01324482	0.00081096	0.00025539	0.00045340	0.00264320	0.00099021	0.00011298	0.00277881	0.00149979	0.00116355	0.00091807	0.00000262	0.00051405	0.00959655	0.00501108	0.00701071
A[T>G]T	0.00013229	0.00088647	0.03431262	0.00000415	0.00030619	0.00000000	0.00024030	0.06550367	0.00001513	0.00028702	0.00036000	0.00155504	0.01245876	0.00027352	0.00000000	0.01200764	0.00050991	0.05230313
C[C>A]A	0.00018184	0.02532998	0.01476488	0.09413170	0.00053216	0.00004021	0.00056796	0.00016731	0.00007688	0.08297152	0.00118042	0.00005498	0.00011790	0.00136678	0.00007602	0.01303719	0.00160100	0.00460182
C[C>A]C	0.00090864	0.02658696	0.00218101	0.09833043	0.00009988	0.00204103	0.00057660	0.00002173	0.00039054	0.01061741	0.00101668	0.02829613	0.00143533	0.00048960	0.00197426	0.00316567	0.00536559	0.00068568
C[C>A]G	0.00572139	0.00010683	0.00006616	0.02969334	0.00001501	0.00010093	0.00071392	0.00006094	0.00000028	0.01233126	0.00020505	0.00374797	0.00027524	0.00000000	0.00187769	0.00022276	0.00059584	0.00000189
C[C>A]T	0.00000000	0.00613806	0.00746639	0.08764339	0.00011748	0.00002683	0.00000669	0.00002496	0.00033635	0.02762192	0.00144475	0.08596340	0.00010850	0.00000000	0.01274754	0.00000450	0.00083797	0.00002931
C[C>G]A	0.00802774	0.03102540	0.00188724	0.00908585	0.00000000	0.00026271	0.00235144	0.00009266	0.00001210	0.00000000	0.00033636	0.00105954	0.00093426	0.00620920	0.00000700	0.00159086	0.00251423	0.00090219
C[C>G]C	0.01367146	0.02194645	0.01000653	0.00808064	0.00001392	0.00038600	0.00245910	0.00009106	0.00033996	0.00271868	0.00102137	0.00135605	0.00004789	0.00039662	0.00183661	0.00048091	0.00264230	0.00027468
C[C>G]G	0.00420455	0.00172016	0.00179262	0.00354729	0.00003124	0.00031287	0.00100794	0.00000211	0.00025235	0.00458309	0.00069166	0.00029258	0.00041604	0.00002394	0.00023678	0.00135994	0.00174384	0.00019368
C[C>G]T	0.00919575	0.03513582	0.01464467	0.00729742	0.00006146	0.00005781	0.00524329	0.00007187	0.00007958	0.00355430	0.00073303	0.00148316	0.00005895	0.00657750	0.00448731	0.00057287	0.00109170	0.00356857
C[C>T]A	0.01232223	0.01533764	0.02516633	0.01431673	0.06196538	0.00354578	0.00834935	0.00043101	0.00052299	0.00683405	0.12127706	0.00424333	0.00154252	0.00000547	0.00504061	0.04775003	0.00306517	0.00462563
C[C>T]C	0.00695089	0.01831069	0.01446069	0.01178707	0.06175479	0.00016873	0.00828497	0.00008985	0.00000000	0.00246083	0.21551128	0.00526539	0.00181680	0.00006838	0.00545579	0.00139120	0.00754627	0.00030140
C[C>T]G	0.02911032	0.00455435	0.00254425	0.00283324	0.00651731	0.18508787	0.00268295	0.00666721	0.00361790	0.01677992	0.02445336	0.01401915	0.00264153	0.00243759	0.00997250	0.00557357	0.00397962	0.01728103
C[C>T]T	0.02039783	0.02656100	0.02104475	0.01865662	0.07014452	0.00032903	0.00628723	0.00018951	0.00028713	0.00093472	0.14461150	0.00701904	0.00206501	0.00092176	0.02719206	0.01034921	0.00506123	0.00240227
C[T>A]A	0.00297174	0.00172268	0.00000000	0.00181892	0.00015396	0.00006783	0.00135896	0.00002882	0.00016025	0.00003693	0.00045193	0.00044448	0.00010712	0.00012721	0.00321714	0.00190945	0.10618671	0.00015615
C[T>A]C	0.00152555	0.01789848	0.00444463	0.00486324	0.00002842	0.00009426	0.00321893	0.00182977	0.00035019	0.00182928	0.00062798	0.00307094	0.03876071	0.00026503	0.01418056	0.00013992	0.06420389	0.00045488
C[T>A]G	0.00192390	0.00328507	0.00163255	0.01623128	0.00002249	0.00061906	0.00164095	0.00027565	0.00015573	0.00032528	0.00023320	0.00096348	0.01151353	0.00040150	0.00007883	0.00154431	0.16267980	0.00048812
C[T>A]T	0.00004791	0.00902395	0.00767191	0.00703861	0.00027594	0.00001951	0.00011659	0.00717805	0.00011905	0.00093031	0.00000000	0.00000079	0.07223789	0.00045300	0.04756718	0.00014934	0.05167987	0.00007797
C[T>C]A	0.01019479	0.00680591	0.01637840	0.00476022	0.00048747	0.00029718	0.03953399	0.00041971	0.00020040	0.00001027	0.00114871	0.01421610	0.01097285	0.00025106	0.00735210	0.00920493	0.00600524	0.00182317
C[T>C]C	0.00407375	0.01161919	0.00649118	0.00154406	0.00017750	0.00302246	0.02811124	0.00224214	0.00006994	0.00329255	0.00048677	0.00235146	0.17435509	0.00002213	0.00023407	0.00015828	0.00192277	0.00213869
C[T>C]G	0.02705718	0.00503422	0.01113660	0.00535997	0.00000000	0.00045589	0.03288981	0.00186545	0.00024633	0.00000000	0.00026432	0.03381780	0.09429858	0.00008895	0.00063119	0.00152137	0.00470286	0.00112142
C[T>C]T	0.01119009	0.00033882	0.00244001	0.00054241	0.00180216	0.00004373	0.01485517	0.00886668	0.00015280	0.00426710	0.00719361	0.00535270	0.41502214	0.00012039	0.02812816	0.03159787	0.00063297	0.00246021
C[T>G]A	0.00220070	0.00696996	0.00324327	0.00026450	0.00008140	0.00005694	0.00181713	0.00208863	0.00004384	0.00012258	0.00041343	0.00071096	0.00040885	0.00004054	0.00341863	0.00107827	0.00461482	0.01079148
C[T>G]C	0.00498527	0.01046389	0.00465406	0.00006692	0.00003790	0.00028646	0.00144497	0.03114303	0.00030327	0.00241843	0.00093577	0.00302647	0.00175868	0.00007293	0.00553270	0.00008133	0.00120441	0.01145783
C[T>G]G	0.00762058	0.01670933	0.00328061	0.00276607	0.00000093	0.00019141	0.00176958	0.01358390	0.00001172	0.00286814	0.00106263	0.00396249	0.00050283	0.00010459	0.00124761	0.00024330	0.00852213	0.00671648
C[T>G]T	0.00445466	0.00019497	0.00070980	0.00082334	0.00000000	0.00062425	0.00107393	0.55168235	0.00000004	0.00134968	0.00000000	0.00001192	0.00196246	0.00000000	0.00107811	0.00000427	0.00166180	0.01259768
G[C>A]A	0.01133541	0.00503739	0.01350085	0.02997524	0.00000007	0.00116317	0.00281772	0.00109970	0.00015684	0.14267824	0.00033102	0.00080354	0.00243305	0.00042068	0.00016187	0.00027956	0.00288948	0.00714230
G[C>A]C	0.01162290	0.01154701	0.00906382	0.04420419	0.00018549	0.00050664	0.00690830	0.00002408	0.00012263	0.01675954	0.00000120	0.00425852	0.00086373	0.00021424	0.00012504	0.00013063	0.00303552	0.00029896
G[C>A]G	0.00403403	0.00000641	0.00221951	0.01816248	0.00000655	0.00083666	0.00157483	0.00007361	0.00004386	0.00796923	0.00000828	0.00031897	0.00016858	0.00007211	0.00000601	0.00000109	0.00023880	0.00091810
G[C>A]T	0.00576853	0.01097686	0.00892197	0.02081308	0.00000000	0.00004137	0.00303596	0.00026227	0.00000000	0.08118185	0.00000000	0.01074061	0.00002236	0.00018295	0.00005686	0.00009402	0.00038996	0.00396349
G[C>G]A	0.00538913	0.02036412	0.00114057	0.00614360	0.00000767	0.00011314	0.00130293	0.00006339	0.00005053	0.00042687	0.00001342	0.00073885	0.00108635	0.00131886	0.00009738	0.00029487	0.00220831	0.00175667
G[C>G]C	0.00615243	0.01359655	0.00491725	0.00676619	0.00000499	0.00069417	0.00180434	0.00003528	0.00012922	0.00057621	0.00025984	0.00207483	0.00138218	0.00037992	0.00067759	0.00012866	0.00281609	0.00321922
G[C>G]G	0.00210072	0.00351941	0.00046380	0.00396389	0.00001065	0.00022893	0.00017859	0.00003432	0.00000504	0.00030797	0.00036396	0.00026518	0.00010729	0.00026916	0.00020826	0.00067129	0.00043731	0.00039502
G[C>G]T	0.00873148	0.02363928	0.00294636	0.00295793	0.00000808	0.00024910	0.00289716	0.00000654	0.00017581	0.00095201	0.00025502	0.00231555	0.00071577	0.00277355	0.00115456	0.00107858	0.00325990	0.00317216
G[C>T]A	0.02761888	0.02045492	0.01330510	0.00309453	0.00005171	0.00392702	0.00865710	0.00028813	0.00008435	0.00645895	0.00016867	0.08599329	0.00258217	0.00773209	0.00006083	0.00084622	0.00383348	0.00670239
G[C>T]C	0.03238747	0.01445433	0.00864497	0.00333141	0.01344686	0.00046451	0.00635049	0.00010294	0.00132117	0.00435826	0.02890348	0.07455406	0.00006145	0.00023777	0.00082988	0.00282314	0.00380075	0.00924597
G[C>T]G	0.01532394	0.00000000	0.00000000	0.00000093	0.00000013	0.21331764	0.00333591	0.00677443	0.00000000	0.01626675	0.00000078	0.05595058	0.00144178	0.00183463	0.00000000	0.00001564	0.00007545	0.01802132
G[C>T]T	0.02503993	0.00971063	0.01495923	0.00276207	0.02350306	0.00067726	0.00457844	0.00000375	0.00028093	0.00242349	0.00380609	0.06686873	0.00089438	0.00187043	0.00168525	0.03956227	0.00448630	0.00579274
G[T>A]A	0.00387415	0.00675619	0.00139681	0.00521296	0.00042086	0.00004710	0.00199881	0.00013304	0.00041265	0.00102973	0.00028763	0.00178238	0.00014282	0.00000118	0.00161219	0.00003765	0.04029678	0.00122762
G[T>A]C	0.00247059	0.01076758	0.00165718	0.00248535	0.00022778	0.00006538	0.00171817	0.00027805	0.00014746	0.00207016	0.00009671	0.00273478	0.00296389	0.00018581	0.00253237	0.00029692	0.01072215	0.00130978
G[T>A]G	0.00324462	0.01502465	0.00100190	0.01251811	0.00026378	0.00010343	0.00210489	0.00018271	0.00016470	0.00051149	0.00040346	0.00291822	0.00059216	0.00008087	0.00004456	0.00126086	0.02802080	0.00081644
G[T>A]T	0.00107858	0.01635004	0.00179636	0.00522130	0.00033080	0.00024480	0.00075873	0.00152804	0.00016565	0.00283137	0.00014274	0.00352578	0.00512860	0.00058993	0.02082416	0.00764501	0.00629652	0.00145625
G[T>C]A	0.00793314	0.00844633	0.00405100	0.00254373	0.00003601	0.00048238	0.05739719	0.00004507	0.00013824	0.00024570	0.00003630	0.02452675	0.00035393	0.00014886	0.00001339	0.00095177	0.00424084	0.00124149
G[T>C]C	0.00723493	0.00583697	0.00498807	0.00041617	0.00008565	0.00218678	0.02446617	0.00090197	0.00006164	0.00292678	0.00000942	0.00144525	0.01412779	0.00024324	0.00020984	0.00196531	0.00383344	0.00089033
G[T>C]G	0.01676679	0.01175520	0.00229872	0.00187519	0.00002426	0.00143626	0.03656972	0.00120695	0.00009587	0.00504242	0.00041220	0.01889848	0.00375145	0.00026818	0.00028689	0.00248269	0.00330593	0.00151212
G[T>C]T	0.00534399	0.00115790	0.00319081	0.00001936	0.00062181	0.00001627	0.02326242	0.00059924	0.00032164	0.00186346	0.00767673	0.00767824	0.00488863	0.00000000	0.00584351	0.27271835	0.00150214	0.00173905
G[T>G]A	0.00286683	0.00717334	0.00223874	0.00021593	0.00009388	0.00019643	0.00191127	0.00035397	0.00010844	0.00083454	0.00021565	0.00043888	0.00069385	0.00001647	0.00248591	0.00022107	0.00248832	0.00091162
G[T>G]C	0.00233720	0.00330222	0.00345650	0.00005862	0.00012140	0.00005673	0.00076019	0.00584424	0.00010483	0.00012431	0.00038235	0.00030318	0.00030710	0.00011271	0.00128255	0.00006863	0.00097624	0.00033670
G[T>G]G	0.00574220	0.01721759	0.00096070	0.00189270	0.00022034	0.00040217	0.00194678	0.00142925	0.00020015	0.00695002	0.00284811	0.00121205	0.00083560	0.00089974	0.00570585	0.00406363	0.00210537	0.00271291
G[T>G]T	0.00000102	0.00576555	0.00198005	0.00002627	0.00106054	0.00029095	0.00007754	0.11998405	0.00007263	0.00085867	0.00192037	0.00279969	0.00622900	0.00012334	0.00660893	0.00642358	0.00012210	0.00092988
T[C>A]A	0.00028276	0.00126815	0.04177687	0.04215779	0.00026484	0.00000576	0.00106928	0.00004915	0.00061908	0.08561682	0.00229506	0.00117774	0.00031271	0.07754398	0.00140700	0.01031206	0.00337789	0.00179960
T[C>A]C	0.00602644	0.01675356	0.02643530	0.05291040	0.00046305	0.00275341	0.00183683	0.00014121	0.00014111	0.04850932	0.00341455	0.00225897	0.00061566	0.03115433	0.01322558	0.00786092	0.00130456	0.00001066
T[C>A]G	0.00371769	0.00010466	0.00361662	0.01247106	0.00000306	0.00041033	0.00022340	0.00005563	0.00000145	0.01538424	0.00016834	0.00003602	0.00013254	0.01099933	0.00001407	0.00012774	0.00028260	0.00002039
T[C>A]T	0.00749903	0.00391532	0.03004258	0.03796969	0.00031313	0.00161108	0.00107766	0.00270052	0.00110121	0.15636200	0.00089474	0.01830861	0.00078006	0.03573916	0.00353107	0.00094117	0.00763797	0.00452479
T[C>G]A	0.00173675	0.01404239	0.00030705	0.00146049	0.00000000	0.00006254	0.00961555	0.00015283	0.00001544	0.00153280	0.00002968	0.00122327	0.00310117	0.30046835	0.00077208	0.00347272	0.00556205	0.00155135
T[C>G]C	0.00453329	0.03007166	0.01309984	0.00550324	0.00000150	0.00055153	0.00551114	0.00000579	0.00002799	0.00346640	0.00144617	0.00126410	0.00069975	0.06603767	0.00423872	0.00037975	0.00227131	0.00647872
T[C>G]G	0.00257525	0.00007969	0.00227551	0.00226782	0.00000000	0.00003185	0.00120454	0.00002002	0.00004979	0.00104792	0.00027906	0.00031043	0.00049766	0.01425319	0.00000000	0.00090117	0.00018665	0.00009643
T[C>G]T	0.00268666	0.02658834	0.01214732	0.00057068	0.00042796	0.00220106	0.01230220	0.00131479	0.00005348	0.00011840	0.00006557	0.00227325	0.00037360	0.38911700	0.01205593	0.00025353	0.01066058	0.00501365
T[C>T]A	0.00166241	0.00023311	0.03933653	0.00242525	0.12231490	0.00126735	0.01181841	0.00001144	0.57934617	0.00776972	0.00005623	0.00067316	0.00021058	0.00199529	0.01623781	0.00023934	0.00395290	0.00056897
T[C>T]C	0.00000000	0.00123800	0.01737545	0.00671267	0.46271097	0.00000000	0.00947603	0.00007391	0.07161532	0.00002910	0.15028768	0.00009923	0.00000465	0.00273836	0.01448235	0.08524855	0.00416828	0.00032552
T[C>T]G	0.02366610	0.00000294	0.00000000	0.00000000	0.09530585	0.09981260	0.00143822	0.00336750	0.04425134	0.01259010	0.05474786	0.00085375	0.00052495	0.00083305	0.00000045	0.00608047	0.00002939	0.00389071
T[C>T]T	0.00674803	0.00156368	0.02505547	0.00670312	0.02602061	0.00001345	0.05072380	0.00036353	0.27680531	0.00004114	0.11615481	0.00251508	0.00127580	0.00132533	0.00021255	0.03958067	0.02384550	0.00610561
T[T>A]A	0.00254601	0.00052944	0.00551562	0.00167330	0.00015197	0.00755032	0.00800018	0.00070652	0.00003482	0.01026732	0.00221412	0.00586482	0.00061822	0.00039899	0.02185408	0.01463127	0.05918740	0.07490200
T[T>A]C	0.00037638	0.01073261	0.01339618	0.00140980	0.00024488	0.00013530	0.00660659	0.00024217	0.00016851	0.00164588	0.00214277	0.00001848	0.00528850	0.00050466	0.03682001	0.00118613	0.02216172	0.00584996
T[T>A]G	0.00594996	0.00358805	0.00615800	0.00573746	0.00000000	0.00033055	0.00285636	0.00001125	0.00000321	0.00071982	0.00141775	0.00067029	0.00133084	0.00005889	0.01360175	0.00455011	0.04173733	0.00485179
T[T>A]T	0.00097831	0.00073695	0.02029160	0.00346204	0.00030277	0.00188037	0.00534953	0.00135523	0.00126903	0.00163263	0.00012019	0.01254593	0.00226679	0.00010175	0.26601817	0.02603052	0.01497413	0.00375997
T[T>C]A	0.00658386	0.01070103	0.00293472	0.00084724	0.00227212	0.00023758	0.07003929	0.00067261	0.00058337	0.00009570	0.00520290	0.02122585	0.00108964	0.00000198	0.03731800	0.06633130	0.00710078	0.02867256
T[T>C]C	0.00318172	0.00756688	0.00554106	0.00000462	0.00063331	0.00466131	0.03807709	0.00098806	0.00001328	0.00546093	0.00141420	0.01052875	0.01425598	0.00016010	0.02501249	0.01247439	0.00003537	0.01123063
T[T>C]G	0.01164698	0.00458764	0.00348869	0.00104173	0.00008913	0.00054049	0.03473626	0.00105664	0.00004421	0.00266196	0.00397830	0.01796784	0.00201217	0.00000995	0.01513280	0.02086886	0.00379882	0.01242195
T[T>C]T	0.01441470	0.00879067	0.00000000	0.00004258	0.00088918	0.00544016	0.05196602	0.00042606	0.00023609	0.00045161	0.00317362	0.03186639	0.01940047	0.00040102	0.09250136	0.03370299	0.00015060	0.01185840
T[T>G]A	0.00445585	0.00882013	0.00812513	0.00001360	0.00013999	0.00011893	0.00403913	0.00000000	0.00004805	0.00001457	0.00040914	0.00000554	0.00000030	0.00028357	0.02215292	0.00059518	0.00245876	0.05673308
T[T>G]C	0.00683413	0.00724951	0.01805165	0.00000000	0.00003160	0.00061806	0.00395978	0.00876736	0.00015800	0.00114802	0.00122494	0.00067149	0.00003726	0.00009378	0.01699155	0.00077580	0.00093144	0.03367640
T[T>G]G	0.00896343	0.01219244	0.01126852	0.00177792	0.00001064	0.00074060	0.00296284	0.00440619	0.00006681	0.00081139	0.00085194	0.00232292	0.00162733	0.00000292	0.00855655	0.00075980	0.00478644	0.02123224
T[T>G]T	0.00184564	0.00781683	0.01535618	0.00017165	0.00001754	0.00076936	0.00453960	0.11897004	0.00012671	0.00050820	0.00026905	0.00803223	0.00587681	0.00000000	0.01608599	0.00082214	0.00031833	0.35821341
