MutationsType	SBS96A	SBS96B	SBS96C	SBS96D	SBS96E	SBS96F	SBS96G	SBS96H	SBS96I	SBS96J	SBS96K	SBS96L	SBS96M	SBS96N	SBS96O	SBS96P	SBS96Q
A[C>A]A	0.00789403	0.04256938	0.02214366	0.04921619	0.00002411	0.00066592	0.00062697	0.00007456	0.00139032	0.05438517	0.00039956	0.00225813	0.00100704	0.00439570	0.00416234	0.00022561	0.00066936
A[C>A]C	0.00882064	0.01445377	0.02274548	0.03948031	0.00011692	0.00186452	0.00013021	0.00064966	0.00038791	0.01577122	0.00064261	0.00129483	0.00066834	0.00022823	0.00266524	0.00067650	0.00085127
A[C>A]G	0.00255587	0.00289782	0.00044320	0.01828111	0.00002713	0.00009612	0.00011676	0.00024042	0.00012407	0.00076399	0.00003604	0.00013077	0.00013004	0.00010156	0.00073035	0.00026887	0.00003250
A[C>A]T	0.00314763	0.01874482	0.01355887	0.03533430	0.00021663	0.00102149	0.00014770	0.00029715	0.00056216	0.02185177	0.00662679	0.00017312	0.00025415	0.00104194	0.00473009	0.00389405	0.00304025
A[C>G]A	0.00778720	0.01496185	0.03057088	0.00683279	0.00005169	0.00239828	0.00025207	0.00026184	0.00000139	0.00102579	0.00494264	0.00068094	0.00342402	0.00063716	0.00639363	0.00148648	0.00498328
A[C>G]C	0.00348682	0.01180187	0.01856601	0.00257369	0.00000658	0.00091138	0.00005091	0.00008459	0.00004404	0.00358943	0.00173360	0.00049755	0.00091893	0.00046412	0.00198791	0.00278546	0.00386169
A[C>G]G	0.00149279	0.00406676	0.00000000	0.00130720	0.00001556	0.00002892	0.00007720	0.00000198	0.00060624	0.00224850	0.00049574	0.00043743	0.00033910	0.00028228	0.00068974	0.00073126	0.00141794
A[C>G]T	0.00632458	0.02181978	0.02513654	0.00300770	0.00003356	0.00184316	0.00008881	0.00035416	0.00008500	0.00537055	0.00517349	0.00022544	0.00417834	0.00210720	0.00479426	0.00394002	0.00580278
A[C>T]A	0.03099838	0.03045646	0.01133317	0.00769810	0.00000373	0.02576387	0.00182593	0.00087994	0.00114182	0.00677896	0.09178315	0.00247291	0.00868065	0.00151731	0.02173219	0.00380550	0.00694801
A[C>T]C	0.01533500	0.01635184	0.01484117	0.00361962	0.02226918	0.00627530	0.00016004	0.00170514	0.03856186	0.00445753	0.02156817	0.00256689	0.00029830	0.00757407	0.00733786	0.00248949	0.00182085
A[C>T]G	0.00013906	0.00521113	0.00895732	0.00217838	0.00000895	0.36710672	0.00741528	0.00003943	0.00117365	0.00236154	0.00000000	0.00019640	0.00007903	0.00023368	0.00031234	0.00175342	0.00097256
A[C>T]T	0.01998359	0.02632994	0.01280094	0.00274000	0.00868520	0.01044592	0.00078238	0.00370608	0.01264571	0.00937422	0.03035551	0.00119346	0.00059339	0.00735069	0.01167012	0.02547214	0.00649110
A[T>A]A	0.00780439	0.00963216	0.00213880	0.00428151	0.00248862	0.00125794	0.00002070	0.00021034	0.00213968	0.00124597	0.00515703	0.00095462	0.00001717	0.01345504	0.04845254	0.00046542	0.00261413
A[T>A]C	0.00835276	0.00507121	0.00962129	0.00325558	0.00043353	0.00344375	0.00021778	0.00120975	0.00052792	0.00063800	0.00288317	0.00066717	0.00041083	0.00314979	0.00887566	0.00159421	0.00162154
A[T>A]G	0.00912000	0.00982236	0.01030485	0.00828107	0.00063796	0.00170018	0.00011017	0.00014852	0.00165928	0.00169069	0.00204559	0.00019026	0.00108925	0.00017136	0.04669417	0.00304718	0.00111540
A[T>A]T	0.00102335	0.00636214	0.00066360	0.00414384	0.00398746	0.00023296	0.00048791	0.00007473	0.00824395	0.00383863	0.02981611	0.00108904	0.00086655	0.06596904	0.00055695	0.03152691	0.04523930
A[T>C]A	0.08581166	0.03147546	0.01411696	0.00517287	0.00033349	0.00248679	0.00017716	0.00097407	0.00072229	0.00145274	0.02341841	0.00020039	0.00221133	0.00055329	0.04484882	0.00556996	0.00123466
A[T>C]C	0.02847457	0.01051876	0.00842629	0.00004814	0.00007961	0.00340439	0.00011814	0.00055499	0.00022383	0.00271332	0.00395031	0.01201088	0.00028009	0.00046090	0.00405601	0.00533665	0.00048179
A[T>C]G	0.06903718	0.02585663	0.01036971	0.00423846	0.00002176	0.00033067	0.00000731	0.00075019	0.00120319	0.00370431	0.03453342	0.00089908	0.00057674	0.00032421	0.01932835	0.01061899	0.00030152
A[T>C]T	0.06571543	0.02934578	0.02014220	0.00031653	0.00065063	0.00637806	0.00020849	0.00084852	0.00211289	0.00681300	0.00408239	0.00931586	0.00216003	0.00261859	0.01570951	0.04855220	0.00517445
A[T>G]A	0.00317432	0.01177545	0.00435816	0.00082988	0.00043483	0.00003219	0.00146609	0.00058491	0.00003287	0.00066088	0.00060866	0.00072166	0.00001990	0.01116874	0.00216894	0.00353849	0.00900331
A[T>G]C	0.00117123	0.01175867	0.00263490	0.00011646	0.00017202	0.00037398	0.00473092	0.00018030	0.00101306	0.00064488	0.00029727	0.00053651	0.00000000	0.00061206	0.00037397	0.00290096	0.01024158
A[T>G]G	0.00720865	0.01362079	0.00849360	0.00074179	0.00020562	0.00085775	0.00104277	0.00025354	0.00153512	0.00298355	0.00146467	0.00089322	0.00001795	0.00047469	0.00675433	0.00956509	0.00663067
A[T>G]T	0.00002364	0.02770003	0.00077917	0.00001204	0.00032175	0.00001379	0.06586783	0.00000046	0.00021972	0.00022481	0.00116010	0.01200717	0.00015688	0.00004937	0.00027605	0.01272025	0.05697238
C[C>A]A	0.00029973	0.01416816	0.02391016	0.09325604	0.00056630	0.00002269	0.00019008	0.00006045	0.00108883	0.08029322	0.00000003	0.00004343	0.00137069	0.00007393	0.00080181	0.01340788	0.00439806
C[C>A]C	0.00058413	0.00344481	0.02509364	0.09812623	0.00015621	0.00195942	0.00004847	0.00032230	0.00092722	0.00837715	0.02694828	0.00141826	0.00056481	0.00166334	0.00412691	0.00315883	0.00028529
C[C>A]G	0.00369889	0.00026540	0.00023843	0.02902809	0.00000968	0.00011830	0.00004326	0.00000000	0.00035194	0.01187446	0.00391476	0.00024770	0.00000019	0.00142379	0.00168808	0.00022897	0.00000398
C[C>A]T	0.00012466	0.00588383	0.00404759	0.08785629	0.00014842	0.00028419	0.00000478	0.00024965	0.00127496	0.02556337	0.07933577	0.00001613	0.00000000	0.01247785	0.00036229	0.00000495	0.00001023
C[C>G]A	0.00481158	0.00593933	0.02997336	0.00899441	0.00000889	0.00020984	0.00012929	0.00004310	0.00038459	0.00000125	0.00120008	0.00077919	0.00625047	0.00001939	0.00351150	0.00154764	0.00035273
C[C>G]C	0.00766955	0.01255588	0.02116972	0.00779229	0.00000855	0.00053785	0.00008735	0.00041652	0.00111699	0.00309390	0.00175570	0.00003606	0.00062224	0.00169627	0.00545667	0.00049381	0.00015593
C[C>G]G	0.00267462	0.00202128	0.00174333	0.00335756	0.00001832	0.00046827	0.00000017	0.00028183	0.00073301	0.00455931	0.00032766	0.00049134	0.00007760	0.00020383	0.00278753	0.00129712	0.00006991
C[C>G]T	0.00656937	0.01818231	0.03344616	0.00715311	0.00006102	0.00002682	0.00003016	0.00003408	0.00061821	0.00366062	0.00165462	0.00003167	0.00671197	0.00449797	0.00246679	0.00080868	0.00305511
C[C>T]A	0.01068426	0.02389640	0.01500629	0.01403528	0.06125628	0.00332938	0.00049842	0.00066955	0.11657320	0.00749969	0.00487826	0.00159235	0.00000727	0.00510249	0.00438661	0.04561091	0.00574305
C[C>T]C	0.00942388	0.01446036	0.01773269	0.01196248	0.06206249	0.00020426	0.00013263	0.00000192	0.20298708	0.00236465	0.00507439	0.00190462	0.00005034	0.00552026	0.00587616	0.00052377	0.00034147
C[C>T]G	0.01305365	0.00399379	0.00438811	0.00240480	0.00636189	0.18564250	0.00732020	0.00435916	0.02650513	0.01770279	0.01734668	0.00239998	0.00263558	0.00929484	0.01112795	0.00412340	0.01510919
C[C>T]T	0.01352247	0.02234407	0.02583263	0.01843591	0.06905052	0.00031716	0.00020913	0.00051356	0.13973268	0.00165188	0.00743581	0.00220730	0.00076655	0.02551797	0.00832343	0.00577189	0.00165902
C[T>A]A	0.00180387	0.00002471	0.00471914	0.00423569	0.00020823	0.00007032	0.00002113	0.00011996	0.00051591	0.00020395	0.00046532	0.00011992	0.00014859	0.00338524	0.08415359	0.00174574	0.00018882
C[T>A]C	0.00224726	0.00531836	0.01905986	0.00635262	0.00003400	0.00006447	0.00178160	0.00045453	0.00061081	0.00182455	0.00275363	0.03890096	0.00021142	0.01428204	0.04991310	0.00009780	0.00043178
C[T>A]G	0.00137732	0.00098446	0.00733789	0.02014836	0.00005765	0.00075316	0.00035057	0.00010496	0.00024984	0.00014140	0.00074290	0.01138253	0.00035023	0.00023116	0.13070799	0.00175335	0.00083857
C[T>A]T	0.00000000	0.00655392	0.00997565	0.00800281	0.00030909	0.00000463	0.00712726	0.00018498	0.00000000	0.00071683	0.00001335	0.07278463	0.00045523	0.04708162	0.04267117	0.00002183	0.00012807
C[T>C]A	0.02725106	0.01483654	0.00833469	0.00506886	0.00056189	0.00017518	0.00030660	0.00007869	0.00095099	0.00000776	0.01306873	0.01090105	0.00014635	0.00774383	0.00574551	0.01059935	0.00317130
C[T>C]C	0.01907737	0.00585047	0.01238713	0.00177471	0.00021260	0.00260772	0.00189105	0.00002333	0.00054257	0.00279551	0.00191758	0.17634315	0.00002174	0.00008236	0.00110394	0.00052050	0.00324544
C[T>C]G	0.03322431	0.01174040	0.00586003	0.00523778	0.00000000	0.00049996	0.00177647	0.00037232	0.00031096	0.00000000	0.03325504	0.09474762	0.00018461	0.00047281	0.00923954	0.00206071	0.00133263
C[T>C]T	0.01790173	0.00060417	0.00099297	0.00052717	0.00167045	0.00004761	0.00840854	0.00039001	0.00765257	0.00393769	0.00541526	0.41639385	0.00012451	0.02643724	0.00231837	0.03108292	0.00078259
C[T>G]A	0.00201148	0.00359888	0.00696356	0.00036159	0.00007790	0.00004209	0.00205280	0.00002968	0.00037180	0.00014942	0.00069859	0.00035112	0.00007035	0.00340080	0.00412453	0.00099877	0.01098724
C[T>G]C	0.00301362	0.00549492	0.01009629	0.00004964	0.00001222	0.00042742	0.03101636	0.00036474	0.00089664	0.00252232	0.00299513	0.00166688	0.00015649	0.00553346	0.00197161	0.00014635	0.01155711
C[T>G]G	0.00437039	0.00550832	0.01614311	0.00271099	0.00000403	0.00038376	0.01364438	0.00002198	0.00108558	0.00331280	0.00409581	0.00033470	0.00023120	0.00130046	0.00873033	0.00023929	0.00601289
C[T>G]T	0.00309076	0.00032601	0.00096422	0.00075343	0.00000000	0.00079280	0.54736292	0.00000000	0.00005085	0.00198342	0.00006729	0.00152138	0.00000000	0.00154344	0.00298856	0.00001303	0.01175917
G[C>A]A	0.00724725	0.01336759	0.00511401	0.02805075	0.00000000	0.00119568	0.00121961	0.00037567	0.00031160	0.14085332	0.00100879	0.00239914	0.00043484	0.00014101	0.00518803	0.00023749	0.00566850
G[C>A]C	0.01020710	0.01006223	0.01115336	0.04415296	0.00018086	0.00040039	0.00000995	0.00020960	0.00000254	0.01646891	0.00430096	0.00080345	0.00023426	0.00002849	0.00383911	0.00017145	0.00012077
G[C>A]G	0.00327764	0.00199915	0.00004571	0.01794796	0.00001115	0.00079390	0.00009254	0.00009192	0.00001967	0.00778449	0.00036084	0.00020818	0.00006857	0.00000303	0.00092811	0.00006259	0.00057012
G[C>A]T	0.00453218	0.00963011	0.01037966	0.01952453	0.00000000	0.00003241	0.00029938	0.00000000	0.00000000	0.08035691	0.01044159	0.00002540	0.00018890	0.00004338	0.00126758	0.00007432	0.00352375
G[C>G]A	0.00296668	0.00370504	0.01977983	0.00608277	0.00001273	0.00021308	0.00004065	0.00003079	0.00001731	0.00043823	0.00088858	0.00107861	0.00142847	0.00010313	0.00289366	0.00035065	0.00109321
G[C>G]C	0.00374591	0.00622256	0.01309534	0.00670377	0.00000576	0.00074686	0.00001868	0.00015154	0.00033527	0.00059231	0.00216113	0.00133888	0.00046933	0.00064103	0.00390319	0.00018136	0.00284462
G[C>G]G	0.00112273	0.00095782	0.00340476	0.00389647	0.00001614	0.00028382	0.00004270	0.00002940	0.00039275	0.00029254	0.00037274	0.00008933	0.00026299	0.00016527	0.00087669	0.00046614	0.00011996
G[C>G]T	0.00563489	0.00649586	0.02264401	0.00281855	0.00000216	0.00030869	0.00000166	0.00015947	0.00028326	0.00106953	0.00252126	0.00060378	0.00290651	0.00127984	0.00451749	0.00109500	0.00208769
G[C>T]A	0.01672868	0.01692281	0.01851364	0.00263556	0.00008129	0.00427025	0.00032326	0.00012415	0.00017544	0.00731031	0.08393240	0.00250187	0.00781513	0.00003382	0.00926314	0.00093711	0.00603789
G[C>T]C	0.01801832	0.01240989	0.01285550	0.00284071	0.01319693	0.00157838	0.00010764	0.00174470	0.02821978	0.00523779	0.07472436	0.00003915	0.00042739	0.00048470	0.01118612	0.00105516	0.00743973
G[C>T]G	0.00610653	0.00000000	0.00000000	0.00000146	0.00000000	0.21265079	0.00778069	0.00000000	0.00329775	0.01676609	0.05460113	0.00136337	0.00210968	0.00000000	0.00308609	0.00005347	0.01686805
G[C>T]T	0.01336950	0.01691375	0.00801566	0.00235330	0.02256268	0.00083240	0.00001630	0.00051278	0.00501505	0.00345374	0.06672616	0.00090823	0.00217824	0.00148016	0.00980410	0.03840197	0.00487592
G[T>A]A	0.00266055	0.00206978	0.00769810	0.00605628	0.00040141	0.00006668	0.00015138	0.00039160	0.00032847	0.00109368	0.00180731	0.00012158	0.00000311	0.00168101	0.03314323	0.00002584	0.00110775
G[T>A]C	0.00189406	0.00292871	0.01059618	0.00266101	0.00025435	0.00003542	0.00029464	0.00016539	0.00006418	0.00204556	0.00263047	0.00297954	0.00021751	0.00270380	0.00888801	0.00018419	0.00094074
G[T>A]G	0.00257502	0.00250078	0.01521057	0.01325742	0.00025701	0.00011851	0.00020475	0.00015456	0.00046278	0.00043408	0.00272714	0.00055764	0.00006421	0.00001793	0.02216701	0.00122437	0.00078710
G[T>A]T	0.00047464	0.00349275	0.01592166	0.00526768	0.00034618	0.00015154	0.00151885	0.00009450	0.00011651	0.00281718	0.00351983	0.00492200	0.00063718	0.02075292	0.00508809	0.00760836	0.00096204
G[T>C]A	0.03661695	0.00488435	0.01073593	0.00276428	0.00010767	0.00025852	0.00004045	0.00005331	0.00001899	0.00005373	0.02159756	0.00035720	0.00012868	0.00000328	0.00346734	0.00170313	0.00141865
G[T>C]C	0.01775270	0.00511333	0.00689807	0.00051971	0.00010630	0.00197867	0.00090792	0.00004772	0.00005239	0.00281180	0.00134136	0.01413122	0.00026054	0.00018115	0.00388883	0.00227133	0.00144574
G[T>C]G	0.02975365	0.00447811	0.01274233	0.00182485	0.00002122	0.00133243	0.00119583	0.00008655	0.00038613	0.00497277	0.01788406	0.00371440	0.00024248	0.00026623	0.00576076	0.00305232	0.00128560
G[T>C]T	0.01671919	0.00218923	0.00218995	0.00003406	0.00059631	0.00008038	0.00064223	0.00039283	0.00772243	0.00229903	0.00915090	0.00452362	0.00000000	0.00696665	0.00216103	0.27196762	0.00224173
G[T>G]A	0.00233475	0.00301642	0.00699713	0.00022596	0.00005758	0.00020062	0.00036122	0.00012400	0.00022068	0.00081585	0.00054971	0.00071959	0.00004737	0.00247752	0.00250395	0.00023565	0.00094123
G[T>G]C	0.00138877	0.00356095	0.00320799	0.00008978	0.00011690	0.00011185	0.00581764	0.00012144	0.00035615	0.00017136	0.00040913	0.00031048	0.00016125	0.00128099	0.00135115	0.00010319	0.00025846
G[T>G]G	0.00362038	0.00330908	0.01664058	0.00171726	0.00023250	0.00057101	0.00144923	0.00018147	0.00285237	0.00708023	0.00137374	0.00071256	0.00118614	0.00560678	0.00304473	0.00389094	0.00193863
G[T>G]T	0.00002497	0.00206300	0.00544519	0.00002383	0.00107854	0.00029448	0.11970430	0.00002895	0.00186426	0.00093231	0.00272952	0.00608732	0.00013257	0.00647372	0.00013173	0.00647185	0.00091559
T[C>A]A	0.00009749	0.03478906	0.00080368	0.04127113	0.00042043	0.00000000	0.00003047	0.00039405	0.00200237	0.08413672	0.00095237	0.00016488	0.07689532	0.00135235	0.00285185	0.01122010	0.00270015
T[C>A]C	0.00345600	0.02486398	0.01549007	0.05213357	0.00048448	0.00249762	0.00016503	0.00014611	0.00331169	0.04700353	0.00243566	0.00069019	0.03119462	0.01247325	0.00201377	0.00840451	0.00025269
T[C>A]G	0.00196165	0.00328123	0.00010447	0.01219248	0.00000864	0.00062860	0.00002794	0.00002418	0.00017545	0.01500635	0.00006431	0.00009531	0.01109495	0.00000000	0.00118529	0.00017581	0.00002771
T[C>A]T	0.00277559	0.02634573	0.00355173	0.03571629	0.00046813	0.00202427	0.00271870	0.00099621	0.00079609	0.15496353	0.01769941	0.00083309	0.03509271	0.00330510	0.00964837	0.00094756	0.00451636
T[C>G]A	0.00350249	0.00077408	0.01277304	0.00151436	0.00000000	0.00004867	0.00014695	0.00006298	0.00009186	0.00179913	0.00146042	0.00326940	0.29865716	0.00105561	0.00578232	0.00378326	0.00155039
T[C>G]C	0.00415493	0.01489436	0.02855501	0.00543465	0.00000568	0.00033632	0.00000106	0.00003634	0.00136400	0.00355560	0.00141684	0.00059162	0.06553284	0.00443044	0.00242211	0.00093865	0.00603121
T[C>G]G	0.00182982	0.00207112	0.00008147	0.00224251	0.00000137	0.00011727	0.00002785	0.00008664	0.00027962	0.00118118	0.00039618	0.00044543	0.01414716	0.00000252	0.00070677	0.00102559	0.00007351
T[C>G]T	0.00826206	0.01147077	0.02414072	0.00058490	0.00042379	0.00212502	0.00136028	0.00002538	0.00009470	0.00016145	0.00259012	0.00050998	0.38634626	0.01250694	0.00961170	0.00721781	0.00489646
T[C>T]A	0.00537952	0.02990980	0.00020485	0.00264028	0.14227142	0.00127860	0.00002218	0.55380005	0.00005046	0.00839097	0.00015324	0.00015418	0.00215618	0.01703313	0.00329224	0.00021828	0.00106573
T[C>T]C	0.00000000	0.01159891	0.00028761	0.00692951	0.44588827	0.00001458	0.00002802	0.07675747	0.16282703	0.00007606	0.00008565	0.00001473	0.00214970	0.01448520	0.00171681	0.08720805	0.00251048
T[C>T]G	0.01153616	0.00000000	0.00018934	0.00000000	0.09294518	0.10102481	0.00384367	0.04287563	0.05811381	0.01329101	0.00250257	0.00055279	0.00121353	0.00000000	0.00469989	0.00189199	0.00835992
T[C>T]T	0.01018981	0.02170658	0.00173595	0.00726111	0.02837804	0.00001107	0.00038326	0.29376464	0.11632550	0.00000015	0.00287969	0.00146594	0.00235470	0.00125244	0.00783615	0.03847725	0.01414898
T[T>A]A	0.00285799	0.00308245	0.00211345	0.00236895	0.00016333	0.00755656	0.00080933	0.00002459	0.00211799	0.01051048	0.00693854	0.00052672	0.00038683	0.02449462	0.05079670	0.01335083	0.07403747
T[T>A]C	0.00310749	0.01178731	0.01106463	0.00225620	0.00028467	0.00009177	0.00021409	0.00016153	0.00185370	0.00157469	0.00016534	0.00529047	0.00044727	0.03774765	0.01556172	0.00133537	0.00585360
T[T>A]G	0.00390766	0.00580215	0.00464199	0.00643819	0.00000320	0.00046384	0.00000409	0.00000092	0.00144245	0.00077135	0.00097203	0.00136643	0.00009393	0.01362472	0.03593229	0.00442984	0.00464970
T[T>A]T	0.00204925	0.01524596	0.00158233	0.00397315	0.00035462	0.00219543	0.00134472	0.00137398	0.00020258	0.00169551	0.01335635	0.00231610	0.00004839	0.25722799	0.01147031	0.02616025	0.00562350
T[T>C]A	0.04119818	0.00185626	0.01366820	0.00113809	0.00240125	0.00008846	0.00067753	0.00016560	0.00404333	0.00002742	0.02002172	0.00087157	0.00000000	0.04103503	0.00558600	0.06988874	0.02932715
T[T>C]C	0.02276589	0.00481957	0.00870084	0.00001277	0.00060636	0.00432727	0.00097358	0.00000262	0.00121445	0.00496120	0.00972000	0.01416879	0.00006649	0.02631942	0.00012683	0.01355017	0.01212625
T[T>C]G	0.02494463	0.00374333	0.00575813	0.00105701	0.00008939	0.00034432	0.00107776	0.00006646	0.00350259	0.00276923	0.01719958	0.00190812	0.00000739	0.01625255	0.00539264	0.02176763	0.01279009
T[T>C]T	0.03619150	0.00017498	0.01065714	0.00005657	0.00089028	0.00500413	0.00048507	0.00016172	0.00294952	0.00056177	0.03104858	0.01928902	0.00047368	0.09325458	0.00224813	0.03511050	0.01078754
T[T>G]A	0.00337535	0.00749505	0.00881147	0.00004093	0.00011884	0.00027068	0.00000170	0.00010287	0.00046316	0.00004414	0.00045397	0.00000169	0.00028332	0.02273465	0.00296838	0.00011126	0.05571070
T[T>G]C	0.00488063	0.01647739	0.00701558	0.00000016	0.00003029	0.00069227	0.00872994	0.00022077	0.00118786	0.00139957	0.00086797	0.00001166	0.00020936	0.01716852	0.00185019	0.00054561	0.03456481
T[T>G]G	0.00510904	0.01194202	0.01191227	0.00177917	0.00000256	0.00111785	0.00452371	0.00010583	0.00093336	0.00081172	0.00268183	0.00141926	0.00000640	0.00865516	0.00623313	0.00057233	0.01988571
T[T>G]T	0.00432514	0.00697298	0.00830744	0.00017338	0.00003095	0.00130998	0.11959844	0.00018853	0.00025036	0.00032807	0.00764182	0.00531654	0.00000000	0.01684491	0.00183190	0.00062057	0.36387446
