MutationsType	SBS96A	SBS96B	SBS96C	SBS96D	SBS96E	SBS96F	SBS96G	SBS96H	SBS96I	SBS96J	SBS96K	SBS96L	SBS96M	SBS96N	SBS96O	SBS96P	SBS96Q
A[C>A]A	0.00005039	0.00143223	0.00010565	0.04947424	0.00819913	0.04169346	0.02215053	0.00036425	0.00068482	0.00062478	0.05439858	0.00411087	0.00221432	0.00056661	0.00094597	0.00341709	0.00076267
A[C>A]C	0.00009898	0.00038030	0.00068213	0.03974552	0.00913530	0.01370740	0.02250031	0.00061814	0.00180773	0.00009084	0.01577566	0.00008024	0.00140604	0.00102165	0.00067134	0.00205693	0.00173448
A[C>A]G	0.00002698	0.00011684	0.00023739	0.01835772	0.00262494	0.00267617	0.00043340	0.00001748	0.00009911	0.00011762	0.00078949	0.00004256	0.00010652	0.00036242	0.00011070	0.00059132	0.00006647
A[C>A]T	0.00025126	0.00066069	0.00026941	0.03535657	0.00342034	0.01830464	0.01347600	0.00672477	0.00103500	0.00012954	0.02179145	0.00079081	0.00017966	0.00382024	0.00024619	0.00420996	0.00371563
A[C>G]A	0.00006515	0.00005841	0.00020766	0.00668997	0.00813382	0.01510958	0.03029368	0.00484469	0.00240469	0.00023687	0.00087085	0.00075690	0.00064189	0.00182343	0.00347632	0.00624877	0.00484446
A[C>G]C	0.00000590	0.00013219	0.00013421	0.00253755	0.00359820	0.01179936	0.01836739	0.00173177	0.00091376	0.00006376	0.00355621	0.00068266	0.00051335	0.00270898	0.00091876	0.00168864	0.00382294
A[C>G]G	0.00002098	0.00063134	0.00000323	0.00132133	0.00153355	0.00403967	0.00000000	0.00049787	0.00002305	0.00005120	0.00228321	0.00032310	0.00045893	0.00065906	0.00030955	0.00060727	0.00122234
A[C>G]T	0.00003417	0.00027536	0.00032160	0.00292217	0.00663183	0.02170481	0.02510155	0.00514316	0.00170510	0.00007202	0.00536294	0.00241494	0.00033641	0.00386461	0.00418896	0.00452771	0.00545931
A[C>T]A	0.00000086	0.00139426	0.00086924	0.00753448	0.03186986	0.03055902	0.01168675	0.09247130	0.02576588	0.00177419	0.00672944	0.00150769	0.00256469	0.00476719	0.00852177	0.02050969	0.00712461
A[C>T]C	0.02301973	0.03749209	0.00164028	0.00365036	0.01606506	0.01645892	0.01509201	0.02171701	0.00614192	0.00012357	0.00428473	0.00709759	0.00254275	0.00255202	0.00024295	0.00641918	0.00175545
A[C>T]G	0.00000515	0.00179775	0.00001891	0.00225284	0.00034647	0.00500782	0.00845507	0.00054486	0.36877991	0.00757407	0.00193131	0.00024904	0.00000035	0.00138776	0.00018214	0.00030577	0.00014745
A[C>T]T	0.00887307	0.01302642	0.00343678	0.00277436	0.02150689	0.02605849	0.01287827	0.03053743	0.01049579	0.00086833	0.00925952	0.00749677	0.00120005	0.02390568	0.00061696	0.01002850	0.00650954
A[T>A]A	0.00256289	0.00209359	0.00019006	0.00418167	0.00792796	0.00963360	0.00219773	0.00511173	0.00122676	0.00001941	0.00120430	0.01312270	0.00103715	0.00086103	0.00001756	0.04868241	0.00206767
A[T>A]C	0.00043236	0.00059317	0.00122848	0.00313886	0.00845675	0.00522092	0.00939386	0.00283691	0.00348422	0.00023351	0.00060091	0.00312992	0.00064703	0.00199995	0.00044269	0.00908609	0.00131716
A[T>A]G	0.00069738	0.00173683	0.00013991	0.00802233	0.00958488	0.00978058	0.01011596	0.00200318	0.00165160	0.00013297	0.00172816	0.00011865	0.00015420	0.00320719	0.00111700	0.04732190	0.00098697
A[T>A]T	0.00398751	0.00864409	0.00006787	0.00423876	0.00117947	0.00656518	0.00070613	0.02932632	0.00021779	0.00054520	0.00381759	0.06962149	0.00111266	0.02939791	0.00087076	0.00078307	0.03582401
A[T>C]A	0.00028782	0.00082447	0.00117303	0.00504271	0.08561492	0.03220041	0.01453366	0.02257003	0.00221478	0.00014569	0.00135083	0.00047164	0.00024517	0.01057399	0.00222014	0.04145903	0.00119703
A[T>C]C	0.00005917	0.00025037	0.00060021	0.00004903	0.02717015	0.01058207	0.00852436	0.00362159	0.00351273	0.00009437	0.00278264	0.00047891	0.01194604	0.00775157	0.00030285	0.00358901	0.00038687
A[T>C]G	0.00000463	0.00126554	0.00086734	0.00429914	0.06768972	0.02585178	0.01085001	0.03419130	0.00037617	0.00000212	0.00370626	0.00026482	0.00089803	0.01508661	0.00054518	0.01705825	0.00038697
A[T>C]T	0.00057595	0.00309449	0.00093306	0.00038929	0.06509197	0.02966998	0.02011096	0.00336262	0.00638282	0.00021887	0.00668826	0.00304727	0.00916478	0.04992279	0.00216021	0.01313061	0.00511430
A[T>G]A	0.00042303	0.00009102	0.00061765	0.00085625	0.00325077	0.01153661	0.00440821	0.00054394	0.00002450	0.00146769	0.00067937	0.01113793	0.00075782	0.00350479	0.00001760	0.00193256	0.00897350
A[T>G]C	0.00019116	0.00107851	0.00017237	0.00013222	0.00128418	0.01152611	0.00275127	0.00029114	0.00039110	0.00464600	0.00062461	0.00052675	0.00052432	0.00271641	0.00000532	0.00022219	0.01168376
A[T>G]G	0.00022355	0.00175517	0.00024091	0.00072008	0.00757779	0.01339361	0.00847495	0.00144376	0.00084721	0.00098849	0.00291654	0.00058680	0.00087906	0.00915521	0.00001485	0.00647423	0.00763074
A[T>G]T	0.00031039	0.00053918	0.00003780	0.00001244	0.00010452	0.02695302	0.00092677	0.00112611	0.00000000	0.06597648	0.00028452	0.00010139	0.01202253	0.01206240	0.00015562	0.00030273	0.06483574
C[C>A]A	0.00052406	0.00167049	0.00011305	0.09350653	0.00035171	0.01396751	0.02371267	0.00000000	0.00001928	0.00020712	0.08071862	0.00013292	0.00004338	0.01246221	0.00130945	0.00095229	0.00501712
C[C>A]C	0.00018961	0.00115611	0.00030445	0.09746227	0.00055899	0.00341566	0.02536574	0.02728972	0.00177212	0.00002230	0.00866243	0.00131060	0.00139419	0.00295425	0.00057378	0.00422962	0.00026692
C[C>A]G	0.00000906	0.00039961	0.00000000	0.02906337	0.00387094	0.00019099	0.00025047	0.00387253	0.00010504	0.00004564	0.01186346	0.00130627	0.00029677	0.00029031	0.00000000	0.00144470	0.00000815
C[C>A]T	0.00016808	0.00137322	0.00032040	0.08811392	0.00000000	0.00537954	0.00433455	0.08029822	0.00000238	0.00000184	0.02572553	0.01157055	0.00001191	0.00000000	0.00000000	0.00043526	0.00010705
C[C>G]A	0.00000278	0.00046435	0.00003557	0.00893033	0.00496805	0.00599528	0.02975660	0.00119041	0.00018799	0.00011880	0.00000000	0.00002586	0.00074736	0.00159987	0.00633464	0.00322147	0.00042561
C[C>G]C	0.00002480	0.00111029	0.00044523	0.00759804	0.00805660	0.01260054	0.02111225	0.00173397	0.00054769	0.00005892	0.00316448	0.00162442	0.00002859	0.00062885	0.00058621	0.00533453	0.00017122
C[C>G]G	0.00002107	0.00073903	0.00032839	0.00342385	0.00277233	0.00208587	0.00172721	0.00032560	0.00044051	0.00000000	0.00451324	0.00020398	0.00048750	0.00133475	0.00005461	0.00266971	0.00003205
C[C>G]T	0.00007621	0.00063824	0.00003835	0.00710694	0.00680703	0.01821323	0.03339147	0.00154993	0.00002424	0.00002510	0.00362471	0.00461616	0.00000334	0.00095602	0.00669726	0.00187790	0.00303107
C[C>T]A	0.06297644	0.11409768	0.00065918	0.01415956	0.01137029	0.02392027	0.01530233	0.00474925	0.00370871	0.00045893	0.00720975	0.00506134	0.00160616	0.04253263	0.00002182	0.00391769	0.00532016
C[C>T]C	0.06433534	0.19715391	0.00000747	0.01209791	0.01013220	0.01430483	0.01817118	0.00501627	0.00017832	0.00014539	0.00251498	0.00532672	0.00170574	0.00101927	0.00003416	0.00614993	0.00049015
C[C>T]G	0.00678121	0.02835197	0.00393387	0.00243688	0.01414345	0.00420340	0.00400066	0.01794441	0.18638660	0.00746305	0.01680917	0.00913274	0.00251183	0.00398827	0.00278913	0.01113701	0.01375941
C[C>T]T	0.07076099	0.13573891	0.00052122	0.01843941	0.01463502	0.02250638	0.02597695	0.00745240	0.00038463	0.00022261	0.00174491	0.02417456	0.00210932	0.00561156	0.00067803	0.00792267	0.00138884
C[T>A]A	0.00021212	0.00061721	0.00015986	0.00404965	0.00192260	0.00007678	0.00464833	0.00054055	0.00006542	0.00002988	0.00016898	0.00333962	0.00013427	0.00183820	0.00011960	0.08478904	0.00012904
C[T>A]C	0.00003748	0.00068505	0.00045849	0.00614684	0.00225226	0.00540104	0.01879213	0.00269945	0.00002275	0.00169531	0.00178249	0.01396382	0.03887077	0.00027123	0.00019079	0.05073804	0.00065365
C[T>A]G	0.00008647	0.00040569	0.00012681	0.01898655	0.00135168	0.00136298	0.00684050	0.00089611	0.00057830	0.00033138	0.00020078	0.00022122	0.01139500	0.00180986	0.00033896	0.13578580	0.00072282
C[T>A]T	0.00038939	0.00000000	0.00023289	0.00775071	0.00000000	0.00631308	0.00971315	0.00001878	0.00000547	0.00704687	0.00089601	0.04547951	0.07253037	0.00002345	0.00042716	0.04451008	0.00012789
C[T>C]A	0.00053392	0.00116744	0.00010099	0.00500694	0.02569422	0.01490168	0.00838342	0.01289502	0.00022486	0.00031772	0.00000273	0.00761000	0.01085790	0.01262292	0.00020048	0.00560521	0.00312393
C[T>C]C	0.00026875	0.00053037	0.00001827	0.00170778	0.01776238	0.00620909	0.01232214	0.00145545	0.00265554	0.00156829	0.00288908	0.00000264	0.17580763	0.00239632	0.00001029	0.00126146	0.00367054
C[T>C]G	0.00000000	0.00040064	0.00042114	0.00533886	0.03225731	0.01194432	0.00608121	0.03300635	0.00053663	0.00165496	0.00000211	0.00027969	0.09418204	0.00442636	0.00021016	0.00840726	0.00119212
C[T>C]T	0.00191256	0.00844020	0.00030071	0.00049837	0.01692576	0.00116389	0.00091635	0.00473932	0.00001720	0.00754305	0.00463752	0.02498674	0.41490553	0.02993209	0.00015619	0.00217298	0.00038121
C[T>G]A	0.00010038	0.00036526	0.00001441	0.00035879	0.00204847	0.00362783	0.00685938	0.00069194	0.00005851	0.00198544	0.00008806	0.00339507	0.00040854	0.00107577	0.00005793	0.00394157	0.01167294
C[T>G]C	0.00003736	0.00095736	0.00035160	0.00004287	0.00325674	0.00549731	0.00999850	0.00300010	0.00050181	0.03091567	0.00236768	0.00541267	0.00176134	0.00021989	0.00015353	0.00169333	0.01324300
C[T>G]G	0.00000733	0.00108247	0.00000521	0.00273277	0.00458088	0.00564524	0.01595713	0.00407205	0.00048924	0.01367254	0.00314729	0.00136643	0.00039082	0.00032007	0.00024907	0.00812210	0.00691600
C[T>G]T	0.00000000	0.00012019	0.00002179	0.00072373	0.00317021	0.00115529	0.00073963	0.00002291	0.00071437	0.54967226	0.00265556	0.00290991	0.00263069	0.00002542	0.00000000	0.00342572	0.01571617
G[C>A]A	0.00000032	0.00054239	0.00034199	0.02871618	0.00777437	0.01311407	0.00516093	0.00106476	0.00105467	0.00127057	0.14041918	0.00015699	0.00250082	0.00030178	0.00044004	0.00474228	0.00636948
G[C>A]C	0.00018345	0.00000471	0.00020585	0.04469570	0.01066715	0.00871822	0.01094800	0.00427750	0.00035162	0.00000637	0.01644730	0.00000000	0.00073635	0.00072520	0.00022187	0.00325543	0.00030234
G[C>A]G	0.00001429	0.00000840	0.00010246	0.01807937	0.00341029	0.00171846	0.00004976	0.00033498	0.00077072	0.00008833	0.00788192	0.00000000	0.00017578	0.00016413	0.00005472	0.00075365	0.00062285
G[C>A]T	0.00000030	0.00000000	0.00000000	0.02013964	0.00495743	0.00905688	0.01036786	0.01057383	0.00000296	0.00034805	0.07985962	0.00010510	0.00000671	0.00043762	0.00017608	0.00093549	0.00392770
G[C>G]A	0.00001179	0.00004650	0.00006911	0.00600034	0.00305192	0.00390255	0.01937747	0.00090838	0.00020515	0.00003526	0.00050162	0.00019302	0.00102300	0.00051007	0.00149677	0.00279419	0.00102642
G[C>G]C	0.00000051	0.00031646	0.00017689	0.00664750	0.00395257	0.00624714	0.01294995	0.00212862	0.00074803	0.00001714	0.00055229	0.00071518	0.00134410	0.00023926	0.00049132	0.00401709	0.00280528
G[C>G]G	0.00001712	0.00043426	0.00002618	0.00385084	0.00118764	0.00099551	0.00338528	0.00030999	0.00034805	0.00003326	0.00029942	0.00008593	0.00008912	0.00053478	0.00022518	0.00084310	0.00006597
G[C>G]T	0.00000027	0.00032641	0.00017500	0.00276172	0.00587628	0.00675396	0.02238752	0.00252893	0.00027638	0.00000003	0.00101909	0.00137960	0.00061812	0.00121363	0.00294566	0.00402453	0.00189022
G[C>T]A	0.00008709	0.00033104	0.00011169	0.00267476	0.01721569	0.01691789	0.01898392	0.08502579	0.00382438	0.00029210	0.00711866	0.00005609	0.00241894	0.00183933	0.00769763	0.00809580	0.00668822
G[C>T]C	0.01369431	0.02739281	0.00167585	0.00290244	0.01900281	0.01259181	0.01322144	0.07536609	0.00152465	0.00010867	0.00484492	0.00048679	0.00002468	0.00146621	0.00032558	0.00985567	0.00673265
G[C>T]G	0.00000471	0.00566567	0.00000069	0.00000990	0.00639152	0.00016076	0.00000000	0.05621791	0.21223244	0.00790328	0.01584696	0.00000257	0.00153266	0.00036370	0.00236830	0.00279298	0.01508774
G[C>T]T	0.02256545	0.00561967	0.00072219	0.00235547	0.01365770	0.01704755	0.00837570	0.06750557	0.00063887	0.00001675	0.00331958	0.00168746	0.00096999	0.03659484	0.00199252	0.00873507	0.00438428
G[T>A]A	0.00040890	0.00035557	0.00043143	0.00596437	0.00271321	0.00213494	0.00761606	0.00181670	0.00005625	0.00015721	0.00111281	0.00173579	0.00010260	0.00016958	0.00000099	0.03294739	0.00105569
G[T>A]C	0.00025050	0.00008220	0.00015999	0.00261922	0.00192915	0.00306924	0.01038240	0.00264136	0.00003395	0.00029733	0.00208737	0.00272548	0.00292495	0.00034678	0.00022026	0.00894233	0.00067948
G[T>A]G	0.00026235	0.00051428	0.00017407	0.01316679	0.00263350	0.00252631	0.01502973	0.00274652	0.00010197	0.00020868	0.00044412	0.00000598	0.00055704	0.00132497	0.00007544	0.02213147	0.00069284
G[T>A]T	0.00034635	0.00025785	0.00013068	0.00521817	0.00050802	0.00351170	0.01574395	0.00359017	0.00014881	0.00155402	0.00282807	0.02014768	0.00491857	0.00738291	0.00060567	0.00545241	0.00083596
G[T>C]A	0.00010870	0.00004376	0.00005664	0.00276374	0.03435290	0.00502393	0.01095588	0.02128994	0.00033436	0.00002422	0.00003708	0.00000009	0.00034799	0.00576298	0.00010719	0.00330198	0.00150669
G[T>C]C	0.00009707	0.00009993	0.00003256	0.00050833	0.01686918	0.00517099	0.00692583	0.00108343	0.00203673	0.00090298	0.00288934	0.00017595	0.01401183	0.00391850	0.00022602	0.00374519	0.00127070
G[T>C]G	0.00004248	0.00038441	0.00007134	0.00183137	0.02863268	0.00473616	0.01276137	0.01785044	0.00133561	0.00117539	0.00506943	0.00030980	0.00359684	0.00557960	0.00021800	0.00514075	0.00129248
G[T>C]T	0.00054536	0.01460256	0.00055222	0.00005090	0.01592999	0.00233319	0.00218863	0.00958667	0.00003869	0.00065875	0.00234197	0.00813547	0.00475395	0.25522964	0.00000000	0.00216629	0.00233480
G[T>G]A	0.00007446	0.00020649	0.00011544	0.00025863	0.00235593	0.00314034	0.00687294	0.00050032	0.00016597	0.00035610	0.00079536	0.00249951	0.00072063	0.00032446	0.00002852	0.00231983	0.00077345
G[T>G]C	0.00013138	0.00033925	0.00012558	0.00006002	0.00150011	0.00360061	0.00312499	0.00041270	0.00010003	0.00586966	0.00015229	0.00128704	0.00031215	0.00009931	0.00014247	0.00129535	0.00034729
G[T>G]G	0.00028058	0.00292230	0.00016792	0.00164946	0.00375421	0.00341327	0.01652846	0.00138539	0.00055075	0.00146183	0.00716156	0.00555580	0.00075884	0.00372126	0.00116770	0.00322048	0.00212094
G[T>G]T	0.00110953	0.00198437	0.00001937	0.00001121	0.00003890	0.00225632	0.00543846	0.00275960	0.00023880	0.12006758	0.00121765	0.00674804	0.00642156	0.00594765	0.00010376	0.00009745	0.00140265
T[C>A]A	0.00038052	0.00233144	0.00052789	0.04158209	0.00022626	0.03419643	0.00104415	0.00109533	0.00001858	0.00003277	0.08439901	0.00150146	0.00020191	0.01063009	0.07675083	0.00262928	0.00410217
T[C>A]C	0.00052952	0.00357686	0.00024879	0.05246810	0.00373867	0.02421666	0.01548023	0.00256745	0.00238683	0.00016329	0.04716727	0.01217299	0.00073513	0.00761284	0.03113458	0.00124407	0.00026032
T[C>A]G	0.00001052	0.00024278	0.00002802	0.01224168	0.00214716	0.00310158	0.00010508	0.00003369	0.00061697	0.00001146	0.01496115	0.00000000	0.00007928	0.00027982	0.01106889	0.00098056	0.00002421
T[C>A]T	0.00044378	0.00105196	0.00108916	0.03579695	0.00317851	0.02652540	0.00375389	0.01821364	0.00180136	0.00280344	0.15550774	0.00333317	0.00080317	0.00110307	0.03509226	0.01056537	0.00424379
T[C>G]A	0.00000000	0.00021990	0.00011682	0.00163485	0.00360663	0.00111401	0.01288339	0.00150460	0.00004901	0.00011383	0.00155894	0.00181124	0.00333011	0.00883854	0.29620554	0.00489031	0.00162216
T[C>G]C	0.00001903	0.00137681	0.00002696	0.00537955	0.00424752	0.01489705	0.02845391	0.00135621	0.00027046	0.00000004	0.00373419	0.00481260	0.00062377	0.00114041	0.06542902	0.00176922	0.00574672
T[C>G]G	0.00000222	0.00029648	0.00007710	0.00222892	0.00185324	0.00208546	0.00010907	0.00039713	0.00011685	0.00002904	0.00117004	0.00000321	0.00044440	0.00121792	0.01410060	0.00055103	0.00006030
T[C>G]T	0.00049466	0.00015406	0.00006649	0.00052866	0.00833121	0.01211608	0.02449584	0.00239122	0.00210116	0.00141431	0.00009654	0.01339440	0.00060641	0.00080546	0.38848806	0.00359952	0.00487804
T[C>T]A	0.13314154	0.00028922	0.55535899	0.00283465	0.00537312	0.03035539	0.00030025	0.00038169	0.00122026	0.00001775	0.00898054	0.01762492	0.00019272	0.00058577	0.00232519	0.00500304	0.00176413
T[C>T]C	0.44603219	0.15513707	0.07850300	0.00711996	0.00000000	0.01352700	0.00053718	0.00026226	0.00000001	0.00003178	0.00006092	0.01372166	0.00000085	0.08082576	0.00191793	0.00448047	0.00085386
T[C>T]G	0.09426295	0.05697542	0.04351969	0.00000000	0.01241187	0.00023631	0.00020965	0.00291777	0.10085882	0.00388026	0.01346386	0.00000000	0.00060758	0.00253200	0.00123688	0.00400591	0.00212904
T[C>T]T	0.02769754	0.11468250	0.28861667	0.00748866	0.01078693	0.02164291	0.00179293	0.00301303	0.00000252	0.00042168	0.00001041	0.00245846	0.00133238	0.03803105	0.00331213	0.02297412	0.00637595
T[T>A]A	0.00014428	0.00257628	0.00001573	0.00203836	0.00313993	0.00372776	0.00190618	0.00588500	0.00786161	0.00085182	0.01022534	0.02886805	0.00050361	0.01248503	0.00036995	0.05299053	0.06361056
T[T>A]C	0.00031637	0.00186841	0.00016305	0.00207904	0.00294488	0.01161776	0.01104668	0.00001888	0.00005960	0.00020836	0.00170528	0.03692124	0.00540438	0.00159094	0.00041579	0.01625431	0.00528408
T[T>A]G	0.00001190	0.00159956	0.00000110	0.00614988	0.00390553	0.00581750	0.00454154	0.00089176	0.00042222	0.00000452	0.00084462	0.01389257	0.00149138	0.00427899	0.00007968	0.03721828	0.00380719
T[T>A]T	0.00061725	0.00069709	0.00140597	0.00418098	0.00234607	0.01370486	0.00206812	0.01350067	0.00216632	0.00144106	0.00188727	0.24799968	0.00262284	0.02484324	0.00005814	0.01118882	0.00608104
T[T>C]A	0.00223414	0.00552871	0.00037433	0.00106328	0.03841181	0.00246041	0.01370256	0.01908864	0.00008772	0.00070184	0.00001505	0.04349206	0.00088604	0.06984713	0.00000374	0.00628236	0.02282301
T[T>C]C	0.00059953	0.00154099	0.00002857	0.00000040	0.02114596	0.00508008	0.00870372	0.00923969	0.00442144	0.00090386	0.00512837	0.02657858	0.01420735	0.01541697	0.00007054	0.00014144	0.01012380
T[T>C]G	0.00009991	0.00389598	0.00010273	0.00090782	0.02373875	0.00408759	0.00580469	0.01694465	0.00038964	0.00107273	0.00272212	0.01679220	0.00191305	0.02317104	0.00000480	0.00599434	0.01060390
T[T>C]T	0.00086920	0.00376175	0.00033785	0.00006249	0.03417198	0.00023414	0.01067103	0.03084551	0.00485871	0.00047304	0.00078462	0.09189788	0.01932618	0.03634422	0.00050033	0.00201934	0.00906837
T[T>G]A	0.00012594	0.00041586	0.00007219	0.00003137	0.00370695	0.00734870	0.00871038	0.00001633	0.00027532	0.00000374	0.00003288	0.02345602	0.00000000	0.00018650	0.00032917	0.00290222	0.05551222
T[T>G]C	0.00003144	0.00115724	0.00017925	0.00000090	0.00519570	0.01623857	0.00704837	0.00073698	0.00070894	0.00870286	0.00132972	0.01716174	0.00001220	0.00077764	0.00027597	0.00163100	0.03555917
T[T>G]G	0.00000859	0.00095443	0.00007714	0.00166820	0.00546075	0.01197666	0.01166081	0.00250697	0.00120322	0.00448774	0.00089062	0.00898302	0.00149513	0.00056083	0.00000360	0.00644906	0.01900704
T[T>G]T	0.00002583	0.00015796	0.00030283	0.00019434	0.00467982	0.00543463	0.00841104	0.00718319	0.00116856	0.11797457	0.00026893	0.01731259	0.00593823	0.00067748	0.00000000	0.00223089	0.39710569
