MutationsType	ID83A	ID83B	ID83C	ID83D	ID83E	ID83F	ID83G	ID83H	ID83I	ID83J
1:Del:C:0	0.00218702	0.00000337	0.00229653	0.02956796	0.08681746	0.00392805	0.02358345	0.37157140	0.01258252	0.00285740
1:Del:C:1	0.00000000	0.00003212	0.00322453	0.01888080	0.23200223	0.00556535	0.00161019	0.09517813	0.00067951	0.00009279
1:Del:C:2	0.00000000	0.00000000	0.00335257	0.00007549	0.21195122	0.00818138	0.00360797	0.00000000	0.00136890	0.00000000
1:Del:C:3	0.00204548	0.00180134	0.00888570	0.00522692	0.07496326	0.00606347	0.00006732	0.01040750	0.00088047	0.00055330
1:Del:C:4	0.00320675	0.00048726	0.00534824	0.00105929	0.04414260	0.00031283	0.00163472	0.01422248	0.00218236	0.00132089
1:Del:C:5	0.01411518	0.00188325	0.01624327	0.00264017	0.02617640	0.00024416	0.00093674	0.00022788	0.00254638	0.00356702
1:Del:T:0	0.00505917	0.00084201	0.10770799	0.03421231	0.02428125	0.07784691	0.00084025	0.11760748	0.00486395	0.01644053
1:Del:T:1	0.00000000	0.00000000	0.00447957	0.01045776	0.00348814	0.35754754	0.00002151	0.00814225	0.01005887	0.00000506
1:Del:T:2	0.00611790	0.00005576	0.12051099	0.00452828	0.00319945	0.07748694	0.00791461	0.09060014	0.00179246	0.00549044
1:Del:T:3	0.01663618	0.00121451	0.10706187	0.00609569	0.00325027	0.07869190	0.01909815	0.11580810	0.00514933	0.01287713
1:Del:T:4	0.03651990	0.00244708	0.13663660	0.00887314	0.00262547	0.02465327	0.01370839	0.10517252	0.00524532	0.01040363
1:Del:T:5	0.84942602	0.00035755	0.01180124	0.00033150	0.00080397	0.00284853	0.00015950	0.01022879	0.00039327	0.06040215
1:Ins:C:0	0.00000000	0.00000000	0.00000026	0.00000012	0.00000014	0.00000006	0.00000002	0.00000022	0.00000011	0.53020249
1:Ins:C:1	0.00018906	0.00000384	0.00748429	0.00197540	0.00488061	0.00340026	0.00140969	0.00000000	0.00002268	0.01445937
1:Ins:C:2	0.00001602	0.00000142	0.00546256	0.00158477	0.00379318	0.00399448	0.00003280	0.00001138	0.00002182	0.00051226
1:Ins:C:3	0.00035213	0.00075227	0.00173443	0.00028663	0.00858440	0.00040111	0.00000000	0.00000377	0.00074122	0.00076949
1:Ins:C:4	0.00242728	0.00119859	0.00501776	0.00097519	0.00820348	0.00000692	0.00020661	0.00008472	0.00047100	0.00074714
1:Ins:C:5	0.00661834	0.01984396	0.03324693	0.01064820	0.00807185	0.00000000	0.00000697	0.00004466	0.00182591	0.00219479
1:Ins:T:0	0.00091129	0.00223829	0.00243156	0.00405509	0.01702281	0.02061272	0.00630663	0.01395298	0.00498524	0.03856686
1:Ins:T:1	0.00000008	0.00000090	0.01064648	0.00366764	0.06411435	0.01237287	0.00018120	0.00566605	0.00022758	0.00290250
1:Ins:T:2	0.00041896	0.00000112	0.02988187	0.00037732	0.05514048	0.01869957	0.00000000	0.00001684	0.00004157	0.00139833
1:Ins:T:3	0.00085119	0.00333104	0.02403641	0.00164326	0.03120629	0.01801779	0.00001873	0.00008084	0.00062408	0.00025424
1:Ins:T:4	0.00273131	0.01405619	0.02687807	0.00438612	0.00820934	0.01272275	0.00037674	0.00210122	0.00261987	0.00487442
1:Ins:T:5	0.00236748	0.91903958	0.03655390	0.02638877	0.00265713	0.00048764	0.00639828	0.00504901	0.01077749	0.16914452
2:Del:R:0	0.00002059	0.00015168	0.01513045	0.00718143	0.00877315	0.02712848	0.00024685	0.01244485	0.09034433	0.00111179
2:Del:R:1	0.00266089	0.00007867	0.01648776	0.00751058	0.01184784	0.01137070	0.00049047	0.00076011	0.19369792	0.00705263
2:Del:R:2	0.00155775	0.00039008	0.00301672	0.00017832	0.01334508	0.00223245	0.00154607	0.00000208	0.04547864	0.00236228
2:Del:R:3	0.00093102	0.00014458	0.00040021	0.00003632	0.00612374	0.00003754	0.00034306	0.00000776	0.01021855	0.00018685
2:Del:R:4	0.00088498	0.00000498	0.00082756	0.00022254	0.00326157	0.00017916	0.00012238	0.00019761	0.00324591	0.00034424
2:Del:R:5	0.00000000	0.00000000	0.01126488	0.00015048	0.00144564	0.02461522	0.00000351	0.00006351	0.00096628	0.00000000
3:Del:R:0	0.00000944	0.00001786	0.01357743	0.01308479	0.00143067	0.01382801	0.00104436	0.00136628	0.00490065	0.00147247
3:Del:R:1	0.00359458	0.00347842	0.01370056	0.00260669	0.00000282	0.00054967	0.00385721	0.00113977	0.10403953	0.00491027
3:Del:R:2	0.00183733	0.00050284	0.00311740	0.00046323	0.00000365	0.00054602	0.00049384	0.00052749	0.01388285	0.00158142
3:Del:R:3	0.00040259	0.00024234	0.00164808	0.00047544	0.00002833	0.00020077	0.00010076	0.00024609	0.00367543	0.00034875
3:Del:R:4	0.00000000	0.00000001	0.00459996	0.00002177	0.00003148	0.00464780	0.00000001	0.00001019	0.00045789	0.00000612
3:Del:R:5	0.00000000	0.00000001	0.00626369	0.00002523	0.00042990	0.00760332	0.00004655	0.00001986	0.00033403	0.00003020
4:Del:R:0	0.00000082	0.00004913	0.00826364	0.00682755	0.00018532	0.00984813	0.00247692	0.00051223	0.00580683	0.00022691
4:Del:R:1	0.00161369	0.00039330	0.00391386	0.00101690	0.00102389	0.00026950	0.00241555	0.00236111	0.05568856	0.00060635
4:Del:R:2	0.00044624	0.00000000	0.00016657	0.00000004	0.00000000	0.00004823	0.00051914	0.00003510	0.01072460	0.00048245
4:Del:R:3	0.00000012	0.00000000	0.00224118	0.00001863	0.00010842	0.00372047	0.00010823	0.00000598	0.00366336	0.00004009
4:Del:R:4	0.00000000	0.00000004	0.00290222	0.00014657	0.00034374	0.00466542	0.00000407	0.00000366	0.00013325	0.00000000
4:Del:R:5	0.00014672	0.00002220	0.00153879	0.00001446	0.00007601	0.00109972	0.00008037	0.00000478	0.00075573	0.00004330
5:Del:R:0	0.00000000	0.00000000	0.00458905	0.28205260	0.00110994	0.02590126	0.02141218	0.00014779	0.00244157	0.00094436
5:Del:R:1	0.00316261	0.00000012	0.00062508	0.00006852	0.00000000	0.00056126	0.00729028	0.00018015	0.01231613	0.00036986
5:Del:R:2	0.00037874	0.00008315	0.00062027	0.00030132	0.00001591	0.00028639	0.00040087	0.00006870	0.00277954	0.00002266
5:Del:R:3	0.00011042	0.00000543	0.00043905	0.00000858	0.00001362	0.00010515	0.00017763	0.00008541	0.00093776	0.00007139
5:Del:R:4	0.00006525	0.00000118	0.00024261	0.00001188	0.00002878	0.00002620	0.00007575	0.00005871	0.00010739	0.00001735
5:Del:R:5	0.00004029	0.00001493	0.00048782	0.00000720	0.00000237	0.00067519	0.00000000	0.00004680	0.00009562	0.00003230
2:Ins:R:0	0.00019281	0.00054166	0.00440256	0.00188840	0.00223486	0.00959256	0.00191545	0.00095787	0.00093575	0.02565035
2:Ins:R:1	0.00024125	0.00000749	0.01695718	0.00131540	0.00321472	0.01354537	0.00008244	0.00108510	0.00025573	0.00000552
2:Ins:R:2	0.00092894	0.00017740	0.00767543	0.00033892	0.00141826	0.00475878	0.00042651	0.00033464	0.00001845	0.00112420
2:Ins:R:3	0.00040320	0.00040434	0.00176082	0.00046467	0.00087302	0.00117931	0.00036552	0.00036098	0.00028996	0.00098286
2:Ins:R:4	0.00188548	0.00233223	0.00447825	0.00111561	0.00025966	0.00002211	0.00004883	0.00007619	0.00058632	0.00364575
2:Ins:R:5	0.01315233	0.01373832	0.04388527	0.01092469	0.00000050	0.00037990	0.00002855	0.00012849	0.00528843	0.00024333
3:Ins:R:0	0.00001637	0.00004254	0.00371911	0.00035571	0.00017679	0.00255949	0.00096140	0.00052398	0.00011635	0.00772243
3:Ins:R:1	0.00094181	0.00029304	0.00667953	0.00074836	0.00039315	0.00588241	0.00005139	0.00053939	0.00054579	0.00284517
3:Ins:R:2	0.00015667	0.00003366	0.00148267	0.00003075	0.00012524	0.00092109	0.00080269	0.00000048	0.00109222	0.00028037
3:Ins:R:3	0.00001509	0.00014726	0.00009583	0.00006232	0.00000179	0.00004787	0.00030064	0.00002303	0.00002090	0.00027014
3:Ins:R:4	0.00010784	0.00009606	0.00026126	0.00011304	0.00002027	0.00000242	0.00015812	0.00004259	0.00013617	0.00085380
3:Ins:R:5	0.00194664	0.00097567	0.00340940	0.00062212	0.00000217	0.00000009	0.00000034	0.00001750	0.00018807	0.00197803
4:Ins:R:0	0.00001970	0.00000007	0.00168703	0.00062493	0.00008075	0.00275642	0.00163640	0.00000779	0.00048115	0.00519437
4:Ins:R:1	0.00099310	0.00056816	0.00509118	0.00121809	0.00002662	0.00473903	0.00064715	0.00106271	0.00179969	0.00194607
4:Ins:R:2	0.00000386	0.00004541	0.00027604	0.00013750	0.00012425	0.00026724	0.00041516	0.00002685	0.00003792	0.00006160
4:Ins:R:3	0.00025734	0.00005339	0.00005188	0.00003417	0.00000157	0.00000057	0.00038218	0.00000660	0.00007100	0.00080530
4:Ins:R:4	0.00013727	0.00037564	0.00036244	0.00016050	0.00000058	0.00002330	0.00000562	0.00015103	0.00030818	0.00142680
4:Ins:R:5	0.00200455	0.00076213	0.00380623	0.00144400	0.00000709	0.00075713	0.00005128	0.00001099	0.00018731	0.00017494
5:Ins:R:0	0.00000000	0.00000002	0.00302826	0.00002087	0.00012696	0.00477445	0.00854773	0.00001627	0.00007134	0.00271983
5:Ins:R:1	0.00003191	0.00172865	0.00142698	0.01054064	0.00023346	0.01114932	0.00593901	0.00139495	0.00245621	0.02456206
5:Ins:R:2	0.00000800	0.00023284	0.00041083	0.00006404	0.00000386	0.00028966	0.00127810	0.00001663	0.00008337	0.00050158
5:Ins:R:3	0.00007913	0.00021218	0.00053632	0.00014251	0.00006636	0.00007514	0.00005914	0.00013382	0.00002259	0.00009656
5:Ins:R:4	0.00000638	0.00019884	0.00030001	0.00006345	0.00001303	0.00008234	0.00001715	0.00012048	0.00002448	0.00002053
5:Ins:R:5	0.00006215	0.00017682	0.00074572	0.00039586	0.00006861	0.00045887	0.00000932	0.00000466	0.00005208	0.00000000
2:Del:M:1	0.00001555	0.00004807	0.01596912	0.00027764	0.01006049	0.01779099	0.00004821	0.00005073	0.20511860	0.00316836
3:Del:M:1	0.00000228	0.00000325	0.01008302	0.01070721	0.00114933	0.01177233	0.00110633	0.00131370	0.00603350	0.00125671
3:Del:M:2	0.00214303	0.00124014	0.01291691	0.00377917	0.00058764	0.00436630	0.00387307	0.00028565	0.04238207	0.00355864
4:Del:M:1	0.00003835	0.00003836	0.00740879	0.00509888	0.00025937	0.00651893	0.00260402	0.00186238	0.01234889	0.00008607
4:Del:M:2	0.00047619	0.00003131	0.00463583	0.00079198	0.00030276	0.00287659	0.00932623	0.00151972	0.03041655	0.00079795
4:Del:M:3	0.00046861	0.00000000	0.00228922	0.00010512	0.00000613	0.00069348	0.00476676	0.00133757	0.04753125	0.00174204
5:Del:M:1	0.00054000	0.00000000	0.00096781	0.31796282	0.00020855	0.00894422	0.07654873	0.00008047	0.00021539	0.00177973
5:Del:M:2	0.00000001	0.00000002	0.00108382	0.10721387	0.00118341	0.00393645	0.26654277	0.00001176	0.00000453	0.00144424
5:Del:M:3	0.00000000	0.00000002	0.00281273	0.01949305	0.00057891	0.00150906	0.23694319	0.00002056	0.00026042	0.00003998
5:Del:M:4	0.00038632	0.00000150	0.00049751	0.00012106	0.00097226	0.00007730	0.13407207	0.00000000	0.00312993	0.00001793
5:Del:M:5	0.00227708	0.00032117	0.00181657	0.00125374	0.00000000	0.00301698	0.10866201	0.00000000	0.00069513	0.00069600
