MutationsType	SBS96A	SBS96B	SBS96C	SBS96D	SBS96E	SBS96F	SBS96G	SBS96H	SBS96I	SBS96J	SBS96K	SBS96L	SBS96M	SBS96N	SBS96O	SBS96P	SBS96Q	SBS96R
A[C>A]A	0.00872722	0.02313246	0.04414909	0.04820837	0.00001125	0.00064048	0.00069442	0.00754062	0.00160016	0.00003068	0.05610501	0.00199772	0.00047280	0.00109117	0.00462200	0.00004153	0.00367251	0.00010778
A[C>A]C	0.01129463	0.02291429	0.01339348	0.03909790	0.00010981	0.00008271	0.00153134	0.00536830	0.00033441	0.00058910	0.01710841	0.00139009	0.00068413	0.00064456	0.00037059	0.00061621	0.00064668	0.00203358
A[C>A]G	0.00310842	0.00041468	0.00318878	0.01824197	0.00003811	0.00009478	0.00007520	0.00121639	0.00010628	0.00017375	0.00145136	0.00007822	0.00003136	0.00012695	0.00017210	0.00024624	0.00020125	0.00006757
A[C>A]T	0.00570802	0.01398147	0.01915091	0.03512414	0.00020816	0.00019641	0.00073055	0.00147265	0.00059432	0.00034442	0.02294947	0.00019802	0.00686824	0.00026231	0.00110782	0.00386899	0.00379877	0.00436354
A[C>G]A	0.01259399	0.03098197	0.01301770	0.00692355	0.00008081	0.00024956	0.00215386	0.00412992	0.00000000	0.00016739	0.00085674	0.00065428	0.00459676	0.00337792	0.00059794	0.00128016	0.00521672	0.00442805
A[C>G]C	0.00523579	0.01876875	0.01117695	0.00251964	0.00000831	0.00009529	0.00094792	0.00272505	0.00000670	0.00016207	0.00346204	0.00049067	0.00162796	0.00093279	0.00035851	0.00254417	0.00192435	0.00289202
A[C>G]G	0.00249418	0.00000000	0.00414186	0.00133338	0.00000667	0.00004650	0.00002260	0.00063807	0.00063421	0.00000105	0.00221038	0.00048648	0.00047711	0.00030049	0.00026045	0.00063874	0.00039579	0.00110867
A[C>G]T	0.01105053	0.02585452	0.02043121	0.00295263	0.00003793	0.00008560	0.00163153	0.00362132	0.00006040	0.00028402	0.00527786	0.00037390	0.00491601	0.00431495	0.00216365	0.00378870	0.00412249	0.00405833
A[C>T]A	0.05369358	0.01348011	0.02692792	0.00843248	0.00001670	0.00166701	0.02435345	0.01139877	0.00082553	0.00047974	0.00604514	0.00247625	0.08872120	0.00806550	0.00184230	0.00323678	0.01117264	0.00879505
A[C>T]C	0.02632278	0.01581182	0.01459515	0.00379326	0.02285620	0.00006247	0.00546545	0.00467677	0.03874245	0.00160889	0.00357031	0.00242950	0.02063502	0.00012361	0.00879985	0.00482573	0.00179604	0.00239274
A[C>T]G	0.00059022	0.00674537	0.00643960	0.00189403	0.00000551	0.00513140	0.36728486	0.00044659	0.00050708	0.00002589	0.00107173	0.00009502	0.00058209	0.00000000	0.00015200	0.00110702	0.01606471	0.00166365
A[C>T]T	0.03898712	0.01384485	0.02315534	0.00324834	0.00895607	0.00079651	0.00937234	0.00362128	0.01158722	0.00339108	0.00805145	0.00108657	0.02803175	0.00026394	0.00824494	0.02820552	0.00293711	0.00903977
A[T>A]A	0.00980676	0.00168008	0.00977330	0.00482372	0.00255743	0.00007744	0.00119310	0.00593284	0.00217458	0.00026625	0.00109249	0.00104372	0.00514617	0.00000595	0.01299335	0.00041354	0.04945389	0.00171922
A[T>A]C	0.01004903	0.00935306	0.00449780	0.00328763	0.00045463	0.00023875	0.00334022	0.00606133	0.00040807	0.00104141	0.00038616	0.00064641	0.00269720	0.00029588	0.00299307	0.00160407	0.00837770	0.00114585
A[T>A]G	0.01480050	0.01020577	0.00860492	0.00919366	0.00069538	0.00013382	0.00123926	0.00366651	0.00158691	0.00007315	0.00170855	0.00025698	0.00177491	0.00099156	0.00016183	0.00287814	0.04351535	0.00130788
A[T>A]T	0.00105924	0.00092570	0.00836478	0.00404413	0.00408266	0.00052098	0.00023134	0.01008806	0.00854227	0.00005123	0.00379733	0.00122471	0.02958355	0.00084008	0.06292201	0.03211167	0.00994040	0.03023506
A[T>C]A	0.09253975	0.01328759	0.02836089	0.00644708	0.00044588	0.00023628	0.00083501	0.05943526	0.00052832	0.00046208	0.00021175	0.00036175	0.02327681	0.00191877	0.00069790	0.00423043	0.02403484	0.00086018
A[T>C]C	0.01389838	0.00742096	0.01041679	0.00006408	0.00003263	0.00014559	0.00380936	0.03447980	0.00029787	0.00059650	0.00265619	0.01206210	0.00423130	0.00033925	0.00041976	0.00442262	0.00260803	0.00013575
A[T>C]G	0.05962287	0.00918365	0.02375293	0.00482012	0.00002852	0.00000000	0.00024015	0.06174747	0.00119082	0.00045410	0.00265517	0.00083463	0.03475011	0.00049661	0.00049949	0.00926267	0.00736080	0.00013481
A[T>C]T	0.06330090	0.01858619	0.02704551	0.00088590	0.00071178	0.00020012	0.00606436	0.05290684	0.00174589	0.00048266	0.00478070	0.00927324	0.00340982	0.00169611	0.00251614	0.04755938	0.00313544	0.00468933
A[T>G]A	0.00444512	0.00437807	0.01174445	0.00083242	0.00043589	0.00149614	0.00001120	0.00253679	0.00001828	0.00057602	0.00059515	0.00081093	0.00048767	0.00001862	0.01104162	0.00346129	0.00189886	0.01017825
A[T>G]C	0.00222926	0.00281809	0.01199745	0.00009638	0.00015220	0.00460166	0.00032578	0.00053613	0.00107359	0.00020962	0.00058577	0.00062265	0.00028770	0.00000630	0.00067467	0.00280429	0.00018695	0.01257020
A[T>G]G	0.01162028	0.00868543	0.01273699	0.00085803	0.00024264	0.00096859	0.00038212	0.00304790	0.00145310	0.00014652	0.00269047	0.00093252	0.00124790	0.00000314	0.00057153	0.00970552	0.00441020	0.00840539
A[T>G]T	0.00015812	0.00064310	0.02983525	0.00000482	0.00030403	0.06647630	0.00000000	0.00021436	0.00030898	0.00001554	0.00028544	0.01200319	0.00143637	0.00027792	0.00000335	0.01237223	0.00065932	0.07149514
C[C>A]A	0.00016927	0.02441962	0.01618496	0.09268473	0.00051331	0.00017201	0.00004078	0.00053724	0.00129640	0.00015746	0.08402172	0.00000993	0.00000000	0.00142330	0.00003310	0.01327510	0.00125122	0.00519187
C[C>A]C	0.00056138	0.02649585	0.00484684	0.09738965	0.00012596	0.00001885	0.00174590	0.00037466	0.00109936	0.00033254	0.01243957	0.00134513	0.02824287	0.00048474	0.00203157	0.00314431	0.00476611	0.00019231
C[C>A]G	0.00582486	0.00013301	0.00033507	0.02961433	0.00000451	0.00002278	0.00007952	0.00043563	0.00027184	0.00000000	0.01260779	0.00029153	0.00366080	0.00000000	0.00183473	0.00024834	0.00047912	0.00001978
C[C>A]T	0.00000000	0.00599590	0.00800991	0.08654547	0.00003007	0.00000282	0.00000846	0.00065316	0.00156484	0.00047858	0.02907578	0.00002599	0.08601791	0.00000000	0.01290451	0.00000379	0.00073286	0.00031032
C[C>G]A	0.00739480	0.03027779	0.00408674	0.00909455	0.00000358	0.00012651	0.00016549	0.00254475	0.00040457	0.00003269	0.00000000	0.00069850	0.00116356	0.00623466	0.00000536	0.00151889	0.00222272	0.00035026
C[C>G]C	0.01270636	0.02145014	0.01112535	0.00778831	0.00001960	0.00009666	0.00038231	0.00290479	0.00110438	0.00027608	0.00294348	0.00003557	0.00155605	0.00055465	0.00190536	0.00036905	0.00332593	0.00009296
C[C>G]G	0.00432478	0.00173947	0.00183777	0.00351919	0.00004360	0.00000000	0.00036183	0.00073130	0.00068802	0.00015784	0.00454051	0.00048519	0.00027359	0.00004583	0.00029531	0.00138195	0.00179268	0.00004174
C[C>G]T	0.00856223	0.03398609	0.01695328	0.00703748	0.00006603	0.00005624	0.00002677	0.00543639	0.00070568	0.00003627	0.00369269	0.00002810	0.00155013	0.00669253	0.00444576	0.00049595	0.00158874	0.00259952
C[C>T]A	0.01307582	0.01574229	0.02461614	0.01407569	0.06279152	0.00038779	0.00345574	0.00739600	0.12034167	0.00022575	0.00731772	0.00165581	0.00447158	0.00000733	0.00520138	0.04823817	0.00332086	0.00559826
C[C>T]C	0.00720757	0.01874165	0.01519476	0.01163797	0.06245050	0.00013254	0.00019666	0.00838531	0.21320167	0.00000000	0.00282783	0.00170412	0.00549020	0.00003392	0.00560072	0.00015561	0.00649934	0.00030726
C[C>T]G	0.02733926	0.00348435	0.00294279	0.00276835	0.00668731	0.00626602	0.18967478	0.00274767	0.02410623	0.00330550	0.01487131	0.00215882	0.01179730	0.00194009	0.00987008	0.00537042	0.00737539	0.01413297
C[C>T]T	0.01961577	0.02631941	0.02213927	0.01869044	0.07050606	0.00025910	0.00009804	0.00633672	0.14384873	0.00048672	0.00164338	0.00207395	0.00743975	0.00064572	0.02642836	0.00994532	0.00535145	0.00192202
C[T>A]A	0.00287301	0.00407865	0.00000000	0.00469968	0.00018886	0.00003392	0.00004503	0.00129387	0.00057125	0.00012957	0.00006548	0.00009200	0.00043849	0.00012908	0.00332048	0.00184824	0.08877380	0.00019179
C[T>A]C	0.00155479	0.01847847	0.00529384	0.00626273	0.00001830	0.00181536	0.00006423	0.00341040	0.00069986	0.00043008	0.00195414	0.03873940	0.00290266	0.00026035	0.01433045	0.00002194	0.05575136	0.00065416
C[T>A]G	0.00182710	0.00538471	0.00233843	0.01919498	0.00002637	0.00033631	0.00054830	0.00132314	0.00031903	0.00014500	0.00064352	0.01143844	0.00090575	0.00037537	0.00017036	0.00180363	0.14896531	0.00037726
C[T>A]T	0.00001634	0.00938605	0.00710061	0.00799263	0.00030637	0.00719431	0.00000556	0.00053082	0.00000000	0.00025127	0.00087350	0.07208670	0.00001008	0.00048289	0.04772438	0.00000077	0.04943679	0.00006465
C[T>C]A	0.01177124	0.00750726	0.01551610	0.00503015	0.00049401	0.00036624	0.00054302	0.03514016	0.00127246	0.00014303	0.00000000	0.01103097	0.01409389	0.00017726	0.00721869	0.00927446	0.00533109	0.00174644
C[T>C]C	0.00492151	0.01163450	0.00729415	0.00173964	0.00021244	0.00169235	0.00321874	0.02520033	0.00065234	0.00003232	0.00297413	0.17439253	0.00213882	0.00001936	0.00026524	0.00006439	0.00198332	0.00237271
C[T>C]G	0.02830335	0.00584709	0.01116470	0.00557936	0.00000000	0.00180488	0.00036993	0.02943777	0.00036276	0.00021488	0.00000000	0.09336660	0.03368004	0.00011459	0.00071565	0.00139041	0.00388874	0.00130284
C[T>C]T	0.01352416	0.00046027	0.00240123	0.00093013	0.00182370	0.00740810	0.00004352	0.01182361	0.00735775	0.00012943	0.00450653	0.41604796	0.00506244	0.00011497	0.02787975	0.03191807	0.00070931	0.00180386
C[T>G]A	0.00228330	0.00688489	0.00342939	0.00040244	0.00009712	0.00194544	0.00005780	0.00170127	0.00036691	0.00003033	0.00004581	0.00045700	0.00071751	0.00005790	0.00346203	0.00096340	0.00399842	0.01206577
C[T>G]C	0.00475555	0.01025379	0.00488928	0.00012415	0.00002102	0.03100744	0.00037364	0.00152854	0.00091954	0.00032243	0.00209786	0.00189206	0.00290545	0.00012385	0.00557443	0.00010314	0.00084234	0.01449860
C[T>G]G	0.00694669	0.01631175	0.00433776	0.00297296	0.00000000	0.01381260	0.00022403	0.00215205	0.00106600	0.00000000	0.00314807	0.00031728	0.00399191	0.00018774	0.00133255	0.00024294	0.00687078	0.00805261
C[T>G]T	0.00509478	0.00067601	0.00174228	0.00087122	0.00000000	0.55314263	0.00061971	0.00118780	0.00000000	0.00000000	0.00212629	0.00281777	0.00002526	0.00000000	0.00230703	0.00000756	0.00154585	0.01555220
G[C>A]A	0.01103311	0.00543051	0.01317184	0.02773959	0.00000136	0.00111681	0.00095954	0.00412313	0.00040613	0.00020029	0.14028074	0.00253899	0.00097790	0.00045459	0.00016365	0.00017831	0.00257655	0.00726934
G[C>A]C	0.00975021	0.01121143	0.00913515	0.04350686	0.00020437	0.00000459	0.00036392	0.00961256	0.00000132	0.00014627	0.01786005	0.00072949	0.00434561	0.00018956	0.00009958	0.00007696	0.00192028	0.00068205
G[C>A]G	0.00390777	0.00000608	0.00215700	0.01796711	0.00002080	0.00008260	0.00064657	0.00168484	0.00000290	0.00007033	0.00829924	0.00016784	0.00043404	0.00005481	0.00000245	0.00001426	0.00014272	0.00098733
G[C>A]T	0.00439837	0.01089321	0.00890189	0.01921904	0.00000000	0.00042000	0.00000316	0.00579417	0.00000000	0.00000000	0.08014729	0.00001128	0.01096269	0.00019108	0.00009341	0.00008337	0.00021585	0.00402840
G[C>G]A	0.00493589	0.01980606	0.00260742	0.00603136	0.00001245	0.00001942	0.00026362	0.00136777	0.00000288	0.00008034	0.00044985	0.00094991	0.00077461	0.00138302	0.00012816	0.00031590	0.00232586	0.00090345
G[C>G]C	0.00573687	0.01303118	0.00565239	0.00664295	0.00000262	0.00001045	0.00062468	0.00231928	0.00035154	0.00010765	0.00056841	0.00137220	0.00205560	0.00047055	0.00060254	0.00007251	0.00388453	0.00236028
G[C>G]G	0.00205932	0.00343448	0.00081578	0.00389059	0.00002286	0.00005237	0.00026768	0.00014364	0.00037987	0.00001953	0.00035842	0.00010088	0.00026644	0.00020344	0.00018977	0.00052604	0.00048662	0.00011044
G[C>G]T	0.00834944	0.02259578	0.00526022	0.00292266	0.00000958	0.00000398	0.00022950	0.00321710	0.00027754	0.00012104	0.00082262	0.00059271	0.00242040	0.00291658	0.00122930	0.00096526	0.00331774	0.00151598
G[C>T]A	0.02701562	0.02090509	0.01408876	0.00307894	0.00008786	0.00019521	0.00365309	0.00872903	0.00021859	0.00009080	0.00640328	0.00244258	0.08537303	0.00750075	0.00011907	0.00071800	0.00335317	0.00653585
G[C>T]C	0.03229588	0.01486186	0.00964286	0.00340755	0.01356618	0.00007777	0.00120109	0.00625079	0.02865936	0.00143398	0.00410981	0.00004487	0.07357576	0.00020051	0.00069952	0.00300678	0.00391095	0.00751693
G[C>T]G	0.01331531	0.00000000	0.00000000	0.00000301	0.00000000	0.00643388	0.21650680	0.00377022	0.00000000	0.00000018	0.01341867	0.00164572	0.05462616	0.00196432	0.00000000	0.00000310	0.00166505	0.01301758
G[C>T]T	0.02452688	0.00983843	0.01519972	0.00282826	0.02337042	0.00001424	0.00024941	0.00477103	0.00426147	0.00035883	0.00262326	0.00112433	0.06679070	0.00179626	0.00172611	0.04039826	0.00484890	0.00413794
G[T>A]A	0.00379836	0.00761395	0.00160674	0.00646474	0.00040904	0.00016122	0.00007735	0.00181344	0.00032763	0.00038960	0.00113114	0.00008001	0.00176004	0.00000540	0.00162515	0.00000681	0.03308470	0.00094654
G[T>A]C	0.00230136	0.01053326	0.00257254	0.00262496	0.00023363	0.00032063	0.00002860	0.00192777	0.00011767	0.00021136	0.00213299	0.00293289	0.00266105	0.00022753	0.00252957	0.00019142	0.00961669	0.00055514
G[T>A]G	0.00311621	0.01518506	0.00201376	0.01340675	0.00024191	0.00019669	0.00011943	0.00204090	0.00048878	0.00022577	0.00081988	0.00056881	0.00286983	0.00006512	0.00000383	0.00118131	0.02240614	0.00062628
G[T>A]T	0.00098881	0.01604323	0.00286942	0.00524580	0.00036016	0.00154831	0.00012943	0.00097740	0.00009673	0.00012830	0.00294763	0.00486392	0.00349037	0.00062371	0.02075920	0.00773658	0.00616777	0.00092238
G[T>C]A	0.00950097	0.00950540	0.00449244	0.00260256	0.00004646	0.00001530	0.00049852	0.05266979	0.00008813	0.00017480	0.00010609	0.00018639	0.02430597	0.00015405	0.00000000	0.00081441	0.00382644	0.00114341
G[T>C]C	0.00836907	0.00631417	0.00489972	0.00053975	0.00008442	0.00098480	0.00226088	0.02148751	0.00000284	0.00009145	0.00284819	0.01409456	0.00136765	0.00027866	0.00014535	0.00186837	0.00335426	0.00053588
G[T>C]G	0.01740751	0.01214855	0.00336587	0.00191623	0.00001646	0.00111202	0.00151286	0.03370926	0.00042790	0.00005691	0.00489005	0.00374668	0.01871018	0.00022047	0.00031007	0.00247247	0.00282131	0.00117104
G[T>C]T	0.00639052	0.00176979	0.00305144	0.00009149	0.00043546	0.00056649	0.00001366	0.02333748	0.00639755	0.00022241	0.00188883	0.00502813	0.00784700	0.00000000	0.00557993	0.27549474	0.00192953	0.00258179
G[T>G]A	0.00276939	0.00692921	0.00265353	0.00027937	0.00007540	0.00033854	0.00015497	0.00197428	0.00022233	0.00010030	0.00073015	0.00074442	0.00047949	0.00004701	0.00247872	0.00014863	0.00230091	0.00070146
G[T>G]C	0.00225010	0.00316692	0.00340762	0.00007925	0.00010014	0.00600634	0.00007536	0.00079611	0.00035960	0.00012608	0.00010507	0.00031254	0.00035659	0.00013988	0.00130478	0.00004637	0.00105665	0.00027604
G[T>G]G	0.00559166	0.01671335	0.00212455	0.00175247	0.00024078	0.00146273	0.00062810	0.00198092	0.00279685	0.00010141	0.00676790	0.00073440	0.00120081	0.00113748	0.00583206	0.00406924	0.00211768	0.00267156
G[T>G]T	0.00001198	0.00553608	0.00250809	0.00001674	0.00108298	0.12147735	0.00035117	0.00016873	0.00195363	0.00004141	0.00099621	0.00628026	0.00288047	0.00015205	0.00656722	0.00652170	0.00013118	0.00144438
T[C>A]A	0.00070801	0.00112912	0.03823063	0.04042574	0.00026004	0.00003836	0.00004421	0.00186784	0.00225425	0.00063840	0.08640389	0.00020878	0.00121616	0.07846088	0.00160932	0.01037968	0.00355592	0.00337220
T[C>A]C	0.00621091	0.01581769	0.02607047	0.05145999	0.00043736	0.00016166	0.00219414	0.00216091	0.00341652	0.00020998	0.04873063	0.00069354	0.00242750	0.03115554	0.01344398	0.00796030	0.00101845	0.00015357
T[C>A]G	0.00357044	0.00010372	0.00342877	0.01215605	0.00000762	0.00001726	0.00045708	0.00046349	0.00017673	0.00001725	0.01510036	0.00005158	0.00002915	0.01114790	0.00000247	0.00014922	0.00033583	0.00000242
T[C>A]T	0.00799116	0.00461933	0.02779707	0.03485091	0.00043236	0.00280795	0.00179007	0.00117423	0.00087966	0.00092637	0.15558152	0.00102412	0.01814986	0.03515239	0.00349209	0.00096278	0.00982773	0.00526116
T[C>G]A	0.00152880	0.01284371	0.00135748	0.00178321	0.00000000	0.00011908	0.00000957	0.00977265	0.00004624	0.00002168	0.00179816	0.00320344	0.00140666	0.30026165	0.00139444	0.00368654	0.00517696	0.00102447
T[C>G]C	0.00388319	0.02888316	0.01443255	0.00533094	0.00000074	0.00000718	0.00033467	0.00674608	0.00149701	0.00001290	0.00403081	0.00062290	0.00143652	0.06646559	0.00441841	0.00019877	0.00266900	0.00381561
T[C>G]G	0.00258631	0.00008942	0.00207374	0.00223094	0.00000178	0.00002518	0.00009245	0.00103319	0.00028452	0.00002227	0.00123931	0.00042929	0.00032529	0.01403371	0.00000000	0.00105525	0.00018876	0.00003088
T[C>G]T	0.00217720	0.02438536	0.01281113	0.00069970	0.00050060	0.00148080	0.00236515	0.02147757	0.00003689	0.00003030	0.00019394	0.00069397	0.00264847	0.38493808	0.01280614	0.00002867	0.00491180	0.00368478
T[C>T]A	0.00181249	0.00016453	0.03667072	0.00247697	0.12908390	0.00002638	0.00150391	0.00890310	0.00000000	0.57921797	0.00755485	0.00022096	0.00175078	0.00233918	0.01771680	0.00000000	0.00703207	0.00110008
T[C>T]C	0.00000000	0.00075068	0.01637901	0.00658623	0.45857010	0.00004419	0.00001204	0.01849008	0.15927921	0.07085783	0.00000000	0.00000998	0.00012139	0.00248331	0.01491716	0.09261443	0.01289864	0.00017831
T[C>T]G	0.02189355	0.00003305	0.00000000	0.00000000	0.09573133	0.00318506	0.10179669	0.00146343	0.05657115	0.04457383	0.01116726	0.00030108	0.00055394	0.00082409	0.00000000	0.00721527	0.00069595	0.00436670
T[C>T]T	0.00766632	0.00204644	0.02389096	0.00631147	0.02092468	0.00047365	0.00004344	0.05760769	0.10903551	0.27700553	0.00007026	0.00145947	0.00396315	0.00354398	0.00061917	0.03490549	0.04247348	0.00456687
T[T>A]A	0.00335918	0.00123238	0.00525627	0.00263824	0.00013407	0.00086307	0.00806906	0.01130362	0.00221128	0.00001035	0.00989786	0.00048399	0.00573149	0.00031288	0.02192198	0.01388807	0.06702525	0.05340710
T[T>A]C	0.00055547	0.01095109	0.01266298	0.00187729	0.00020064	0.00024231	0.00005056	0.00672964	0.00216307	0.00026503	0.00179652	0.00546120	0.00001144	0.00048976	0.03638857	0.00098358	0.02051201	0.00386729
T[T>A]G	0.00543732	0.00444158	0.00577609	0.00679671	0.00000000	0.00000552	0.00029090	0.00320658	0.00150347	0.00000000	0.00095927	0.00161323	0.00076258	0.00007112	0.01333402	0.00445767	0.03807343	0.00322340
T[T>A]T	0.00208847	0.00153608	0.01487626	0.00444774	0.00025788	0.00152388	0.00182605	0.00668312	0.00002637	0.00145548	0.00103864	0.00264775	0.01235961	0.00007639	0.26346611	0.02608099	0.01232851	0.00626561
T[T>C]A	0.00905184	0.01164036	0.00334787	0.00083839	0.00220792	0.00069415	0.00032060	0.06709287	0.00489270	0.00060551	0.00015781	0.00103050	0.02102539	0.00001405	0.03663806	0.06708650	0.01336392	0.01690088
T[T>C]C	0.00429095	0.00773971	0.00577911	0.00000056	0.00063740	0.00093698	0.00547277	0.03608804	0.00150928	0.00000178	0.00474586	0.01430222	0.01044443	0.00011205	0.02473900	0.01199624	0.00120835	0.00791779
T[T>C]G	0.01306964	0.00487399	0.00395555	0.00093673	0.00004655	0.00107973	0.00052357	0.03225815	0.00383218	0.00005364	0.00259801	0.00206640	0.01779862	0.00002402	0.01495669	0.02087615	0.00709874	0.00842949
T[T>C]T	0.01523680	0.00960155	0.00008462	0.00008997	0.00087726	0.00046937	0.00526717	0.04973418	0.00318051	0.00032519	0.00042219	0.01970777	0.03214139	0.00060265	0.09095718	0.03397745	0.00253996	0.00791886
T[T>G]A	0.00463746	0.00846528	0.00762696	0.00001473	0.00012600	0.00000000	0.00010086	0.00577425	0.00048267	0.00003146	0.00000165	0.00000066	0.00001518	0.00029667	0.02261906	0.00006291	0.00595933	0.05237539
T[T>G]C	0.00702615	0.00707332	0.01636622	0.00000105	0.00000995	0.00870147	0.00051710	0.00434832	0.00121698	0.00007958	0.00107083	0.00000985	0.00068295	0.00031520	0.01712472	0.00049129	0.00147598	0.03842986
T[T>G]G	0.00892626	0.01184122	0.01125785	0.00184109	0.00000006	0.00456075	0.00110176	0.00325112	0.00087447	0.00001603	0.00053951	0.00151418	0.00222941	0.00000157	0.00865340	0.00053923	0.00674174	0.01832716
T[T>G]T	0.00248090	0.00747718	0.00698919	0.00017342	0.00001695	0.11756900	0.00071156	0.00698032	0.00023936	0.00017171	0.00017295	0.00592841	0.00772625	0.00000000	0.01754767	0.00048124	0.00109236	0.41946868
