MutationsType	SBS96A	SBS96B	SBS96C	SBS96D	SBS96E	SBS96F	SBS96G	SBS96H	SBS96I	SBS96J	SBS96K	SBS96L	SBS96M	SBS96N	SBS96O	SBS96P	SBS96Q	SBS96R
A[C>A]A	0.00000882	0.00000000	0.00247084	0.04712025	0.00677307	0.04116010	0.02252527	0.00116991	0.00111721	0.00016094	0.00864409	0.06404858	0.00385924	0.00220278	0.00023086	0.00200866	0.00727256	0.00244036
A[C>A]C	0.00012459	0.00041809	0.00026887	0.03876998	0.01276514	0.01407133	0.02226327	0.00091976	0.00168100	0.00036404	0.00448078	0.01624064	0.00074375	0.00031553	0.00068254	0.00036601	0.00151049	0.00132952
A[C>A]G	0.00003858	0.00011472	0.00011695	0.01782690	0.00334727	0.00324032	0.00037897	0.00002483	0.00000144	0.00005398	0.00036739	0.00168582	0.00038333	0.00017631	0.00022662	0.00035722	0.00084528	0.00034113
A[C>A]T	0.00011688	0.00046018	0.00035106	0.03199483	0.00468154	0.01886685	0.01432832	0.00597201	0.00127009	0.00061423	0.00327539	0.02382251	0.00186418	0.00002058	0.00434888	0.00010066	0.00351800	0.00202467
A[C>G]A	0.00000410	0.00018188	0.00000000	0.00705879	0.01144089	0.01353051	0.03027962	0.00382836	0.00255433	0.00002919	0.00483258	0.00051485	0.00135908	0.00108854	0.00143024	0.00442872	0.00419702	0.00271239
A[C>G]C	0.00000983	0.00007400	0.00012894	0.00293481	0.00527109	0.01103738	0.01789069	0.00099096	0.00145519	0.00006206	0.00302776	0.00238351	0.00013620	0.00088096	0.00282902	0.00145773	0.00187930	0.00104331
A[C>G]G	0.00000858	0.00003340	0.00054862	0.00137806	0.00261137	0.00417925	0.00000000	0.00022951	0.00025495	0.00002651	0.00048349	0.00222830	0.00008051	0.00028871	0.00080711	0.00022841	0.00053079	0.00047384
A[C>G]T	0.00001322	0.00037702	0.00011412	0.00349822	0.01047908	0.01810089	0.02524006	0.00370120	0.00246425	0.00026913	0.00716109	0.00321183	0.00216096	0.00078916	0.00248236	0.00433475	0.00208674	0.00667788
A[C>T]A	0.00008864	0.00010779	0.00108925	0.00841085	0.05040947	0.02665267	0.01264036	0.09261227	0.02863550	0.00193386	0.01109198	0.00141908	0.00226530	0.00129694	0.00351520	0.00710702	0.00699099	0.00807296
A[C>T]C	0.02367006	0.00152341	0.04113179	0.00393051	0.02574030	0.01460686	0.01563066	0.01817173	0.00666641	0.00028935	0.00582084	0.00289386	0.00589177	0.00188855	0.00013138	0.00008964	0.00496470	0.00372666
A[C>T]G	0.00000324	0.00000702	0.00039403	0.00153755	0.00030474	0.00433974	0.00772265	0.00908356	0.36384893	0.01612981	0.00137628	0.00207620	0.00021265	0.00028987	0.00152655	0.00191606	0.00248442	0.00464089
A[C>T]T	0.00962019	0.00176518	0.01100354	0.00386504	0.03477617	0.02404063	0.01368272	0.03187784	0.01055218	0.00040931	0.00465955	0.00521368	0.00713246	0.00170950	0.03064877	0.00115678	0.00433422	0.00708443
A[T>A]A	0.00283434	0.00009391	0.00216037	0.00543925	0.01013204	0.00896129	0.00155567	0.00519959	0.00074822	0.00014503	0.00574462	0.00198653	0.01152235	0.00094948	0.00059678	0.00000000	0.04766391	0.00193533
A[T>A]C	0.00031924	0.00117060	0.00042044	0.00301899	0.01013530	0.00428143	0.01010613	0.00337811	0.00236230	0.00036904	0.00444481	0.00115412	0.00432539	0.00145763	0.00126868	0.00023137	0.00743912	0.00082112
A[T>A]G	0.00072002	0.00013037	0.00148134	0.00862202	0.01275254	0.00910495	0.00998818	0.00072884	0.00138960	0.00009193	0.00507935	0.00292515	0.00044047	0.00015212	0.00261133	0.00068703	0.04417134	0.00062189
A[T>A]T	0.00434136	0.00035121	0.00763664	0.00359368	0.00121947	0.00739658	0.00079894	0.02977094	0.00055227	0.00029700	0.01230737	0.00430939	0.05718487	0.00108484	0.03846560	0.00052939	0.01304119	0.03773403
A[T>C]A	0.00059546	0.00025228	0.00035544	0.00529039	0.07900413	0.02827203	0.01324942	0.02123948	0.00099505	0.00000495	0.07025640	0.00054047	0.00072740	0.00058669	0.00556507	0.00215110	0.02567879	0.00197637
A[T>C]C	0.00013371	0.00039657	0.00017465	0.00037862	0.01670830	0.00963152	0.00830221	0.00315808	0.00340898	0.00016231	0.03237746	0.00256909	0.00030239	0.01226778	0.00388713	0.00031949	0.00252581	0.00057708
A[T>C]G	0.00004014	0.00052698	0.00096381	0.00470520	0.06230093	0.02066798	0.00940390	0.02768934	0.00079240	0.00001029	0.05660921	0.00259609	0.00103823	0.00117235	0.01171733	0.00143676	0.00946984	0.00006311
A[T>C]T	0.00012634	0.00128241	0.00258202	0.00051234	0.06166698	0.02868253	0.01773813	0.00144035	0.00563142	0.00072030	0.05719943	0.00525153	0.00230934	0.00793189	0.04725710	0.00130849	0.00751945	0.00244639
A[T>G]A	0.00059991	0.00031197	0.00002362	0.00097595	0.00422493	0.01120535	0.00458286	0.00035305	0.00003025	0.00139390	0.00321760	0.00005413	0.01156785	0.00094914	0.00311067	0.00000183	0.00149078	0.01121553
A[T>G]C	0.00038099	0.00002252	0.00089140	0.00001725	0.00188222	0.01272511	0.00257644	0.00037669	0.00012807	0.00444265	0.00115821	0.00073352	0.00064741	0.00077357	0.00238507	0.00008625	0.00122328	0.01210420
A[T>G]G	0.00022629	0.00006347	0.00164172	0.00067906	0.01237174	0.01283886	0.00801492	0.00119593	0.00029650	0.00089056	0.00116956	0.00289026	0.00029867	0.00110617	0.01059183	0.00016151	0.00621138	0.00680715
A[T>G]T	0.00038705	0.00014784	0.00037403	0.00007442	0.00026757	0.02703157	0.00107366	0.00115462	0.00005250	0.06711832	0.00085801	0.00090955	0.00000000	0.01200237	0.01311267	0.00021398	0.00064940	0.07387880
C[C>A]A	0.00044298	0.00002667	0.00130377	0.09061170	0.00052246	0.01728505	0.02276842	0.00001979	0.00053857	0.00010928	0.00044765	0.08457321	0.00000311	0.00063572	0.01672526	0.00138472	0.00413818	0.00621079
C[C>A]C	0.00001569	0.00071233	0.00130194	0.09426108	0.00136072	0.00557105	0.02724963	0.02838269	0.00230731	0.00006302	0.00029384	0.01141401	0.00241986	0.00048975	0.00297801	0.00143777	0.00452507	0.00023248
C[C>A]G	0.00000000	0.00000466	0.00033579	0.02936400	0.00582431	0.00032388	0.00028234	0.00424223	0.00002724	0.00004482	0.00027183	0.01199437	0.00156221	0.00009653	0.00026503	0.00000813	0.00102482	0.00021914
C[C>A]T	0.00005971	0.00071097	0.00142637	0.08281141	0.00000000	0.00834408	0.00815578	0.08394539	0.00001971	0.00000817	0.00011703	0.02932680	0.01402615	0.00030420	0.00000000	0.00000000	0.00040262	0.00051476
C[C>G]A	0.00000000	0.00003182	0.00034991	0.00851284	0.00634502	0.00457386	0.02939465	0.00062870	0.00002435	0.00016184	0.00426010	0.00004151	0.00002212	0.00092890	0.00156003	0.00564380	0.00432725	0.00026260
C[C>G]C	0.00002664	0.00036982	0.00102225	0.00762930	0.01168594	0.01023017	0.02184147	0.00113828	0.00055148	0.00003284	0.00409924	0.00229341	0.00226504	0.00050581	0.00024868	0.00076216	0.00271686	0.00002171
C[C>G]G	0.00004513	0.00006420	0.00090941	0.00385365	0.00388637	0.00185043	0.00173896	0.00037899	0.00074930	0.00008356	0.00060723	0.00434042	0.00028747	0.00026216	0.00126828	0.00074029	0.00047640	0.00021417
C[C>G]T	0.00010628	0.00008048	0.00088809	0.00742106	0.00850732	0.01536374	0.03450924	0.00100159	0.00122215	0.00009688	0.00632788	0.00302172	0.00372052	0.00000314	0.00007177	0.00592573	0.00356770	0.00259626
C[C>T]A	0.06767194	0.00305101	0.10567694	0.01299769	0.01709868	0.02445526	0.01690983	0.00448590	0.00163412	0.00033368	0.00870221	0.00891123	0.00321762	0.00095302	0.04210122	0.00001107	0.01003962	0.00356224
C[C>T]C	0.07570360	0.00000962	0.19917297	0.01124817	0.00732324	0.01704311	0.02188681	0.00363299	0.00002920	0.00001024	0.00508076	0.00116284	0.00364906	0.00207891	0.01192547	0.00106792	0.00752204	0.00090303
C[C>T]G	0.00789844	0.00202534	0.02292910	0.00326185	0.02466439	0.00337084	0.00294297	0.01722996	0.19128430	0.00958298	0.00241902	0.01516807	0.00864347	0.00273741	0.00492121	0.00300308	0.00602097	0.00144904
C[C>T]T	0.07638782	0.00107876	0.13419213	0.01690875	0.01993658	0.02446988	0.02671985	0.00559397	0.00014569	0.00007229	0.00880801	0.00315519	0.02095007	0.00163279	0.00469553	0.00152040	0.01055501	0.00216264
C[T>A]A	0.00009487	0.00015203	0.00090163	0.00460087	0.00167305	0.00003221	0.00292708	0.00020382	0.00000000	0.00003421	0.00237496	0.00000000	0.00369288	0.00020268	0.00161985	0.00020994	0.10050827	0.00042525
C[T>A]C	0.00010954	0.00052399	0.00077455	0.00885993	0.00120895	0.00467462	0.02063599	0.00306404	0.00081894	0.00120733	0.00468105	0.00112419	0.01287417	0.03961618	0.00008643	0.00031492	0.04163229	0.00086745
C[T>A]G	0.00008767	0.00022188	0.00036618	0.02294793	0.00221741	0.00049006	0.00769756	0.00070758	0.00089948	0.00040829	0.00093705	0.00114142	0.00082033	0.01203140	0.00100605	0.00018709	0.12468250	0.00116094
C[T>A]T	0.00061414	0.00000300	0.00000492	0.00663805	0.00022596	0.00731037	0.01042269	0.00000932	0.00001803	0.00617392	0.00036523	0.00107895	0.04712815	0.07265682	0.00069772	0.00040622	0.05513393	0.00004952
C[T>C]A	0.00043654	0.00025888	0.00136845	0.00539943	0.01322032	0.01510427	0.00654560	0.01298708	0.00005295	0.00056709	0.03681837	0.00000000	0.00690041	0.01058773	0.00941149	0.00003711	0.00598420	0.00090506
C[T>C]C	0.00017311	0.00018311	0.00048101	0.00223086	0.00466563	0.00678672	0.01114910	0.00135162	0.00156583	0.00335901	0.03072910	0.00313547	0.00035216	0.17960750	0.00001239	0.00029529	0.00161650	0.00567662
C[T>C]G	0.00003513	0.00009539	0.00046990	0.00516208	0.03017718	0.01053944	0.00570995	0.03191620	0.00083488	0.00283825	0.02768454	0.00012679	0.00095879	0.08648757	0.00122837	0.00001578	0.00455708	0.00290345
C[T>C]T	0.00139183	0.00111418	0.00535262	0.00233461	0.01305899	0.00383250	0.00055831	0.00659143	0.00032047	0.01069228	0.01375626	0.00159737	0.03586846	0.41778783	0.03739445	0.00000000	0.00119190	0.00005745
C[T>G]A	0.00000744	0.00042217	0.00018868	0.00036096	0.00235645	0.00336410	0.00576367	0.00047747	0.00003875	0.00183509	0.00173531	0.00016691	0.00284821	0.00043874	0.00160254	0.00000102	0.00452928	0.01368127
C[T>G]C	0.00012437	0.00021257	0.00077568	0.00026458	0.00472297	0.00527520	0.00960940	0.00293730	0.00044785	0.03093920	0.00168715	0.00177351	0.00525406	0.00095127	0.00009427	0.00003776	0.00032125	0.01612554
C[T>G]G	0.00000007	0.00000602	0.00127558	0.00273463	0.00663658	0.00384710	0.01542033	0.00414627	0.00031071	0.01305360	0.00238942	0.00298540	0.00113985	0.00015447	0.00004038	0.00029821	0.01010353	0.01502882
C[T>G]T	0.00000000	0.00000377	0.00000017	0.00078346	0.00389090	0.00587192	0.00199423	0.00004934	0.00096663	0.53362340	0.00212049	0.00199754	0.00307054	0.00254683	0.00001680	0.00018163	0.00180926	0.02189046
G[C>A]A	0.00004532	0.00005808	0.00055169	0.03094056	0.01024845	0.01417907	0.00291563	0.00070344	0.00140416	0.00076706	0.00623219	0.14123098	0.00080330	0.00176067	0.00027150	0.00067138	0.00380255	0.00463113
G[C>A]C	0.00017437	0.00001813	0.00002634	0.04066264	0.01054088	0.01032220	0.01120963	0.00465960	0.00002033	0.00000303	0.00610539	0.01922451	0.00042070	0.00075406	0.00015669	0.00034938	0.00097909	0.00037180
G[C>A]G	0.00002836	0.00006458	0.00000871	0.01764150	0.00363645	0.00263867	0.00000425	0.00081796	0.00033055	0.00012610	0.00116108	0.00853955	0.00000478	0.00019036	0.00001574	0.00028960	0.00003278	0.00022484
G[C>A]T	0.00000000	0.00000072	0.00000000	0.02135305	0.00442238	0.00958512	0.00946963	0.01067573	0.00000234	0.00020577	0.00673858	0.07993911	0.00010393	0.00027899	0.00023240	0.00000543	0.00171618	0.00076738
G[C>G]A	0.00001102	0.00004014	0.00001721	0.00530749	0.00417318	0.00264131	0.01969571	0.00089253	0.00011953	0.00002849	0.00329162	0.00021503	0.00041773	0.00107325	0.00047097	0.00170139	0.00224402	0.00196423
G[C>G]C	0.00000654	0.00008884	0.00040331	0.00636042	0.00646512	0.00481073	0.01343223	0.00179122	0.00025077	0.00000016	0.00247863	0.00072356	0.00025603	0.00121594	0.00017997	0.00048167	0.00190181	0.00263326
G[C>G]G	0.00004544	0.00002868	0.00035897	0.00377137	0.00209838	0.00058340	0.00370935	0.00028617	0.00030495	0.00000032	0.00026384	0.00052221	0.00014512	0.00007310	0.00086070	0.00048365	0.00109605	0.00000016
G[C>G]T	0.00003938	0.00010017	0.00024432	0.00307344	0.00747107	0.00593929	0.02240796	0.00232654	0.00041185	0.00000307	0.00462049	0.00031928	0.00135372	0.00062311	0.00104570	0.00281549	0.00181970	0.00143918
G[C>T]A	0.00003775	0.00006460	0.00055010	0.00326501	0.02442301	0.01427530	0.01780935	0.09503900	0.00427203	0.00040481	0.00891898	0.00349176	0.00069497	0.00137460	0.00050755	0.00782167	0.00252138	0.00799554
G[C>T]C	0.01537218	0.00074588	0.02624603	0.00370568	0.03069411	0.01034964	0.01255453	0.08238168	0.00075782	0.00020906	0.00759126	0.00249354	0.00069038	0.00037363	0.00172702	0.00081946	0.00695240	0.00572504
G[C>T]G	0.00000031	0.00000234	0.00000000	0.00009409	0.01357382	0.00002022	0.00007170	0.04800240	0.21226166	0.00910864	0.00543573	0.01101158	0.00000000	0.00291225	0.00001634	0.00170013	0.00339422	0.00780309
G[C>T]T	0.02359123	0.00014244	0.00412960	0.00300326	0.02677960	0.01460502	0.01030342	0.06471064	0.00021582	0.00000567	0.00607357	0.00203323	0.00111855	0.00028147	0.04060855	0.00127006	0.00603656	0.00734657
G[T>A]A	0.00062609	0.00005144	0.00031753	0.00621218	0.00341718	0.00198677	0.00735147	0.00138827	0.00024659	0.00005058	0.00250961	0.00095723	0.00170008	0.00025397	0.00007407	0.00000337	0.03582965	0.00030716
G[T>A]C	0.00023868	0.00016301	0.00029959	0.00325836	0.00186677	0.00224709	0.01067854	0.00259222	0.00005681	0.00028699	0.00244282	0.00215262	0.00218647	0.00327093	0.00014264	0.00028549	0.00632831	0.00163136
G[T>A]G	0.00032718	0.00005210	0.00053947	0.01132327	0.00315376	0.00234598	0.01447645	0.00213238	0.00038187	0.00009667	0.00270298	0.00126321	0.00000153	0.00070621	0.00135487	0.00000799	0.02869675	0.00008628
G[T>A]T	0.00035404	0.00022970	0.00002509	0.00522429	0.00057782	0.00342379	0.01668881	0.00355393	0.00005990	0.00126155	0.00125618	0.00271384	0.01991156	0.00461698	0.00805361	0.00013497	0.00699885	0.00075904
G[T>C]A	0.00004190	0.00010060	0.00007457	0.00307155	0.01006942	0.00416198	0.00813956	0.02385069	0.00030542	0.00000320	0.05556762	0.00060611	0.00040266	0.00006829	0.00103385	0.00074329	0.00138783	0.00073676
G[T>C]C	0.00000142	0.00015184	0.00000967	0.00090215	0.00703224	0.00536831	0.00566859	0.00077040	0.00215403	0.00127681	0.02515527	0.00379483	0.00015324	0.01365209	0.00216964	0.00002218	0.00216747	0.00024103
G[T>C]G	0.00000876	0.00001408	0.00041208	0.00202496	0.01792040	0.00361203	0.01266891	0.01727224	0.00091587	0.00092677	0.03297842	0.00561556	0.00025492	0.00352237	0.00283466	0.00031037	0.00089447	0.00094360
G[T>C]T	0.00081153	0.00031669	0.00744559	0.00007771	0.00879379	0.00204758	0.00497825	0.01017766	0.00001248	0.00058043	0.01953232	0.00103435	0.00724679	0.00510302	0.29309173	0.00000000	0.00240972	0.00226666
G[T>G]A	0.00003825	0.00020722	0.00033836	0.00035806	0.00302090	0.00229130	0.00657706	0.00036726	0.00018066	0.00028783	0.00128516	0.00118615	0.00245690	0.00058415	0.00009252	0.00038977	0.00161552	0.00198955
G[T>G]C	0.00017373	0.00003146	0.00029418	0.00019857	0.00194616	0.00289433	0.00351982	0.00036857	0.00002412	0.00626015	0.00119760	0.00002540	0.00167621	0.00041145	0.00001214	0.00001786	0.00068118	0.00063732
G[T>G]G	0.00032833	0.00010041	0.00259500	0.00225180	0.00591476	0.00256489	0.01576746	0.00055754	0.00053046	0.00134999	0.00183899	0.00676543	0.00591920	0.00117563	0.00369905	0.00046910	0.00165928	0.00239059
G[T>G]T	0.00109144	0.00001601	0.00188091	0.00006427	0.00005978	0.00369754	0.00569597	0.00239343	0.00016320	0.11399876	0.00132431	0.00097920	0.00678598	0.00651305	0.00633613	0.00000338	0.00063762	0.00630094
T[C>A]A	0.00022416	0.00054308	0.00258386	0.04287952	0.00121914	0.03645005	0.00207357	0.00154446	0.00004143	0.00000000	0.00075637	0.08958521	0.00280568	0.00010080	0.01002968	0.08075259	0.00123407	0.00341669
T[C>A]C	0.00068495	0.00045608	0.00324196	0.05331442	0.00704670	0.02470440	0.01686615	0.00321721	0.00204665	0.00005314	0.00073576	0.04741678	0.01364317	0.00012011	0.00646372	0.02914943	0.00158187	0.00052883
T[C>A]G	0.00000272	0.00012135	0.00021062	0.01261641	0.00333259	0.00322133	0.00011154	0.00013057	0.00016021	0.00006951	0.00049434	0.01517138	0.00000847	0.00001679	0.00000717	0.01109810	0.00028967	0.00012110
T[C>A]T	0.00008888	0.00179289	0.00105230	0.03975738	0.00902077	0.02828130	0.00382818	0.01710039	0.00021003	0.00244708	0.00260736	0.15223183	0.00355277	0.00107198	0.00005193	0.03432282	0.00453342	0.00312851
T[C>G]A	0.00000627	0.00000677	0.00000167	0.00167081	0.00128680	0.00140944	0.01394069	0.00073233	0.00019346	0.00013169	0.00704390	0.00061362	0.00151608	0.00360988	0.00383790	0.31190160	0.00385628	0.00088863
T[C>G]C	0.00002790	0.00000224	0.00134858	0.00551844	0.00339593	0.01410564	0.02829382	0.00107421	0.00007055	0.00001474	0.00792076	0.00369728	0.00537468	0.00118722	0.00071261	0.06489156	0.00490953	0.00566525
T[C>G]G	0.00000025	0.00000959	0.00042990	0.00185526	0.00223106	0.00244543	0.00004627	0.00021116	0.00012572	0.00002698	0.00097540	0.00060445	0.00001880	0.00065686	0.00075983	0.01436523	0.00094944	0.00052755
T[C>G]T	0.00001344	0.00076070	0.00067112	0.00058675	0.00183950	0.01657575	0.02820663	0.00280276	0.00191518	0.00135777	0.01487333	0.00018461	0.01179164	0.00073975	0.00012474	0.36699313	0.00607785	0.00349728
T[C>T]A	0.10752206	0.52786286	0.00000000	0.00318212	0.01415133	0.03716952	0.00057696	0.00260117	0.00010481	0.00007693	0.00450238	0.00998801	0.01880280	0.00204900	0.00067136	0.00453903	0.01971480	0.00317167
T[C>T]C	0.46914452	0.08884566	0.19285407	0.00560910	0.00024766	0.02062402	0.00420037	0.00078796	0.00026076	0.00047253	0.00054113	0.00030103	0.01393300	0.00003628	0.03638537	0.00213443	0.00196659	0.00154178
T[C>T]G	0.07967769	0.04363853	0.05747890	0.00000000	0.02800887	0.00000000	0.00000991	0.00091976	0.10551406	0.00528393	0.00190768	0.00928454	0.00000000	0.00017204	0.00086971	0.00016774	0.01752901	0.00072084
T[C>T]T	0.01738561	0.30887412	0.11202663	0.00659333	0.01538412	0.02748016	0.00121035	0.00439099	0.00073862	0.00053383	0.00449752	0.00029201	0.00149991	0.00028147	0.04828022	0.00195994	0.00914335	0.00559116
T[T>A]A	0.00017748	0.00031214	0.00253965	0.00240806	0.00195482	0.00350998	0.00121261	0.00649364	0.00738751	0.00115044	0.01490966	0.01141076	0.01871245	0.00001244	0.01559040	0.00062786	0.07048319	0.05341349
T[T>A]C	0.00046485	0.00023181	0.00203613	0.00261964	0.00033459	0.01235043	0.01174605	0.00004693	0.00002525	0.00001659	0.00764571	0.00245960	0.03415676	0.00574735	0.00135664	0.00034536	0.01894475	0.00443919
T[T>A]G	0.00000000	0.00001345	0.00176776	0.00469296	0.00452315	0.00633298	0.00454867	0.00036097	0.00023826	0.00000000	0.00408907	0.00177770	0.01162381	0.00143160	0.00532172	0.00032734	0.04965818	0.00165304
T[T>A]T	0.00131858	0.00015571	0.00000207	0.00392334	0.00460055	0.01490012	0.00198779	0.01397187	0.00204042	0.00130759	0.00839106	0.00191812	0.27073538	0.00130448	0.02153449	0.00000000	0.01690644	0.00931107
T[T>C]A	0.00240679	0.00083451	0.00519286	0.00214355	0.00606259	0.00310987	0.01190363	0.01526062	0.00151599	0.00064013	0.08115310	0.00014543	0.03505080	0.00170678	0.07911748	0.00000739	0.00911592	0.01515121
T[T>C]C	0.00075218	0.00004167	0.00165095	0.00001036	0.00494825	0.00552869	0.00737945	0.00850363	0.00359745	0.00058339	0.03968586	0.00686288	0.02170249	0.01445211	0.01299550	0.00021681	0.00268513	0.00951360
T[T>C]G	0.00001154	0.00052939	0.00368311	0.00129835	0.01233397	0.00423665	0.00466531	0.01850760	0.00020261	0.00089721	0.03598528	0.00231981	0.01510515	0.00279329	0.02282883	0.00000772	0.00429891	0.00636910
T[T>C]T	0.00059710	0.00058389	0.00290184	0.00001850	0.01583834	0.00025993	0.00745464	0.03510845	0.00461513	0.00056443	0.05282214	0.00056982	0.09999628	0.02161254	0.03762893	0.00105813	0.00204710	0.01141282
T[T>G]A	0.00002427	0.00020844	0.00068469	0.00003030	0.00383543	0.00587567	0.00880705	0.00005392	0.00049182	0.00000000	0.00723407	0.00002897	0.02143016	0.00000578	0.00019122	0.00000579	0.00568257	0.06042079
T[T>G]C	0.00013895	0.00010915	0.00149208	0.00000212	0.00686874	0.01552946	0.00751319	0.00077688	0.00029708	0.00861185	0.00411221	0.00176103	0.01630698	0.00018301	0.00052373	0.00009800	0.00079151	0.03407620
T[T>G]G	0.00000000	0.00001655	0.00125695	0.00189972	0.00758209	0.01017740	0.01072744	0.00131362	0.00108646	0.00473408	0.00599251	0.00059823	0.00815488	0.00093265	0.00000442	0.00005861	0.00838227	0.02464819
T[T>G]T	0.00009205	0.00008483	0.00033245	0.00039199	0.00317793	0.00449466	0.00408855	0.00698848	0.00004026	0.12246425	0.01206377	0.00174964	0.02124459	0.00390738	0.00032430	0.00000545	0.00232948	0.39372975
