MutationsType	SBS96A	SBS96B	SBS96C	SBS96D	SBS96E	SBS96F	SBS96G	SBS96H	SBS96I	SBS96J	SBS96K	SBS96L	SBS96M	SBS96N	SBS96O	SBS96P	SBS96Q	SBS96R
A[C>A]A	0.00946123	0.02320166	0.04448869	0.04868027	0.00001418	0.00064523	0.00079004	0.00682484	0.00159080	0.00003850	0.05630122	0.00201673	0.00045485	0.00103248	0.00455320	0.00005084	0.00382528	0.00008617
A[C>A]C	0.01204380	0.02315412	0.01309574	0.03927082	0.00009694	0.00007839	0.00154561	0.00474833	0.00031504	0.00062872	0.01701791	0.00136140	0.00071298	0.00067093	0.00033859	0.00065764	0.00070827	0.00187640
A[C>A]G	0.00341010	0.00042162	0.00316007	0.01830074	0.00004304	0.00011130	0.00008307	0.00097633	0.00009861	0.00017866	0.00134886	0.00007088	0.00002180	0.00011690	0.00015588	0.00025638	0.00017884	0.00004903
A[C>A]T	0.00618687	0.01411311	0.01917491	0.03533096	0.00021642	0.00021828	0.00070635	0.00114447	0.00054925	0.00032971	0.02288478	0.00018896	0.00694800	0.00027615	0.00109107	0.00383308	0.00409831	0.00383307
A[C>G]A	0.01281866	0.03127980	0.01243984	0.00689129	0.00007463	0.00026077	0.00228888	0.00407054	0.00000000	0.00019080	0.00078080	0.00060991	0.00450240	0.00347976	0.00060542	0.00124534	0.00482509	0.00450846
A[C>G]C	0.00529726	0.01888489	0.01094828	0.00251077	0.00000744	0.00010220	0.00101802	0.00278254	0.00000913	0.00017045	0.00345307	0.00044596	0.00162574	0.00090443	0.00034533	0.00256520	0.00171596	0.00309173
A[C>G]G	0.00251047	0.00000000	0.00418960	0.00134652	0.00000611	0.00004994	0.00000828	0.00065990	0.00061046	0.00000305	0.00228116	0.00048071	0.00048571	0.00029649	0.00026076	0.00067089	0.00026046	0.00119190
A[C>G]T	0.01126859	0.02604005	0.02009715	0.00297334	0.00003910	0.00009749	0.00157600	0.00348180	0.00004414	0.00030784	0.00535735	0.00036434	0.00491527	0.00433599	0.00212146	0.00371935	0.00360527	0.00443652
A[C>T]A	0.05363585	0.01374818	0.02681132	0.00841838	0.00001654	0.00164088	0.02443090	0.01206135	0.00077979	0.00045363	0.00608367	0.00250061	0.08852044	0.00806304	0.00184252	0.00327512	0.01029337	0.00898200
A[C>T]C	0.02667813	0.01579524	0.01444405	0.00384434	0.02244183	0.00004891	0.00535437	0.00474584	0.03862513	0.00161314	0.00365205	0.00240279	0.02066717	0.00011959	0.00860802	0.00500092	0.00133691	0.00239803
A[C>T]G	0.00067702	0.00674652	0.00680879	0.00203631	0.00001234	0.00552694	0.36943101	0.00037924	0.00050472	0.00002529	0.00069495	0.00002442	0.00071815	0.00002009	0.00011757	0.00101748	0.00102644	0.00055939
A[C>T]T	0.03953900	0.01390448	0.02314291	0.00329473	0.00885460	0.00080129	0.00937019	0.00385183	0.01147471	0.00330550	0.00812207	0.00109698	0.02769475	0.00020707	0.00830964	0.02805826	0.00230886	0.00896747
A[T>A]A	0.00972577	0.00121019	0.01003847	0.00439823	0.00252683	0.00007588	0.00112896	0.00625926	0.00212708	0.00025502	0.00112715	0.00101887	0.00513313	0.00000830	0.01312216	0.00046646	0.05126387	0.00179453
A[T>A]C	0.01003743	0.00941524	0.00427472	0.00322270	0.00050247	0.00024477	0.00339034	0.00618901	0.00040281	0.00098665	0.00037502	0.00062910	0.00268257	0.00031271	0.00301088	0.00160176	0.00845393	0.00124314
A[T>A]G	0.01494874	0.00990247	0.00843020	0.00871347	0.00068620	0.00011136	0.00134258	0.00378366	0.00155596	0.00008827	0.00172048	0.00024004	0.00170502	0.00103050	0.00014578	0.00295462	0.04543046	0.00149406
A[T>A]T	0.00122255	0.00105674	0.00840407	0.00411774	0.00400757	0.00049072	0.00023184	0.00925090	0.00840676	0.00003183	0.00385006	0.00126570	0.02944008	0.00085205	0.06360173	0.03208413	0.00506158	0.03314596
A[T>C]A	0.09129388	0.01308926	0.02807640	0.00619921	0.00039984	0.00024356	0.00097263	0.06216448	0.00052652	0.00057995	0.00016307	0.00035513	0.02335661	0.00186339	0.00079167	0.00421857	0.02366616	0.00116558
A[T>C]C	0.01323869	0.00718631	0.01053401	0.00004822	0.00003554	0.00014752	0.00383062	0.03573603	0.00027435	0.00063287	0.00265863	0.01212594	0.00420479	0.00031541	0.00042969	0.00450237	0.00256420	0.00008163
A[T>C]G	0.05912505	0.00896972	0.02388717	0.00475121	0.00002835	0.00000589	0.00025483	0.06301607	0.00117082	0.00050841	0.00260896	0.00083809	0.03469119	0.00051581	0.00047323	0.00934001	0.00729989	0.00006755
A[T>C]T	0.06250453	0.01854506	0.02692068	0.00093518	0.00071094	0.00025583	0.00583998	0.05463292	0.00162489	0.00056949	0.00499566	0.00922665	0.00335480	0.00175026	0.00253854	0.04750033	0.00194682	0.00496289
A[T>G]A	0.00443055	0.00445206	0.01184865	0.00084463	0.00043579	0.00149565	0.00001677	0.00253969	0.00001438	0.00057887	0.00060733	0.00088286	0.00047138	0.00001123	0.01105286	0.00347060	0.00166061	0.00981735
A[T>G]C	0.00229711	0.00279980	0.01223124	0.00010175	0.00014938	0.00462055	0.00036151	0.00066454	0.00107163	0.00023667	0.00057158	0.00057668	0.00027427	0.00001096	0.00061576	0.00275680	0.00013537	0.01192073
A[T>G]G	0.01164125	0.00868475	0.01276319	0.00085649	0.00023816	0.00095817	0.00042759	0.00320346	0.00142383	0.00017407	0.00274110	0.00090207	0.00127167	0.00000291	0.00048896	0.00969314	0.00446799	0.00822886
A[T>G]T	0.00017949	0.00069184	0.03074437	0.00000554	0.00029832	0.06652431	0.00000000	0.00059160	0.00032821	0.00002050	0.00022749	0.01199609	0.00143525	0.00027088	0.00000000	0.01235440	0.00062267	0.06827826
C[C>A]A	0.00019811	0.02458272	0.01595158	0.09347712	0.00051205	0.00022011	0.00004087	0.00042526	0.00128296	0.00012200	0.08412267	0.00002924	0.00000310	0.00147166	0.00002334	0.01333092	0.00140002	0.00486444
C[C>A]C	0.00094522	0.02664445	0.00397567	0.09777804	0.00012592	0.00002741	0.00182124	0.00025398	0.00106994	0.00038073	0.01192608	0.00139494	0.02836373	0.00048933	0.00186541	0.00309395	0.00504636	0.00017028
C[C>A]G	0.00616098	0.00014060	0.00021389	0.02965016	0.00000375	0.00002691	0.00009498	0.00049781	0.00026057	0.00000000	0.01254892	0.00028806	0.00362572	0.00000000	0.00181437	0.00025324	0.00044042	0.00000189
C[C>A]T	0.00020555	0.00595167	0.00806191	0.08705777	0.00003393	0.00001137	0.00002493	0.00012550	0.00153637	0.00052030	0.02875072	0.00002524	0.08622897	0.00000000	0.01270778	0.00000172	0.00112073	0.00022824
C[C>G]A	0.00761351	0.03065630	0.00336548	0.00907911	0.00000436	0.00012407	0.00016983	0.00230830	0.00041112	0.00002292	0.00000000	0.00066888	0.00112688	0.00627708	0.00000546	0.00151474	0.00227695	0.00033631
C[C>G]C	0.01293818	0.02159287	0.01075842	0.00769139	0.00002145	0.00009468	0.00032726	0.00294788	0.00103633	0.00029444	0.00300030	0.00003843	0.00154035	0.00051487	0.00192896	0.00042282	0.00371488	0.00009932
C[C>G]G	0.00430291	0.00174666	0.00185462	0.00349351	0.00004053	0.00000027	0.00036728	0.00081898	0.00064622	0.00016877	0.00454600	0.00049523	0.00023994	0.00005155	0.00030424	0.00146177	0.00197670	0.00004588
C[C>G]T	0.00875760	0.03427923	0.01653225	0.00713255	0.00005008	0.00005964	0.00003473	0.00537701	0.00074520	0.00004870	0.00366740	0.00003499	0.00150383	0.00663367	0.00441051	0.00051364	0.00122545	0.00235799
C[C>T]A	0.01305516	0.01570282	0.02467874	0.01428870	0.06156196	0.00043117	0.00349123	0.00753934	0.11995402	0.00018502	0.00736257	0.00168382	0.00436206	0.00001045	0.00527010	0.04884544	0.00297506	0.00535327
C[C>T]C	0.00730516	0.01869089	0.01545218	0.01182664	0.06090843	0.00011570	0.00016951	0.00796525	0.21301841	0.00000000	0.00278013	0.00173053	0.00538198	0.00003791	0.00545673	0.00043333	0.00693015	0.00023243
C[C>T]G	0.02762486	0.00334628	0.00285743	0.00279953	0.00664077	0.00639606	0.18847255	0.00264776	0.02402060	0.00320424	0.01508047	0.00215715	0.01192734	0.00201107	0.00993146	0.00543411	0.00579643	0.01376417
C[C>T]T	0.01981730	0.02622727	0.02216237	0.01860498	0.06904942	0.00025750	0.00012198	0.00626603	0.14365029	0.00061758	0.00161551	0.00205604	0.00721187	0.00064874	0.02653470	0.01032517	0.00606488	0.00171467
C[T>A]A	0.00283928	0.00317577	0.00000000	0.00373241	0.00019509	0.00002665	0.00006541	0.00149769	0.00052581	0.00014832	0.00005547	0.00007878	0.00050821	0.00011529	0.00335249	0.00183212	0.09437395	0.00019281
C[T>A]C	0.00162928	0.01791997	0.00520172	0.00568884	0.00002405	0.00177202	0.00008668	0.00333457	0.00070366	0.00044927	0.00198261	0.03869432	0.00292671	0.00023595	0.01425051	0.00001977	0.05918395	0.00063127
C[T>A]G	0.00179396	0.00392157	0.00239454	0.01762255	0.00002790	0.00032436	0.00063548	0.00154349	0.00030324	0.00018175	0.00061277	0.01140443	0.00096828	0.00039193	0.00012675	0.00173226	0.15791760	0.00038634
C[T>A]T	0.00013953	0.00893181	0.00727931	0.00746133	0.00028068	0.00719098	0.00000605	0.00018638	0.00000000	0.00036574	0.00086697	0.07222044	0.00001381	0.00046365	0.04746828	0.00001642	0.05220076	0.00019254
C[T>C]A	0.01127225	0.00721357	0.01565201	0.00494976	0.00048577	0.00035309	0.00062416	0.03603424	0.00128508	0.00016110	0.00000043	0.01099692	0.01418964	0.00019549	0.00717230	0.00927164	0.00555734	0.00167618
C[T>C]C	0.00464739	0.01165787	0.00722746	0.00172364	0.00020868	0.00168029	0.00329460	0.02573236	0.00065604	0.00001988	0.00290121	0.17456648	0.00212557	0.00002023	0.00022992	0.00005651	0.00215215	0.00208987
C[T>C]G	0.02807022	0.00579426	0.01107521	0.00552033	0.00000000	0.00175538	0.00043030	0.03009647	0.00034935	0.00021581	0.00001688	0.09343968	0.03377705	0.00013496	0.00066188	0.00148324	0.00382547	0.00115477
C[T>C]T	0.01359051	0.00058890	0.00235500	0.00097718	0.00174432	0.00726746	0.00003076	0.01164968	0.00732428	0.00019483	0.00452422	0.41614562	0.00495782	0.00009253	0.02779226	0.03182917	0.00064949	0.00222852
C[T>G]A	0.00225274	0.00689885	0.00343813	0.00037936	0.00008049	0.00196724	0.00004187	0.00177995	0.00037433	0.00004287	0.00005012	0.00046504	0.00071391	0.00005229	0.00347135	0.00098477	0.00408808	0.01157453
C[T>G]C	0.00472687	0.01029775	0.00482372	0.00009056	0.00001393	0.03108958	0.00039361	0.00167187	0.00092674	0.00033309	0.00204247	0.00183788	0.00295422	0.00013676	0.00556249	0.00009816	0.00103767	0.01421688
C[T>G]G	0.00699358	0.01640550	0.00417346	0.00293477	0.00000000	0.01379248	0.00021014	0.00216358	0.00106615	0.00000209	0.00315163	0.00029322	0.00394864	0.00017293	0.00134503	0.00021505	0.00720651	0.00768388
C[T>G]T	0.00477929	0.00065447	0.00177885	0.00087249	0.00000000	0.55217176	0.00066846	0.00090508	0.00000000	0.00000056	0.00160050	0.00275739	0.00004615	0.00000000	0.00228249	0.00000175	0.00175691	0.02389613
G[C>A]A	0.01152491	0.00536044	0.01393178	0.02851507	0.00000068	0.00112628	0.00101739	0.00348788	0.00040505	0.00020199	0.14086101	0.00255204	0.00084439	0.00046578	0.00012476	0.00017349	0.00248840	0.00724781
G[C>A]C	0.01113277	0.01124830	0.00909687	0.04372579	0.00020140	0.00000366	0.00033994	0.00791446	0.00000064	0.00015686	0.01785024	0.00074447	0.00439532	0.00021446	0.00005313	0.00004862	0.00204015	0.00036689
G[C>A]G	0.00418345	0.00001627	0.00216174	0.01806189	0.00002136	0.00009210	0.00063518	0.00151263	0.00000358	0.00008494	0.00828676	0.00017394	0.00041949	0.00004746	0.00000181	0.00002513	0.00006807	0.00086137
G[C>A]T	0.00488047	0.01102778	0.00921680	0.01971595	0.00000000	0.00043350	0.00000723	0.00498697	0.00000000	0.00000000	0.08037167	0.00000942	0.01087712	0.00019496	0.00010668	0.00009178	0.00028421	0.00393518
G[C>G]A	0.00505860	0.01994251	0.00221833	0.00603032	0.00001516	0.00002236	0.00024822	0.00124239	0.00000557	0.00007861	0.00042132	0.00100485	0.00078751	0.00142780	0.00009619	0.00030071	0.00239209	0.00080124
G[C>G]C	0.00583405	0.01311288	0.00544309	0.00663306	0.00000216	0.00001504	0.00070948	0.00231253	0.00030999	0.00012326	0.00051253	0.00138135	0.00202617	0.00044962	0.00064876	0.00007602	0.00392864	0.00240400
G[C>G]G	0.00212905	0.00341934	0.00073281	0.00391181	0.00002316	0.00004641	0.00028293	0.00014300	0.00037101	0.00002303	0.00032640	0.00009911	0.00027317	0.00020682	0.00018712	0.00057324	0.00056177	0.00010550
G[C>G]T	0.00833675	0.02282803	0.00478619	0.00287707	0.00000611	0.00000129	0.00021366	0.00326104	0.00027883	0.00012509	0.00087391	0.00061064	0.00243984	0.00288079	0.00123485	0.00102660	0.00325015	0.00151706
G[C>T]A	0.02728494	0.02118399	0.01372823	0.00305612	0.00008320	0.00021048	0.00370084	0.00868170	0.00019001	0.00007749	0.00628692	0.00239346	0.08553537	0.00754502	0.00007920	0.00082037	0.00319619	0.00657372
G[C>T]C	0.03263346	0.01508672	0.00925225	0.00342162	0.01332516	0.00008042	0.00113843	0.00628821	0.02846070	0.00157247	0.00403460	0.00003498	0.07370511	0.00023373	0.00067629	0.00307169	0.00339535	0.00767195
G[C>T]G	0.01345260	0.00000000	0.00000000	0.00000256	0.00000000	0.00665960	0.21514024	0.00349834	0.00000033	0.00000120	0.01354114	0.00150103	0.05462861	0.00198374	0.00000000	0.00000857	0.00083409	0.01285288
G[C>T]T	0.02473470	0.00999485	0.01513187	0.00273899	0.02304034	0.00001910	0.00027068	0.00488182	0.00417895	0.00044753	0.00258174	0.00102464	0.06673853	0.00175767	0.00173594	0.04014065	0.00470130	0.00426591
G[T>A]A	0.00379728	0.00739946	0.00145926	0.00620006	0.00040417	0.00015353	0.00009092	0.00198885	0.00032804	0.00042617	0.00114191	0.00007343	0.00179991	0.00000134	0.00160843	0.00000193	0.03443869	0.00109230
G[T>A]C	0.00234605	0.01056801	0.00234134	0.00258596	0.00023350	0.00032215	0.00002693	0.00197730	0.00010337	0.00019887	0.00213843	0.00291382	0.00266463	0.00023783	0.00258184	0.00020996	0.00971818	0.00062775
G[T>A]G	0.00313746	0.01501386	0.00171904	0.01326100	0.00022544	0.00018987	0.00011099	0.00209265	0.00047146	0.00025224	0.00077966	0.00055881	0.00285920	0.00006974	0.00000630	0.00124720	0.02353615	0.00068296
G[T>A]T	0.00103502	0.01614852	0.00260499	0.00520763	0.00034378	0.00156933	0.00015524	0.00093494	0.00008493	0.00014450	0.00284837	0.00490930	0.00347858	0.00060361	0.02082531	0.00758639	0.00641334	0.00096045
G[T>C]A	0.00862828	0.00933058	0.00439036	0.00259910	0.00004335	0.00002109	0.00051420	0.05384783	0.00010235	0.00019271	0.00012769	0.00018032	0.02448118	0.00015166	0.00000361	0.00083903	0.00389474	0.00112874
G[T>C]C	0.00806849	0.00624270	0.00483572	0.00049731	0.00008958	0.00097367	0.00228865	0.02199937	0.00000260	0.00008232	0.00289204	0.01415615	0.00141396	0.00026035	0.00015617	0.00195681	0.00348807	0.00047747
G[T>C]G	0.01684290	0.01210396	0.00314865	0.00190558	0.00001845	0.00113075	0.00143915	0.03473162	0.00042595	0.00006675	0.00498748	0.00375037	0.01888581	0.00018954	0.00026540	0.00241156	0.00298827	0.00116842
G[T>C]T	0.00569124	0.00146661	0.00282923	0.00008226	0.00044012	0.00051415	0.00001568	0.02444821	0.00608540	0.00033168	0.00211831	0.00534684	0.00788989	0.00000000	0.00558287	0.27535229	0.00190479	0.00252446
G[T>G]A	0.00271748	0.00701431	0.00254326	0.00026770	0.00008567	0.00034310	0.00015619	0.00199699	0.00021484	0.00008974	0.00075019	0.00075751	0.00047258	0.00003909	0.00250905	0.00014738	0.00229463	0.00075260
G[T>G]C	0.00219529	0.00315235	0.00346100	0.00006722	0.00010682	0.00599010	0.00006564	0.00082666	0.00035900	0.00012669	0.00009097	0.00032534	0.00036998	0.00014387	0.00130558	0.00005600	0.00114535	0.00032875
G[T>G]G	0.00558745	0.01690178	0.00182219	0.00173871	0.00020909	0.00145512	0.00062593	0.00203716	0.00283452	0.00012415	0.00680218	0.00070798	0.00112958	0.00114484	0.00584932	0.00405910	0.00226101	0.00253866
G[T>G]T	0.00000571	0.00558635	0.00252426	0.00001572	0.00105190	0.12125553	0.00032566	0.00013970	0.00193003	0.00008159	0.00088044	0.00621069	0.00290820	0.00014317	0.00652952	0.00641582	0.00015360	0.00309848
T[C>A]A	0.00048876	0.00120189	0.03942321	0.04107278	0.00027805	0.00006231	0.00006123	0.00052966	0.00225398	0.00062814	0.08666005	0.00027342	0.00122630	0.07843782	0.00157546	0.01032728	0.00393205	0.00292512
T[C>A]C	0.00669037	0.01588605	0.02633621	0.05185054	0.00041329	0.00014489	0.00227740	0.00108606	0.00342248	0.00027323	0.04876131	0.00072692	0.00249188	0.03133468	0.01330797	0.00786899	0.00113947	0.00013210
T[C>A]G	0.00378020	0.00013125	0.00352279	0.01222621	0.00000682	0.00002586	0.00039782	0.00012028	0.00017770	0.00001999	0.01507641	0.00005637	0.00003834	0.01122934	0.00000008	0.00016299	0.00040931	0.00000637
T[C>A]T	0.00783772	0.00459827	0.02890549	0.03563932	0.00051072	0.00278463	0.00194123	0.00037488	0.00083184	0.00083972	0.15588302	0.00091088	0.01801014	0.03522392	0.00345604	0.00089978	0.01095913	0.00496066
T[C>G]A	0.00139100	0.01367688	0.00110765	0.00174873	0.00000000	0.00009043	0.00002242	0.00425518	0.00004143	0.00002368	0.00171132	0.00324107	0.00149402	0.30029045	0.00148156	0.00374060	0.00555946	0.00111476
T[C>G]C	0.00397181	0.02941156	0.01399508	0.00533343	0.00000019	0.00000487	0.00028803	0.00520873	0.00149950	0.00001287	0.00413235	0.00059802	0.00148368	0.06659096	0.00439147	0.00022154	0.00257301	0.00391683
T[C>G]G	0.00262390	0.00015160	0.00211535	0.00226778	0.00000140	0.00002899	0.00007800	0.00073357	0.00026714	0.00002339	0.00120271	0.00043736	0.00034082	0.01401259	0.00000000	0.00106674	0.00011173	0.00005705
T[C>G]T	0.00194139	0.02573440	0.01259561	0.00066294	0.00047655	0.00144753	0.00239672	0.01416826	0.00003777	0.00002007	0.00010484	0.00063255	0.00276138	0.38533682	0.01309350	0.00002039	0.00490665	0.00388035
T[C>T]A	0.00141149	0.00008862	0.03790184	0.00256877	0.13211369	0.00002909	0.00146742	0.00972872	0.00006385	0.58954616	0.00722722	0.00020697	0.00190396	0.00197963	0.01751874	0.00003596	0.00838160	0.00071522
T[C>T]C	0.00000000	0.00071690	0.01725312	0.00684622	0.45413000	0.00005051	0.00001873	0.01634307	0.16065848	0.06843351	0.00000000	0.00000991	0.00012870	0.00230577	0.01469805	0.09178926	0.01553720	0.00006097
T[C>T]G	0.02209797	0.00000662	0.00000000	0.00000000	0.09437264	0.00330877	0.10100090	0.00137688	0.05653519	0.04548023	0.01126803	0.00035039	0.00055025	0.00080618	0.00000000	0.00722168	0.00011410	0.00388189
T[C>T]T	0.00724921	0.00201601	0.02409031	0.00645988	0.02945852	0.00042343	0.00002714	0.06699090	0.11028207	0.26685723	0.00002873	0.00143169	0.00377398	0.00316094	0.00062255	0.03547900	0.04678262	0.00462725
T[T>A]A	0.00349726	0.00102301	0.00491836	0.00220557	0.00013528	0.00080753	0.00815037	0.01021533	0.00223048	0.00001070	0.00991849	0.00047571	0.00558991	0.00030225	0.02237562	0.01371817	0.06224345	0.05970902
T[T>A]C	0.00045551	0.01077999	0.01285895	0.00168705	0.00020439	0.00023506	0.00006738	0.00683540	0.00216351	0.00025885	0.00186864	0.00551689	0.00001977	0.00050506	0.03629745	0.00089307	0.02095011	0.00391244
T[T>A]G	0.00548419	0.00399318	0.00588558	0.00633923	0.00000002	0.00000693	0.00036158	0.00330003	0.00146575	0.00000000	0.00091038	0.00153170	0.00080638	0.00009188	0.01351990	0.00444056	0.03973584	0.00337165
T[T>A]T	0.00188517	0.00101321	0.01618789	0.00428345	0.00025538	0.00146152	0.00195175	0.00634998	0.00002341	0.00154535	0.00103444	0.00257959	0.01234819	0.00006101	0.26280103	0.02587994	0.01171159	0.00598705
T[T>C]A	0.00830099	0.01142071	0.00316639	0.00082382	0.00221888	0.00068076	0.00029805	0.06793687	0.00482247	0.00061671	0.00018638	0.00114345	0.02108759	0.00000783	0.03718059	0.06676511	0.01029852	0.01777992
T[T>C]C	0.00378100	0.00762565	0.00578211	0.00000000	0.00061187	0.00095803	0.00543639	0.03674008	0.00154962	0.00000848	0.00474437	0.01436344	0.01037286	0.00014718	0.02479515	0.01199193	0.00051684	0.00787583
T[T>C]G	0.01253579	0.00477354	0.00389551	0.00085279	0.00003610	0.00106163	0.00051733	0.03306405	0.00376826	0.00006067	0.00265733	0.00214820	0.01787530	0.00001565	0.01505182	0.02085651	0.00624905	0.00890537
T[T>C]T	0.01457278	0.00935246	0.00009452	0.00008565	0.00078787	0.00044152	0.00523920	0.05046045	0.00320594	0.00041239	0.00042961	0.01964297	0.03226758	0.00059185	0.09123614	0.03385919	0.00119266	0.00808637
T[T>G]A	0.00463068	0.00866338	0.00756475	0.00001442	0.00012732	0.00000000	0.00014685	0.00553819	0.00048996	0.00002333	0.00000643	0.00000000	0.00001410	0.00027881	0.02257574	0.00005316	0.00388941	0.05301943
T[T>G]C	0.00708439	0.00716527	0.01655271	0.00000126	0.00001297	0.00872460	0.00046885	0.00430501	0.00122192	0.00009719	0.00109644	0.00001516	0.00066753	0.00027076	0.01715060	0.00048303	0.00094972	0.03782503
T[T>G]G	0.00916508	0.01198600	0.01107393	0.00178105	0.00000093	0.00452879	0.00106431	0.00307874	0.00085354	0.00001426	0.00060110	0.00147785	0.00217277	0.00000000	0.00865144	0.00057550	0.00586571	0.01896430
T[T>G]T	0.00205346	0.00811881	0.00717489	0.00020506	0.00002035	0.11815173	0.00077722	0.00850032	0.00031086	0.00019605	0.00015403	0.00568535	0.00761661	0.00000000	0.01746149	0.00054391	0.00093897	0.40702717
