MutationsType	SBS96A	SBS96B	SBS96C	SBS96D	SBS96E	SBS96F	SBS96G	SBS96H	SBS96I	SBS96J	SBS96K	SBS96L	SBS96M	SBS96N	SBS96O	SBS96P	SBS96Q	SBS96R	SBS96S	SBS96T
A[C>A]A	0.00001440	0.00000642	0.00251750	0.04686156	0.00584436	0.02356970	0.04213350	0.00121540	0.00127779	0.00014940	0.00736213	0.06175328	0.00404642	0.00235318	0.04225665	0.00026555	0.00212439	0.00934205	0.00254396	0.00648454
A[C>A]C	0.00008131	0.00054486	0.00025297	0.03645270	0.01177703	0.02287139	0.00973458	0.00081237	0.00206731	0.00027724	0.00206897	0.01346155	0.00085186	0.00037088	0.04707981	0.00073647	0.00034368	0.00239846	0.00287020	0.00351898
A[C>A]G	0.00003307	0.00015645	0.00010183	0.01747845	0.00245173	0.00049212	0.00226295	0.00002208	0.00000037	0.00007568	0.00014828	0.00063326	0.00038348	0.00017541	0.01417674	0.00020751	0.00034410	0.00133305	0.00023471	0.00144342
A[C>A]T	0.00008689	0.00055792	0.00031249	0.03165318	0.00384626	0.01488680	0.01827325	0.00608566	0.00152904	0.00062335	0.00248847	0.02216480	0.00187678	0.00001827	0.02627031	0.00448915	0.00011880	0.00480555	0.00199780	0.00555668
A[C>G]A	0.00000381	0.00029341	0.00000000	0.00748724	0.01501018	0.03145520	0.01234793	0.00337624	0.00235479	0.00003019	0.00336259	0.00069223	0.00129873	0.00104126	0.00555025	0.00146033	0.00420146	0.00296247	0.00598709	0.00171790
A[C>G]C	0.00001670	0.00007563	0.00013683	0.00274642	0.00684962	0.01845003	0.01077789	0.00085574	0.00146088	0.00007350	0.00209455	0.00237774	0.00007045	0.00084026	0.00606799	0.00278570	0.00144298	0.00162469	0.00248942	0.00080664
A[C>G]G	0.00001048	0.00005112	0.00055506	0.00149535	0.00298231	0.00000000	0.00466235	0.00014920	0.00016804	0.00001528	0.00030415	0.00213807	0.00005465	0.00031329	0.00121780	0.00084968	0.00019966	0.00024623	0.00083031	0.00021816
A[C>G]T	0.00001572	0.00048306	0.00009032	0.00350629	0.01345985	0.02610484	0.01817528	0.00344292	0.00219288	0.00022569	0.00473860	0.00342399	0.00210229	0.00067381	0.00754479	0.00232267	0.00408617	0.00074117	0.00961307	0.00456969
A[C>T]A	0.00009613	0.00011138	0.00110483	0.00943418	0.06012676	0.01223076	0.02984676	0.09168356	0.02767791	0.00199662	0.01226399	0.00404096	0.00216658	0.00150037	0.00148447	0.00345258	0.00689383	0.00410248	0.01081581	0.00548453
A[C>T]C	0.02360974	0.00154735	0.04167165	0.00386888	0.02737571	0.01585123	0.01447520	0.01753016	0.00650527	0.00026311	0.00633462	0.00335014	0.00630802	0.00178297	0.01074919	0.00012948	0.00009415	0.00186202	0.00430286	0.00402197
A[C>T]G	0.00000423	0.00001844	0.00039661	0.00157445	0.00074259	0.00880915	0.00364132	0.01059873	0.36927835	0.01506962	0.00064657	0.00197491	0.00016147	0.00055215	0.00055545	0.00155235	0.00191082	0.00225079	0.00156610	0.01417438
A[C>T]T	0.00964276	0.00176468	0.01092316	0.00405731	0.03959042	0.01362256	0.02573645	0.03083064	0.01031157	0.00035180	0.00498765	0.00564189	0.00705637	0.00175350	0.00977677	0.03049988	0.00095304	0.00176822	0.00630417	0.00664399
A[T>A]A	0.00275787	0.00011879	0.00213036	0.00450607	0.00999408	0.00038893	0.00985812	0.00503769	0.00059984	0.00014001	0.00596673	0.00204837	0.01161512	0.00091604	0.00435135	0.00075490	0.00000000	0.05550043	0.00689818	0.00155870
A[T>A]C	0.00034780	0.00126533	0.00041823	0.00290933	0.01113615	0.00991541	0.00357295	0.00305041	0.00245275	0.00038570	0.00415737	0.00084693	0.00424774	0.00142656	0.00575681	0.00127962	0.00010742	0.00748966	0.00439494	0.00058945
A[T>A]G	0.00073190	0.00015841	0.00154119	0.00779204	0.01438374	0.00912016	0.00894862	0.00036270	0.00114260	0.00010192	0.00502606	0.00271135	0.00037742	0.00013675	0.00730840	0.00242116	0.00064632	0.05135375	0.00434522	0.00039458
A[T>A]T	0.00458670	0.00030370	0.00791205	0.00410833	0.00006183	0.00047519	0.00891759	0.02970023	0.00008316	0.00045507	0.00064939	0.00463942	0.05172624	0.00131134	0.00070385	0.03949115	0.00036977	0.00056077	0.06534753	0.01807143
A[T>C]A	0.00053899	0.00047656	0.00032589	0.00324990	0.07047603	0.00972187	0.02404137	0.02095695	0.00089668	0.00001150	0.07642423	0.00009656	0.00073867	0.00055065	0.05760865	0.00548878	0.00209321	0.02666925	0.04733739	0.00213080
A[T>C]C	0.00013925	0.00044672	0.00014371	0.00033072	0.01577246	0.00779919	0.00963213	0.00325237	0.00318293	0.00027936	0.03891560	0.00314281	0.00038632	0.01218859	0.00687669	0.00390141	0.00043490	0.00227158	0.00776744	0.00050058
A[T>C]G	0.00007370	0.00058518	0.00094527	0.00346208	0.06192499	0.00697153	0.01929771	0.02681563	0.00091908	0.00001470	0.06787781	0.00250083	0.00103676	0.00069153	0.03615056	0.01179748	0.00121799	0.00972389	0.01458726	0.00026503
A[T>C]T	0.00033715	0.00110176	0.00253972	0.00036267	0.06016377	0.01577386	0.02710921	0.00052637	0.00488125	0.00074660	0.06240135	0.00544197	0.00224977	0.00814460	0.03100078	0.04649960	0.00113748	0.00491364	0.03640835	0.00133799
A[T>G]A	0.00060669	0.00027785	0.00002921	0.00072998	0.00442759	0.00459178	0.01206312	0.00021006	0.00001843	0.00132408	0.00227822	0.00001476	0.01152814	0.00102927	0.00441324	0.00306578	0.00000096	0.00111371	0.00678897	0.01095483
A[T>G]C	0.00036499	0.00002445	0.00093038	0.00000000	0.00224870	0.00268022	0.01430728	0.00032581	0.00017906	0.00432706	0.00084972	0.00055225	0.00063852	0.00083947	0.00198480	0.00216695	0.00007797	0.00115312	0.00168345	0.01483353
A[T>G]G	0.00024718	0.00003004	0.00166755	0.00073014	0.01432164	0.00801563	0.01348127	0.00066757	0.00027977	0.00084891	0.00107228	0.00280705	0.00035349	0.00100247	0.00422720	0.01058823	0.00013350	0.00600145	0.00267664	0.00724069
A[T>G]T	0.00032356	0.00025081	0.00046167	0.00003270	0.00003846	0.00101622	0.03084846	0.00130083	0.00024129	0.06674832	0.00040381	0.00075416	0.00000000	0.01212429	0.00187276	0.01295399	0.00026921	0.00043713	0.00298671	0.09084716
C[C>A]A	0.00045286	0.00000000	0.00121598	0.09910609	0.00093889	0.02497466	0.01760435	0.00003667	0.00040346	0.00010806	0.00113358	0.08388804	0.00000138	0.00064347	0.00845542	0.01659747	0.00120046	0.00407199	0.00283220	0.00957766
C[C>A]C	0.00004276	0.00074234	0.00121961	0.10019261	0.00186200	0.02998167	0.00391390	0.02871454	0.00208190	0.00009301	0.00194375	0.01065686	0.00259855	0.00049606	0.00730596	0.00315130	0.00144662	0.00645657	0.00171179	0.00237209
C[C>A]G	0.00000000	0.00000940	0.00030325	0.03161439	0.00618981	0.00051998	0.00003810	0.00402779	0.00000443	0.00003060	0.00074605	0.01148059	0.00160553	0.00008704	0.00351753	0.00029016	0.00000675	0.00099823	0.00043298	0.00096328
C[C>A]T	0.00006619	0.00077493	0.00143046	0.08644852	0.00000000	0.00998997	0.00826854	0.08623216	0.00004711	0.00000000	0.00000763	0.02926858	0.01434841	0.00041476	0.01604413	0.00001488	0.00000000	0.00170185	0.00086662	0.00445723
C[C>G]A	0.00000000	0.00009139	0.00033298	0.00906565	0.00876461	0.03053408	0.00229674	0.00036695	0.00000541	0.00011266	0.00364762	0.00000343	0.00002216	0.00095398	0.00355577	0.00154328	0.00546511	0.00452788	0.00348610	0.00043068
C[C>G]C	0.00002030	0.00047989	0.00101677	0.00745517	0.01376108	0.02253661	0.00875736	0.00076386	0.00051771	0.00003101	0.00351663	0.00208727	0.00229224	0.00046224	0.01039367	0.00025796	0.00063003	0.00285977	0.00288224	0.00010590
C[C>G]G	0.00004588	0.00006460	0.00096902	0.00415040	0.00416769	0.00171915	0.00183268	0.00027781	0.00063827	0.00009579	0.00092398	0.00448782	0.00031515	0.00018167	0.00149071	0.00119285	0.00070723	0.00045215	0.00057763	0.00028274
C[C>G]T	0.00009927	0.00016003	0.00092421	0.00679251	0.01083949	0.03563573	0.01348309	0.00085077	0.00111144	0.00006223	0.00383333	0.00282651	0.00371609	0.00000305	0.01446422	0.00007692	0.00579945	0.00374077	0.00667437	0.00237998
C[C>T]A	0.06638288	0.00319496	0.10758908	0.01354269	0.01581135	0.01824690	0.02560477	0.00415372	0.00115615	0.00030840	0.00832932	0.00913166	0.00308249	0.00093956	0.01548833	0.04164974	0.00000276	0.00106772	0.01140492	0.00239787
C[C>T]C	0.07288606	0.00000000	0.20439752	0.01127150	0.00610150	0.02338994	0.01689073	0.00380052	0.00008357	0.00001301	0.00477767	0.00038745	0.00405586	0.00203894	0.01369566	0.00996475	0.00143237	0.00618401	0.00525961	0.00235157
C[C>T]G	0.00781647	0.00229825	0.02357675	0.00236534	0.02605154	0.00238489	0.00219949	0.01785761	0.19193360	0.00900529	0.00079324	0.01678440	0.00867113	0.00326150	0.01687844	0.00508671	0.00288918	0.00418606	0.00785473	0.00150026
C[C>T]T	0.07463207	0.00094637	0.13718736	0.01799593	0.01893446	0.02808847	0.02519121	0.00523187	0.00006976	0.00005828	0.00898682	0.00333917	0.02049351	0.00145007	0.01240094	0.00598773	0.00171851	0.00316445	0.01195500	0.00265983
C[T>A]A	0.00008720	0.00016456	0.00095437	0.00098869	0.00169733	0.00021194	0.00003151	0.00021193	0.00000000	0.00001740	0.00244174	0.00000000	0.00368156	0.00017805	0.00095118	0.00169554	0.00026885	0.12745150	0.00149147	0.00036436
C[T>A]C	0.00008492	0.00057605	0.00080189	0.00758756	0.00127771	0.02032946	0.00356320	0.00315933	0.00102097	0.00139768	0.00604134	0.00095738	0.01342472	0.03983118	0.00380987	0.00018571	0.00040404	0.05282790	0.00149088	0.00221424
C[T>A]G	0.00009690	0.00024226	0.00035665	0.02082122	0.00289520	0.00511193	0.00033224	0.00065327	0.00079792	0.00049617	0.00180090	0.00075496	0.00083713	0.01191790	0.00084891	0.00108029	0.00029948	0.15187608	0.00088835	0.00191365
C[T>A]T	0.00055965	0.00001983	0.00001149	0.00409690	0.00000479	0.00903861	0.00745793	0.00002504	0.00008991	0.00658450	0.00000000	0.00082877	0.04892290	0.07278446	0.00614422	0.00094383	0.00045158	0.07036102	0.00250149	0.00078377
C[T>C]A	0.00041313	0.00029719	0.00138898	0.00580590	0.01238646	0.00590556	0.01672884	0.01337321	0.00008291	0.00067511	0.04457586	0.00000104	0.00697297	0.01040727	0.00391081	0.00918442	0.00004567	0.00615084	0.00823911	0.00096701
C[T>C]C	0.00018605	0.00018988	0.00046787	0.00236609	0.00182716	0.01146661	0.00782434	0.00189572	0.00131074	0.00446836	0.04185256	0.00322835	0.00194369	0.17749061	0.00159150	0.00000707	0.00037977	0.00143558	0.00541203	0.00623765
C[T>C]G	0.00002391	0.00010812	0.00044406	0.00495386	0.03090872	0.00485277	0.01125549	0.03172882	0.00075568	0.00352500	0.03614105	0.00052270	0.00183379	0.08528660	0.00956952	0.00134759	0.00000527	0.00485669	0.00580651	0.00339974
C[T>C]T	0.00139269	0.00121237	0.00538160	0.00198508	0.00724650	0.00048249	0.00594113	0.00655796	0.00014097	0.01326485	0.03152921	0.00074867	0.04048657	0.41749903	0.00292916	0.03789974	0.00000049	0.00092820	0.00208037	0.00045691
C[T>G]A	0.00001285	0.00047886	0.00019768	0.00018663	0.00270607	0.00577283	0.00313921	0.00043276	0.00006102	0.00174097	0.00106680	0.00021121	0.00292318	0.00037008	0.00181940	0.00161015	0.00000000	0.00511303	0.00369600	0.01494395
C[T>G]C	0.00013308	0.00020465	0.00079805	0.00019292	0.00576596	0.00979517	0.00496654	0.00281520	0.00047400	0.03074727	0.00125460	0.00196724	0.00526587	0.00104278	0.00289356	0.00015253	0.00002430	0.00033924	0.00177725	0.02009484
C[T>G]G	0.00000072	0.00001594	0.00129835	0.00274980	0.00870878	0.01552776	0.00279472	0.00391430	0.00033291	0.01295786	0.00168437	0.00304678	0.00121476	0.00002568	0.00312952	0.00002561	0.00026668	0.01151083	0.00335365	0.01706423
C[T>G]T	0.00000000	0.00001292	0.00000131	0.00077822	0.00385538	0.00216190	0.01032983	0.00004333	0.00095353	0.53452237	0.00119560	0.00165112	0.00289732	0.00557714	0.00221368	0.00002972	0.00016868	0.00148964	0.00320271	0.01760300
G[C>A]A	0.00004147	0.00007430	0.00054378	0.02880320	0.00745887	0.00159716	0.01109854	0.00084373	0.00144329	0.00074816	0.00205724	0.13918049	0.00091713	0.00180290	0.06272974	0.00031591	0.00063883	0.00463999	0.00353519	0.00649104
G[C>A]C	0.00014364	0.00007143	0.00002890	0.03337493	0.00540580	0.01118539	0.00272487	0.00534637	0.00010593	0.00000361	0.00095310	0.01442211	0.00052937	0.00076895	0.08627656	0.00019238	0.00046865	0.00359729	0.00169512	0.00422893
G[C>A]G	0.00002145	0.00010983	0.00000573	0.01704390	0.00263672	0.00001515	0.00162888	0.00082628	0.00037669	0.00011706	0.00088265	0.00760689	0.00000181	0.00017299	0.01602524	0.00000850	0.00028400	0.00008041	0.00027450	0.00072222
G[C>A]T	0.00000000	0.00000273	0.00000000	0.01660858	0.00146434	0.00882285	0.00473522	0.01131453	0.00007212	0.00022324	0.00125171	0.07658423	0.00009034	0.00026644	0.06568751	0.00028681	0.00000480	0.00290328	0.00323785	0.00252875
G[C>G]A	0.00001159	0.00004187	0.00000917	0.00545393	0.00587970	0.02042982	0.00104296	0.00072900	0.00013809	0.00001511	0.00269576	0.00025466	0.00043711	0.00101722	0.00338108	0.00049745	0.00153081	0.00212090	0.00253335	0.00194957
G[C>G]C	0.00000711	0.00011328	0.00041624	0.00673742	0.00793395	0.01385122	0.00393503	0.00162022	0.00018926	0.00000014	0.00176485	0.00063027	0.00027956	0.00117859	0.00370444	0.00014509	0.00030307	0.00120082	0.00387655	0.00188717
G[C>G]G	0.00004734	0.00002918	0.00038654	0.00417727	0.00255698	0.00379589	0.00035250	0.00020070	0.00029622	0.00000045	0.00038681	0.00051328	0.00015327	0.00005502	0.00024502	0.00076390	0.00041349	0.00086944	0.00025936	0.00000564
G[C>G]T	0.00003535	0.00014277	0.00025363	0.00291365	0.00941341	0.02322675	0.00404743	0.00218288	0.00027063	0.00000067	0.00299926	0.00040465	0.00128327	0.00054330	0.00724755	0.00111596	0.00267733	0.00116357	0.00513084	0.00112759
G[C>T]A	0.00004031	0.00006492	0.00060042	0.00276778	0.02986336	0.01818787	0.01496821	0.09545877	0.00461059	0.00034264	0.00705441	0.00551170	0.00063919	0.00148110	0.00766083	0.00053137	0.00788244	0.00172330	0.00735572	0.00605067
G[C>T]C	0.01525653	0.00088189	0.02686439	0.00250145	0.03360836	0.01261765	0.00953147	0.08270331	0.00095837	0.00021456	0.00472888	0.00395756	0.00072216	0.00029295	0.01752874	0.00175269	0.00069682	0.00381486	0.01016486	0.00337709
G[C>T]G	0.00000018	0.00000206	0.00000759	0.00008841	0.01613960	0.00001391	0.00000000	0.04908511	0.21382600	0.00872192	0.00395191	0.01404527	0.00000000	0.00313653	0.00055285	0.00003202	0.00156577	0.00148494	0.01127568	0.00485729
G[C>T]T	0.02335918	0.00009700	0.00330231	0.00289610	0.02924389	0.01055622	0.01546025	0.06448345	0.00004060	0.00000115	0.00461280	0.00347413	0.00091248	0.00046284	0.00808721	0.04055630	0.00106110	0.00213478	0.01067429	0.00495396
G[T>A]A	0.00061066	0.00006919	0.00029104	0.00533446	0.00394495	0.00673146	0.00143498	0.00128467	0.00030429	0.00005912	0.00244682	0.00082409	0.00163169	0.00018240	0.00304972	0.00011537	0.00000064	0.04306363	0.00195493	0.00034013
G[T>A]C	0.00025335	0.00011637	0.00030172	0.00319319	0.00257947	0.01102300	0.00154754	0.00263703	0.00004211	0.00028501	0.00213218	0.00231640	0.00214351	0.00320121	0.00210537	0.00012968	0.00026620	0.00736046	0.00201723	0.00161760
G[T>A]G	0.00032521	0.00005462	0.00053982	0.01137530	0.00406270	0.01467083	0.00142630	0.00204403	0.00031317	0.00012079	0.00339519	0.00129163	0.00000000	0.00067979	0.00084630	0.00131114	0.00001287	0.03437005	0.00140621	0.00039024
G[T>A]T	0.00030358	0.00035354	0.00001977	0.00538910	0.00155510	0.01734618	0.00231025	0.00345941	0.00004792	0.00128248	0.00055507	0.00285137	0.01998060	0.00460789	0.00120192	0.00809780	0.00010948	0.00806982	0.00306735	0.00094801
G[T>C]A	0.00002855	0.00018394	0.00006783	0.00312293	0.00700240	0.00729105	0.00438175	0.02515607	0.00039588	0.00000296	0.06903408	0.00163537	0.00040388	0.00004169	0.00460524	0.00096087	0.00083288	0.00194930	0.00497136	0.00023146
G[T>C]C	0.00000148	0.00022170	0.00000409	0.00080296	0.00602447	0.00517736	0.00519773	0.00095192	0.00233117	0.00131191	0.03022967	0.00385161	0.00021477	0.01360956	0.00583253	0.00216833	0.00004230	0.00243215	0.00380612	0.00036080
G[T>C]G	0.00000851	0.00002520	0.00043041	0.00190997	0.01780378	0.01200823	0.00246291	0.01758168	0.00090473	0.00095862	0.04089837	0.00624492	0.00037486	0.00349377	0.00902032	0.00261047	0.00037021	0.00087090	0.00292781	0.00163711
G[T>C]T	0.00081752	0.00039939	0.00724798	0.00000913	0.00570924	0.00478433	0.00115262	0.00942894	0.00002309	0.00044300	0.03114667	0.00044651	0.00767687	0.00517990	0.00504671	0.29036283	0.00000000	0.00293979	0.00185653	0.00332255
G[T>G]A	0.00004726	0.00019991	0.00033081	0.00033480	0.00370031	0.00672711	0.00191703	0.00022875	0.00020603	0.00028658	0.00103791	0.00127406	0.00254865	0.00060025	0.00133405	0.00009594	0.00039580	0.00161003	0.00177985	0.00168092
G[T>G]C	0.00017824	0.00003978	0.00029245	0.00012394	0.00224029	0.00366380	0.00289183	0.00032022	0.00003942	0.00621649	0.00117263	0.00004667	0.00172174	0.00044517	0.00134123	0.00000833	0.00001858	0.00066704	0.00080615	0.00059365
G[T>G]G	0.00031683	0.00012780	0.00270069	0.00246198	0.00743093	0.01621080	0.00125518	0.00028632	0.00054866	0.00135300	0.00193765	0.00697878	0.00606621	0.00110443	0.00228243	0.00357775	0.00040127	0.00190326	0.00062304	0.00357417
G[T>G]T	0.00105634	0.00004681	0.00193740	0.00006270	0.00010180	0.00601777	0.00455072	0.00241938	0.00012449	0.11344413	0.00051704	0.00109193	0.00679710	0.00728029	0.00055204	0.00627343	0.00000422	0.00037292	0.00329830	0.00550782
T[C>A]A	0.00026623	0.00048033	0.00264001	0.04734066	0.00106735	0.00287967	0.04117184	0.00139745	0.00005190	0.00000000	0.00048064	0.09003492	0.00292179	0.00007516	0.00950280	0.00968544	0.08114794	0.00049234	0.00491906	0.01196561
T[C>A]C	0.00077554	0.00024637	0.00325286	0.05620337	0.00768739	0.01826679	0.02516820	0.00288900	0.00227283	0.00002480	0.00097031	0.04695419	0.01421191	0.00003379	0.01916484	0.00645331	0.02904437	0.00211613	0.00147373	0.00368071
T[C>A]G	0.00000390	0.00015381	0.00018629	0.01277646	0.00283896	0.00012071	0.00298560	0.00006984	0.00017069	0.00007161	0.00047586	0.01458357	0.00006049	0.00001944	0.00946183	0.00000188	0.01120073	0.00037258	0.00041744	0.00106891
T[C>A]T	0.00031790	0.00143277	0.00103376	0.04688519	0.01192461	0.00401314	0.03347974	0.01672882	0.00002524	0.00245998	0.00168212	0.15542892	0.00353784	0.00086594	0.00029920	0.00004122	0.03359948	0.00237769	0.00524637	0.00337166
T[C>G]A	0.00000534	0.00006190	0.00000068	0.00190412	0.00170616	0.01552980	0.00053510	0.00050882	0.00030772	0.00015678	0.00198054	0.00071400	0.00120681	0.00339753	0.00413010	0.00386097	0.31267473	0.00305071	0.03094532	0.00065327
T[C>G]C	0.00004224	0.00001956	0.00134570	0.00550740	0.00458408	0.02982663	0.01315846	0.00102926	0.00000411	0.00000762	0.00356309	0.00382731	0.00518877	0.00119243	0.00793595	0.00080095	0.06442091	0.00324636	0.01837705	0.00319467
T[C>G]G	0.00000007	0.00005799	0.00044081	0.00179041	0.00225438	0.00002386	0.00253307	0.00013493	0.00011109	0.00001526	0.00062639	0.00049256	0.00000914	0.00064227	0.00276218	0.00069226	0.01434992	0.00072792	0.00265390	0.00043694
T[C>G]T	0.00001725	0.00108328	0.00063759	0.00030136	0.00178306	0.03032293	0.01632579	0.00277577	0.00200298	0.00132886	0.00499159	0.00012972	0.01142743	0.00057738	0.01218411	0.00009380	0.36995830	0.00407047	0.04253382	0.00236623
T[C>T]A	0.11190601	0.54468077	0.00005560	0.00329385	0.00525246	0.00023913	0.04436775	0.00247134	0.00016903	0.00006000	0.00200384	0.00947198	0.01798655	0.00195181	0.01876630	0.00039059	0.00414166	0.00164067	0.03387527	0.00264391
T[C>T]C	0.45089445	0.08553239	0.18215222	0.00632466	0.00021236	0.00600419	0.02507901	0.00069857	0.00022297	0.00044725	0.00000001	0.00025669	0.01383277	0.00001776	0.00739493	0.03613308	0.00234365	0.00132821	0.00511485	0.00140760
T[C>T]G	0.07979275	0.04598151	0.05681867	0.00000000	0.02015686	0.00000000	0.00000000	0.00091852	0.10594816	0.00479761	0.00239878	0.01059992	0.00000000	0.00018808	0.01639787	0.00210077	0.00011269	0.00001006	0.01347939	0.00099975
T[C>T]T	0.03679860	0.29060179	0.11125441	0.00647987	0.00982844	0.00114948	0.02966601	0.00391757	0.00025323	0.00048778	0.00172494	0.00021764	0.00085424	0.00027458	0.03304909	0.05008407	0.00178815	0.00512455	0.02668325	0.00264388
T[T>A]A	0.00036216	0.00009931	0.00259064	0.00271862	0.00149523	0.00017868	0.00409790	0.00661665	0.00624537	0.00136185	0.00242774	0.01189507	0.01656136	0.00005018	0.00250516	0.01616680	0.00041346	0.05497481	0.07556472	0.02272619
T[T>A]C	0.00045014	0.00028681	0.00214953	0.00185665	0.00007678	0.01180018	0.01335531	0.00007013	0.00004619	0.00000810	0.00624977	0.00260437	0.03374936	0.00575771	0.00321130	0.00131901	0.00034407	0.02214978	0.00998177	0.00377192
T[T>A]G	0.00000018	0.00005892	0.00179902	0.00382674	0.00519549	0.00372043	0.00655152	0.00016632	0.00018262	0.00000000	0.00349702	0.00171276	0.01163031	0.00149307	0.00187131	0.00543572	0.00033033	0.05707169	0.00636992	0.00113845
T[T>A]T	0.00119455	0.00023468	0.00000206	0.00244192	0.00486166	0.00099441	0.01655852	0.01338313	0.00219936	0.00130736	0.00431673	0.00263351	0.27508990	0.00115915	0.00343111	0.02208260	0.00000000	0.02382279	0.01626703	0.00866606
T[T>C]A	0.00243351	0.00091741	0.00523308	0.00180723	0.00181967	0.01094529	0.00078753	0.01661796	0.00063730	0.00082376	0.07904059	0.00039183	0.03225232	0.00163280	0.01284384	0.07939156	0.00000921	0.00136366	0.06045191	0.00894301
T[T>C]C	0.00074857	0.00004081	0.00166244	0.00000573	0.00310691	0.00685861	0.00572616	0.00932921	0.00287718	0.00064998	0.04123421	0.00802916	0.02140924	0.01453226	0.00384196	0.01323341	0.00028792	0.00045841	0.02409174	0.00546392
T[T>C]G	0.00001358	0.00065549	0.00390238	0.00102479	0.01190307	0.00376063	0.00376155	0.01895660	0.00003368	0.00097509	0.03851879	0.00284222	0.01453730	0.00258027	0.00780213	0.02255330	0.00000223	0.00245274	0.01770939	0.00423994
T[T>C]T	0.00069514	0.00045336	0.00294489	0.00000258	0.01542807	0.00632793	0.00001591	0.03546098	0.00420054	0.00069174	0.05557368	0.00233969	0.09915623	0.02151946	0.00075760	0.03735553	0.00094422	0.00004723	0.03560913	0.00743524
T[T>G]A	0.00004776	0.00024854	0.00069092	0.00000288	0.00415552	0.00831326	0.00633824	0.00000312	0.00026926	0.00000000	0.00176149	0.00000442	0.02071411	0.00001496	0.00245338	0.00023371	0.00000130	0.00249354	0.03432945	0.04861617
T[T>G]C	0.00013234	0.00016536	0.00156261	0.00000787	0.00804151	0.00739700	0.01711182	0.00057498	0.00012178	0.00848733	0.00212463	0.00197812	0.01614515	0.00021093	0.00234705	0.00052318	0.00007412	0.00005067	0.01330590	0.03338764
T[T>G]G	0.00000003	0.00004784	0.00127934	0.00222284	0.00983868	0.01080088	0.01109807	0.00122409	0.00025079	0.00465008	0.00274158	0.00093434	0.00780634	0.00091921	0.00195016	0.00001599	0.00001307	0.00470024	0.01892258	0.01750720
T[T>G]T	0.00008318	0.00005437	0.00040796	0.00044408	0.00331216	0.00110174	0.00548147	0.00752974	0.00001281	0.12018369	0.00272621	0.00101527	0.02130283	0.00420860	0.00110383	0.00030421	0.00000088	0.00013622	0.06649325	0.42639862
