MutationsType	SBS96A	SBS96B	SBS96C	SBS96D	SBS96E	SBS96F	SBS96G	SBS96H	SBS96I	SBS96J	SBS96K	SBS96L	SBS96M	SBS96N	SBS96O	SBS96P	SBS96Q
A[C>A]A	0.00779628	0.04194084	0.02269768	0.04997218	0.00076750	0.00002408	0.00004633	0.00061296	0.00139378	0.05450584	0.00036079	0.00104652	0.00248545	0.00461070	0.00397488	0.00042971	0.00102389
A[C>A]C	0.00888024	0.01362129	0.02285757	0.04014384	0.00219275	0.00009377	0.00062143	0.00012345	0.00035972	0.01532478	0.00061255	0.00063725	0.00137766	0.00026893	0.00208683	0.00075033	0.00083494
A[C>A]G	0.00251958	0.00290174	0.00038463	0.01842217	0.00012135	0.00003346	0.00022352	0.00014850	0.00011988	0.00064903	0.00009613	0.00013603	0.00008521	0.00014074	0.00061888	0.00025143	0.00005426
A[C>A]T	0.00329408	0.01825550	0.01375297	0.03575070	0.00103447	0.00023624	0.00024439	0.00015843	0.00058413	0.02186747	0.00669188	0.00033943	0.00027154	0.00109460	0.00460768	0.00393049	0.00308053
A[C>G]A	0.00809801	0.01459330	0.03079256	0.00693634	0.00237277	0.00005772	0.00016904	0.00027286	0.00000107	0.00086296	0.00478810	0.00337912	0.00073946	0.00070829	0.00604311	0.00160868	0.00542631
A[C>G]C	0.00368261	0.01140859	0.01893170	0.00257390	0.00080049	0.00001053	0.00006545	0.00007346	0.00006536	0.00376400	0.00168767	0.00090366	0.00059162	0.00055296	0.00169987	0.00272581	0.00399047
A[C>G]G	0.00162256	0.00425005	0.00000000	0.00134323	0.00001804	0.00003258	0.00001096	0.00006021	0.00066985	0.00218705	0.00050304	0.00029727	0.00036046	0.00031218	0.00047369	0.00053037	0.00149785
A[C>G]T	0.00669574	0.02208109	0.02566340	0.00296937	0.00162813	0.00003072	0.00034698	0.00011898	0.00014781	0.00523898	0.00502725	0.00430608	0.00034508	0.00218249	0.00432635	0.00380081	0.00622448
A[C>T]A	0.03293808	0.03153890	0.01232102	0.00762842	0.02557462	0.00000429	0.00068620	0.00165369	0.00102385	0.00775767	0.09145178	0.00834354	0.00254756	0.00170284	0.01887678	0.00406997	0.00674400
A[C>T]C	0.01621949	0.01622550	0.01535069	0.00369340	0.00611798	0.02312840	0.00201488	0.00022017	0.03899859	0.00454481	0.02149891	0.00019614	0.00254135	0.00765262	0.00572868	0.00270139	0.00122293
A[C>T]G	0.00026008	0.00564000	0.00881922	0.00212332	0.36843649	0.00001269	0.00003959	0.00675840	0.00033238	0.00133914	0.00000000	0.00009965	0.00042132	0.00019971	0.00073453	0.00152734	0.00076735
A[C>T]T	0.02138550	0.02699416	0.01307744	0.00280737	0.01051175	0.00868874	0.00400734	0.00087788	0.01289717	0.00942243	0.03002740	0.00045683	0.00114579	0.00757689	0.00934622	0.02550551	0.00568867
A[T>A]A	0.00801369	0.01005847	0.00137757	0.00342904	0.00109802	0.00252130	0.00014324	0.00003137	0.00208834	0.00130456	0.00527828	0.00000591	0.00087889	0.01354499	0.05375222	0.00061525	0.00306308
A[T>A]C	0.00866278	0.00499312	0.00962043	0.00321887	0.00329183	0.00035145	0.00138131	0.00023027	0.00053886	0.00076339	0.00286709	0.00026061	0.00069596	0.00294581	0.00836029	0.00173750	0.00204100
A[T>A]G	0.00961037	0.01015243	0.00968559	0.00752922	0.00177669	0.00062389	0.00019597	0.00010375	0.00175571	0.00155966	0.00202672	0.00104982	0.00016404	0.00022214	0.05114029	0.00285281	0.00091753
A[T>A]T	0.00094604	0.00592242	0.00071830	0.00415700	0.00016267	0.00418788	0.00007535	0.00047543	0.00887121	0.00383400	0.02868203	0.00098336	0.00115499	0.06488895	0.00045673	0.03085473	0.04994519
A[T>C]A	0.08700663	0.03387218	0.01379521	0.00496474	0.00230509	0.00040511	0.00063810	0.00022828	0.00078270	0.00143799	0.02365134	0.00205274	0.00028569	0.00062776	0.04127498	0.00762989	0.00148151
A[T>C]C	0.02736516	0.01112144	0.00857105	0.00006085	0.00345033	0.00007495	0.00049855	0.00014000	0.00021630	0.00248960	0.00394040	0.00029429	0.01197496	0.00055947	0.00338820	0.00636951	0.00062068
A[T>C]G	0.06810177	0.02696192	0.01092182	0.00435202	0.00022319	0.00001609	0.00070186	0.00001015	0.00127389	0.00411379	0.03463752	0.00049929	0.00100575	0.00038014	0.01582844	0.01275553	0.00043090
A[T>C]T	0.06522907	0.03102464	0.02003024	0.00035791	0.00654449	0.00045783	0.00116053	0.00023427	0.00257820	0.00635716	0.00419504	0.00217664	0.00940807	0.00269379	0.01182233	0.05014584	0.00603466
A[T>G]A	0.00324769	0.01208144	0.00445945	0.00083426	0.00002744	0.00043791	0.00050490	0.00142433	0.00006630	0.00070420	0.00056088	0.00001032	0.00075862	0.01111486	0.00194728	0.00348209	0.00881929
A[T>G]C	0.00124261	0.01238176	0.00274365	0.00012515	0.00031456	0.00019738	0.00013661	0.00478912	0.00113942	0.00057190	0.00032793	0.00000029	0.00055758	0.00067456	0.00022355	0.00281134	0.00868358
A[T>G]G	0.00749168	0.01404485	0.00857301	0.00067773	0.00075634	0.00023875	0.00016998	0.00097858	0.00178773	0.00311355	0.00149948	0.00000504	0.00099458	0.00040285	0.00674009	0.00944471	0.00630090
A[T>G]T	0.00002976	0.02948363	0.00087757	0.00001572	0.00000785	0.00030839	0.00002028	0.06535197	0.00040561	0.00019867	0.00120856	0.00018750	0.01217226	0.00000000	0.00027901	0.01268244	0.05060562
C[C>A]A	0.00039037	0.01283022	0.02369176	0.09395495	0.00004112	0.00051061	0.00008641	0.00022551	0.00128171	0.08043198	0.00001908	0.00131449	0.00007956	0.00006522	0.00089907	0.01316770	0.00475642
C[C>A]C	0.00062883	0.00212956	0.02462823	0.09906168	0.00189865	0.00014469	0.00031936	0.00002395	0.00093368	0.00869360	0.02672819	0.00052098	0.00135763	0.00177174	0.00459577	0.00320939	0.00044319
C[C>A]G	0.00389085	0.00014465	0.00012181	0.02924084	0.00013313	0.00001516	0.00000000	0.00007118	0.00030215	0.01181960	0.00386010	0.00000000	0.00026188	0.00146734	0.00128912	0.00029114	0.00000142
C[C>A]T	0.00012551	0.00448514	0.00439971	0.08869052	0.00020275	0.00021244	0.00018247	0.00002115	0.00122297	0.02606126	0.07929736	0.00000000	0.00004999	0.01266989	0.00031749	0.00000440	0.00005726
C[C>G]A	0.00507154	0.00509661	0.02999998	0.00911563	0.00025038	0.00000020	0.00002181	0.00010184	0.00040073	0.00000552	0.00112358	0.00643147	0.00085237	0.00000747	0.00315276	0.00147149	0.00052008
C[C>G]C	0.00814801	0.01248056	0.02128365	0.00781698	0.00046541	0.00001642	0.00041498	0.00009646	0.00109744	0.00305582	0.00178735	0.00053509	0.00004374	0.00173723	0.00468703	0.00055664	0.00021858
C[C>G]G	0.00286494	0.00209161	0.00166898	0.00346169	0.00038488	0.00002467	0.00031329	0.00000272	0.00073367	0.00461847	0.00041399	0.00005860	0.00045828	0.00019321	0.00223923	0.00136410	0.00007288
C[C>G]T	0.00690399	0.01726482	0.03390606	0.00726363	0.00004313	0.00008759	0.00006410	0.00006386	0.00069335	0.00354906	0.00151940	0.00657729	0.00002769	0.00441889	0.00185884	0.00076050	0.00362426
C[C>T]A	0.01047115	0.02401761	0.01524085	0.01430976	0.00337473	0.06384462	0.00079895	0.00049218	0.11874397	0.00728375	0.00458940	0.00000871	0.00166782	0.00528010	0.00327943	0.04473573	0.00458328
C[C>T]C	0.00903244	0.01351104	0.01846123	0.01221762	0.00015761	0.06559335	0.00001311	0.00008393	0.20631406	0.00229656	0.00467303	0.00004720	0.00191435	0.00563055	0.00551020	0.00054954	0.00030915
C[C>T]G	0.01442334	0.00412474	0.00462530	0.00239823	0.18530136	0.00667220	0.00413915	0.00736173	0.02472426	0.01828844	0.01792917	0.00284210	0.00278892	0.00917559	0.00897439	0.00357106	0.01453046
C[C>T]T	0.01405452	0.02194776	0.02649570	0.01859303	0.00037665	0.07247228	0.00048155	0.00016436	0.14149216	0.00136565	0.00719053	0.00099665	0.00224087	0.02603099	0.00665258	0.00478173	0.00136447
C[T>A]A	0.00194826	0.00002639	0.00296042	0.00276505	0.00009072	0.00014079	0.00013021	0.00001986	0.00051674	0.00015167	0.00052827	0.00012891	0.00013203	0.00346771	0.09481921	0.00187435	0.00019628
C[T>A]C	0.00221452	0.00487837	0.01816163	0.00584664	0.00008121	0.00006072	0.00023265	0.00186661	0.00060845	0.00157927	0.00280639	0.00025261	0.03878057	0.01422590	0.05501814	0.00024143	0.00052203
C[T>A]G	0.00146990	0.00092300	0.00488895	0.01830277	0.00058574	0.00003620	0.00011498	0.00030820	0.00030762	0.00021602	0.00086901	0.00032304	0.01148681	0.00009502	0.14409454	0.00164762	0.00084431
C[T>A]T	0.00000000	0.00637397	0.00927507	0.00769145	0.00002363	0.00029056	0.00012732	0.00712769	0.00000124	0.00052831	0.00000848	0.00043163	0.07244750	0.04719319	0.04540029	0.00000227	0.00011882
C[T>C]A	0.02600368	0.01550813	0.00853134	0.00501403	0.00017949	0.00053412	0.00009418	0.00036758	0.00101037	0.00000735	0.01289533	0.00021493	0.01084853	0.00768206	0.00563793	0.01150464	0.00353537
C[T>C]C	0.01781240	0.00564254	0.01247212	0.00163718	0.00247116	0.00021839	0.00000613	0.00220870	0.00036885	0.00266159	0.00207117	0.00000794	0.17567920	0.00013156	0.00127486	0.00132139	0.00333617
C[T>C]G	0.03270069	0.01237898	0.00599786	0.00526310	0.00054301	0.00000000	0.00026131	0.00190242	0.00031817	0.00000000	0.03319701	0.00016208	0.09431791	0.00054760	0.00837679	0.00303583	0.00138573
C[T>C]T	0.01695644	0.00068185	0.00049906	0.00039210	0.00002665	0.00173860	0.00041558	0.00904212	0.00787069	0.00337067	0.00571008	0.00008918	0.41464970	0.02684851	0.00152062	0.03120383	0.00109649
C[T>G]A	0.00206000	0.00358178	0.00681831	0.00031073	0.00006204	0.00009840	0.00005697	0.00207432	0.00036297	0.00014088	0.00071036	0.00006225	0.00041109	0.00344858	0.00438095	0.00106567	0.01036216
C[T>G]C	0.00327178	0.00548040	0.01016413	0.00003458	0.00032718	0.00005958	0.00029170	0.03109706	0.00095407	0.00256331	0.00302057	0.00012054	0.00169958	0.00530995	0.00184424	0.00013005	0.01023943
C[T>G]G	0.00461039	0.00532853	0.01611322	0.00261577	0.00025594	0.00000096	0.00003698	0.01359436	0.00108732	0.00313911	0.00409877	0.00018299	0.00049610	0.00124218	0.00933360	0.00030382	0.00540927
C[T>G]T	0.00327512	0.00077828	0.00057896	0.00069833	0.00063133	0.00000000	0.00000000	0.54821099	0.00000000	0.00174157	0.00000011	0.00000000	0.00081423	0.00082515	0.00249403	0.00001046	0.01010954
G[C>A]A	0.00766325	0.01203346	0.00498579	0.02864159	0.00121787	0.00000074	0.00025131	0.00109705	0.00037186	0.14162580	0.00102693	0.00040169	0.00263373	0.00021395	0.00443207	0.00024549	0.00578355
G[C>A]C	0.00993345	0.00901216	0.01110054	0.04454982	0.00055812	0.00019036	0.00012836	0.00002508	0.00000000	0.01613077	0.00438556	0.00023563	0.00079231	0.00005279	0.00381428	0.00040878	0.00020462
G[C>A]G	0.00330918	0.00175765	0.00002648	0.01809953	0.00092454	0.00000550	0.00003816	0.00007879	0.00002927	0.00774972	0.00040645	0.00008654	0.00016457	0.00000663	0.00079563	0.00007730	0.00059817
G[C>A]T	0.00447345	0.00841971	0.01059541	0.02006725	0.00004451	0.00000000	0.00000000	0.00029392	0.00000000	0.08062782	0.01045996	0.00015327	0.00002517	0.00002784	0.00120112	0.00017771	0.00315183
G[C>G]A	0.00321800	0.00326418	0.01972892	0.00618008	0.00016073	0.00000856	0.00005525	0.00007293	0.00001292	0.00035081	0.00085947	0.00135935	0.00109030	0.00011929	0.00272847	0.00031872	0.00139685
G[C>G]C	0.00387689	0.00611785	0.01323042	0.00677340	0.00085504	0.00000212	0.00013984	0.00003483	0.00031158	0.00054501	0.00206499	0.00040272	0.00138754	0.00067540	0.00342585	0.00017308	0.00302241
G[C>G]G	0.00122015	0.00089712	0.00341825	0.00388869	0.00025854	0.00001020	0.00002028	0.00003628	0.00039539	0.00035190	0.00035121	0.00028049	0.00010193	0.00016398	0.00074984	0.00056877	0.00014810
G[C>G]T	0.00584857	0.00564758	0.02291956	0.00289087	0.00033808	0.00000380	0.00019486	0.00000815	0.00033516	0.00108903	0.00247311	0.00284338	0.00074533	0.00121711	0.00422502	0.00107413	0.00251671
G[C>T]A	0.01752123	0.01703360	0.01929161	0.00260989	0.00428038	0.00004246	0.00008206	0.00029330	0.00026805	0.00787088	0.08381403	0.00805490	0.00251803	0.00008170	0.00818351	0.00113881	0.00519289
G[C>T]C	0.01923985	0.01242652	0.01354139	0.00282493	0.00109640	0.01371745	0.00180967	0.00011322	0.02864412	0.00575321	0.07482477	0.00033575	0.00002920	0.00064132	0.00935323	0.00135676	0.00738406
G[C>T]G	0.00686797	0.00021560	0.00000000	0.00000032	0.21358372	0.00000014	0.00000064	0.00753888	0.00000000	0.01686312	0.05467811	0.00211736	0.00146203	0.00000000	0.00217216	0.00021186	0.01689172
G[C>T]T	0.01398762	0.01736007	0.00879071	0.00228806	0.00096390	0.02322435	0.00062375	0.00000410	0.00484573	0.00359523	0.06679584	0.00208021	0.00092165	0.00163796	0.00855999	0.03777438	0.00437386
G[T>A]A	0.00277320	0.00201917	0.00696720	0.00553028	0.00007365	0.00042592	0.00032871	0.00013887	0.00030233	0.00106179	0.00182566	0.00000515	0.00013968	0.00168118	0.03713291	0.00009911	0.00119327
G[T>A]C	0.00200950	0.00259015	0.01053285	0.00256549	0.00004485	0.00023998	0.00012158	0.00027362	0.00008747	0.00200996	0.00257955	0.00025721	0.00294904	0.00265412	0.00977907	0.00031960	0.00131004
G[T>A]G	0.00262455	0.00223993	0.01466440	0.01280279	0.00009299	0.00027191	0.00018154	0.00021594	0.00040801	0.00029382	0.00280783	0.00008543	0.00057517	0.00005911	0.02578364	0.00124588	0.00073032
G[T>A]T	0.00052930	0.00275406	0.01583006	0.00524134	0.00024773	0.00033097	0.00012639	0.00150784	0.00019308	0.00277075	0.00339051	0.00057354	0.00509429	0.02079245	0.00573505	0.00764329	0.00100440
G[T>C]A	0.03442576	0.00473280	0.01119926	0.00274804	0.00027767	0.00010020	0.00003533	0.00004671	0.00001293	0.00007890	0.02162841	0.00010470	0.00045357	0.00001623	0.00350497	0.00343035	0.00154049
G[T>C]C	0.01701343	0.00527530	0.00693704	0.00048938	0.00178908	0.00010114	0.00003311	0.00086014	0.00000515	0.00284041	0.00140970	0.00022684	0.01425831	0.00018870	0.00388596	0.00295549	0.00183099
G[T>C]G	0.02901464	0.00425105	0.01313339	0.00189098	0.00131733	0.00003961	0.00008559	0.00121558	0.00039344	0.00500351	0.01778118	0.00028408	0.00368989	0.00023027	0.00481662	0.00422517	0.00159457
G[T>C]T	0.01444125	0.00313894	0.00127498	0.00001337	0.00003556	0.00055575	0.00043837	0.00060349	0.01150984	0.00223387	0.00867791	0.00000000	0.00459460	0.00606151	0.00178060	0.26965279	0.00193584
G[T>G]A	0.00234131	0.00290873	0.00703015	0.00019935	0.00018084	0.00008377	0.00009930	0.00035210	0.00021624	0.00094698	0.00052008	0.00002834	0.00073430	0.00247268	0.00265402	0.00028042	0.00097884
G[T>G]C	0.00149004	0.00364827	0.00321996	0.00006003	0.00008406	0.00012393	0.00012746	0.00582724	0.00035642	0.00015626	0.00036971	0.00011659	0.00026409	0.00134462	0.00122673	0.00008558	0.00033954
G[T>G]G	0.00387297	0.00280215	0.01665817	0.00171746	0.00051104	0.00024732	0.00023122	0.00147956	0.00289380	0.00706666	0.00140054	0.00099115	0.00088265	0.00568931	0.00305835	0.00381589	0.00195661
G[T>G]T	0.00002736	0.00198445	0.00551625	0.00002744	0.00021094	0.00110998	0.00003865	0.11928504	0.00192445	0.00088946	0.00262820	0.00009952	0.00591813	0.00647309	0.00008718	0.00628833	0.00067032
T[C>A]A	0.00008190	0.03562777	0.00093207	0.04173499	0.00000747	0.00038000	0.00041415	0.00004300	0.00221813	0.08384242	0.00093352	0.07684078	0.00024049	0.00149029	0.00231523	0.01029181	0.00266056
T[C>A]C	0.00359559	0.02399896	0.01595643	0.05287813	0.00251625	0.00054621	0.00011682	0.00016379	0.00342925	0.04736054	0.00235495	0.03112740	0.00066412	0.01281332	0.00115637	0.00776956	0.00033287
T[C>A]G	0.00208252	0.00315349	0.00007324	0.01228300	0.00054100	0.00000378	0.00000896	0.00005038	0.00016865	0.01524865	0.00007463	0.01104758	0.00013602	0.00000486	0.00087133	0.00011844	0.00002226
T[C>A]T	0.00359509	0.02636914	0.00363908	0.03633664	0.00183799	0.00039376	0.00109209	0.00263110	0.00075021	0.15487398	0.01753527	0.03532758	0.00074507	0.00346505	0.00817785	0.00076069	0.00358407
T[C>G]A	0.00348518	0.00012037	0.01330313	0.00145820	0.00008252	0.00000000	0.00003220	0.00015359	0.00012835	0.00162180	0.00107159	0.29878741	0.00328636	0.00100494	0.00549103	0.00348538	0.00161386
T[C>G]C	0.00429214	0.01449384	0.02886125	0.00551507	0.00051128	0.00001248	0.00003625	0.00001474	0.00137793	0.00325785	0.00111628	0.06588619	0.00070078	0.00446645	0.00162541	0.00032678	0.00679517
T[C>G]G	0.00194376	0.00221909	0.00010650	0.00223097	0.00004463	0.00000000	0.00006014	0.00001922	0.00029910	0.00109749	0.00040171	0.01419445	0.00052771	0.00000000	0.00053572	0.00093207	0.00011721
T[C>G]T	0.00790545	0.01139773	0.02554336	0.00061303	0.00218551	0.00044051	0.00000321	0.00127622	0.00003599	0.00009783	0.00192359	0.38690323	0.00048807	0.01253226	0.00321475	0.00033622	0.00592093
T[C>T]A	0.00539865	0.03096723	0.00022714	0.00239019	0.00138358	0.12211650	0.55925153	0.00000272	0.00006580	0.00822353	0.00131762	0.00246880	0.00028034	0.01612626	0.00262391	0.00009559	0.00449787
T[C>T]C	0.00000000	0.01187571	0.00084305	0.00689418	0.00000332	0.45873300	0.07587179	0.00005370	0.15194868	0.00000000	0.00115208	0.00274071	0.00000326	0.01506150	0.00013204	0.08406819	0.00406616
T[C>T]G	0.01284336	0.00034061	0.00004301	0.00000000	0.10165576	0.09503010	0.04370177	0.00376491	0.05615058	0.01308667	0.00256598	0.00119448	0.00058198	0.00000000	0.00322279	0.00146945	0.00139744
T[C>T]T	0.00982596	0.02146122	0.00187193	0.00715405	0.00000587	0.02158366	0.28897754	0.00036790	0.11839521	0.00003516	0.00937571	0.00162150	0.00128500	0.00051537	0.00104081	0.03786142	0.02905068
T[T>A]A	0.00297580	0.00306628	0.00109013	0.00191989	0.00767211	0.00015399	0.00002732	0.00066025	0.00237006	0.01039615	0.00574872	0.00034701	0.00058506	0.02366213	0.05480344	0.01353047	0.07815044
T[T>A]C	0.00280303	0.01182193	0.01090573	0.00194362	0.00007713	0.00031287	0.00011272	0.00021525	0.00184799	0.00141825	0.00001284	0.00041831	0.00530182	0.03798241	0.01769496	0.00147856	0.00642378
T[T>A]G	0.00406545	0.00606012	0.00387429	0.00590338	0.00036389	0.00000041	0.00001347	0.00001069	0.00153379	0.00076048	0.00093374	0.00008171	0.00132950	0.01357793	0.03974444	0.00432540	0.00477236
T[T>A]T	0.00183017	0.01528569	0.00091394	0.00366826	0.00207763	0.00029432	0.00140754	0.00129671	0.00034894	0.00183577	0.01282469	0.00010349	0.00228411	0.26073516	0.01343241	0.02522414	0.00461363
T[T>C]A	0.03813798	0.00179562	0.01346425	0.00116553	0.00008979	0.00239456	0.00026768	0.00060633	0.00487305	0.00000849	0.01900185	0.00000000	0.00101286	0.03995978	0.00556278	0.07199128	0.03447425
T[T>C]C	0.02116171	0.00471692	0.00891629	0.00000834	0.00391089	0.00063147	0.00000213	0.00098111	0.00121726	0.00517652	0.00960064	0.00011661	0.01428788	0.02619473	0.00002586	0.01458027	0.01361264
T[T>C]G	0.02410173	0.00371363	0.00588197	0.00101947	0.00035344	0.00010774	0.00004203	0.00107491	0.00382354	0.00281272	0.01693753	0.00000000	0.00197877	0.01589276	0.00474924	0.02268669	0.01445425
T[T>C]T	0.03456281	0.00014966	0.01054487	0.00004871	0.00502594	0.00088763	0.00015742	0.00043822	0.00313478	0.00052885	0.03035509	0.00034269	0.01940760	0.09324418	0.00148774	0.03698828	0.01239668
T[T>G]A	0.00359770	0.00750945	0.00862822	0.00002158	0.00022632	0.00013719	0.00006017	0.00000060	0.00045111	0.00005795	0.00004636	0.00025949	0.00000028	0.02254351	0.00290574	0.00011445	0.05687867
T[T>G]C	0.00504991	0.01711917	0.00717749	0.00000029	0.00075271	0.00003492	0.00018543	0.00880465	0.00128280	0.00126627	0.00074243	0.00009069	0.00003684	0.01696445	0.00171643	0.00065540	0.03312229
T[T>G]G	0.00547203	0.01197054	0.01188934	0.00174013	0.00093999	0.00000538	0.00009968	0.00444472	0.00092528	0.00105198	0.00252281	0.00000000	0.00161139	0.00852747	0.00572522	0.00056824	0.02095022
T[T>G]T	0.00480097	0.00897958	0.00771339	0.00018894	0.00114466	0.00001665	0.00016057	0.11991735	0.00026170	0.00055289	0.00762315	0.00000000	0.00532893	0.01621010	0.00127622	0.00075525	0.34120500
