MutationsType	ID83A	ID83B	ID83C	ID83D	ID83E	ID83F	ID83G	ID83H	ID83I	ID83J	ID83K	ID83L
1:Del:C:0	0.00240836	0.00000000	0.00040679	0.00064451	0.02417603	0.02014904	0.09262150	0.40329641	0.00263323	0.00348814	0.00004527	0.00565765
1:Del:C:1	0.00000009	0.00001663	0.00000474	0.00352288	0.01946272	0.00076064	0.24527519	0.10014311	0.00511201	0.00005192	0.00018069	0.00000000
1:Del:C:2	0.00000000	0.00000001	0.00000068	0.00354648	0.00000067	0.00449565	0.22780971	0.00000000	0.00705210	0.00001592	0.00357439	0.00000001
1:Del:C:3	0.00130997	0.00092357	0.01119672	0.01094657	0.00536093	0.00000428	0.07291135	0.00851299	0.00625972	0.00125543	0.00136842	0.00064300
1:Del:C:4	0.00254455	0.00032967	0.01016661	0.00040270	0.00006426	0.00187798	0.04689135	0.01206429	0.00005778	0.00100862	0.00031794	0.00216798
1:Del:C:5	0.00886177	0.00080741	0.05502839	0.00143386	0.00040306	0.00064688	0.02572079	0.00007577	0.00002965	0.00294660	0.00245580	0.00555900
1:Del:T:0	0.00410799	0.00006403	0.02579327	0.14947810	0.03640459	0.00028038	0.02983729	0.10597118	0.06351637	0.00334495	0.00469734	0.01889089
1:Del:T:1	0.00000000	0.00000001	0.00000000	0.00161595	0.00064924	0.00000001	0.00161966	0.00747236	0.49052340	0.00000256	0.00004009	0.00000003
1:Del:T:2	0.00309566	0.00007130	0.02027112	0.18694964	0.00251049	0.01067102	0.01013036	0.08441771	0.03616620	0.00062250	0.00029214	0.00960851
1:Del:T:3	0.00755939	0.00040453	0.08296717	0.13441940	0.00080216	0.01894042	0.00351838	0.12621641	0.06496759	0.00020480	0.00575989	0.01673473
1:Del:T:4	0.01746920	0.00023619	0.23781202	0.10139860	0.00000000	0.01329944	0.00288710	0.08783558	0.00939249	0.00027765	0.00012949	0.01462415
1:Del:T:5	0.91493197	0.00026119	0.02729647	0.01742688	0.00040851	0.00048770	0.00049277	0.00439756	0.00142733	0.00123879	0.00328658	0.01393607
1:Ins:C:0	0.00000000	0.00000001	0.00000000	0.00000007	0.00222027	0.00120963	0.00000117	0.00000015	0.00000005	0.00000014	0.00000023	0.53295672
1:Ins:C:1	0.00017136	0.00000000	0.00004242	0.00028518	0.00019187	0.00091093	0.00015394	0.00000000	0.00053068	0.00078792	0.13567824	0.02288281
1:Ins:C:2	0.00000228	0.00000001	0.00000086	0.00137687	0.00018583	0.00000405	0.00055228	0.00000711	0.00161496	0.00043511	0.08931733	0.00498986
1:Ins:C:3	0.00031666	0.00065875	0.00176887	0.00002416	0.00000027	0.00000155	0.00616306	0.00000000	0.00011589	0.00046424	0.03189411	0.00320358
1:Ins:C:4	0.00145260	0.00114305	0.01187920	0.00034915	0.00029544	0.00027332	0.00640132	0.00000492	0.00001607	0.00035807	0.00973494	0.00284981
1:Ins:C:5	0.00308555	0.01504818	0.08296493	0.00027921	0.00144161	0.00000000	0.00704575	0.00000602	0.00000826	0.00503923	0.01203751	0.00503064
1:Ins:T:0	0.00067441	0.00168559	0.00721367	0.00020953	0.00264878	0.00646667	0.01997078	0.01239133	0.02669489	0.00129640	0.00371634	0.03403873
1:Ins:T:1	0.00000002	0.00000000	0.00000000	0.00174545	0.00156026	0.00001963	0.05141501	0.00474141	0.00623321	0.00152512	0.28195852	0.01391956
1:Ins:T:2	0.00022452	0.00000000	0.00224651	0.03682795	0.00000000	0.00000000	0.04332220	0.00000000	0.00835926	0.00067026	0.14844736	0.00794405
1:Ins:T:3	0.00066220	0.00309135	0.00598997	0.01974940	0.00018730	0.00003430	0.02759488	0.00000000	0.01078367	0.00147406	0.10645622	0.00559435
1:Ins:T:4	0.00085698	0.01301636	0.02977479	0.00925683	0.00081222	0.00071485	0.00757520	0.00001418	0.01607939	0.00358863	0.05684938	0.00929542
1:Ins:T:5	0.00112191	0.94145922	0.15703365	0.00220654	0.00604679	0.00466910	0.00406509	0.01103992	0.00115659	0.02198541	0.05655653	0.11672484
2:Del:R:0	0.00001618	0.00006603	0.00002918	0.03138647	0.00729152	0.00065811	0.00674342	0.01099205	0.02742567	0.07087847	0.00003804	0.00166221
2:Del:R:1	0.00158645	0.00002457	0.00987521	0.02168235	0.00625586	0.00087723	0.00860781	0.00029473	0.00725489	0.22377154	0.00160123	0.01002774
2:Del:R:2	0.00128248	0.00004105	0.00433991	0.00091128	0.00002001	0.00155592	0.01405161	0.00004477	0.00234537	0.04907132	0.00101943	0.00501337
2:Del:R:3	0.00058775	0.00025524	0.00188120	0.00000837	0.00001419	0.00019233	0.00724536	0.00000000	0.00000000	0.00902014	0.00008937	0.00073668
2:Del:R:4	0.00049272	0.00000194	0.00334961	0.00097077	0.00007660	0.00018244	0.00306972	0.00020507	0.00014799	0.00318365	0.00011811	0.00029566
2:Del:R:5	0.00000000	0.00000000	0.00000000	0.01356178	0.00004633	0.00000000	0.00057984	0.00000000	0.04316684	0.00060356	0.00449682	0.00024756
3:Del:R:0	0.00000098	0.00001913	0.00001029	0.02388860	0.01256392	0.00080604	0.00104505	0.00152869	0.01060048	0.00471478	0.00067169	0.00108956
3:Del:R:1	0.00304522	0.00258062	0.02190850	0.00221583	0.00033207	0.00458565	0.00000333	0.00118931	0.00056342	0.09822955	0.00242748	0.00776188
3:Del:R:2	0.00173134	0.00017925	0.00684490	0.00019340	0.00039265	0.00039133	0.00000612	0.00044148	0.00019428	0.01818844	0.00048976	0.00236348
3:Del:R:3	0.00032973	0.00021434	0.00106866	0.00096070	0.00020803	0.00000050	0.00001796	0.00001882	0.00011355	0.00436220	0.00028665	0.00063193
3:Del:R:4	0.00000000	0.00000001	0.00000000	0.00608620	0.00000000	0.00000000	0.00015921	0.00000001	0.00792246	0.00032634	0.00114121	0.00004382
3:Del:R:5	0.00000000	0.00000002	0.00000000	0.01034431	0.00000001	0.00001452	0.00007011	0.00000001	0.00883126	0.00004154	0.00111345	0.00002347
4:Del:R:0	0.00000027	0.00000540	0.00000151	0.01477829	0.00786941	0.00152311	0.00035909	0.00125078	0.00640328	0.00822568	0.00011806	0.00018443
4:Del:R:1	0.00095144	0.00016968	0.00864185	0.00042758	0.00017204	0.00235646	0.00005014	0.00160294	0.00000000	0.06382010	0.00051827	0.00232745
4:Del:R:2	0.00036255	0.00000000	0.00128307	0.00005791	0.00000653	0.00048106	0.00000061	0.00019087	0.00000204	0.01119895	0.00006929	0.00079294
4:Del:R:3	0.00000003	0.00000000	0.00000430	0.00558052	0.00000237	0.00014839	0.00000586	0.00000003	0.00210614	0.00368641	0.00013759	0.00017432
4:Del:R:4	0.00000000	0.00000000	0.00000000	0.00434158	0.00012887	0.00000217	0.00007913	0.00000000	0.00641932	0.00075296	0.00087113	0.00003762
4:Del:R:5	0.00011451	0.00000132	0.00082442	0.00291189	0.00002615	0.00000000	0.00000000	0.00000651	0.00086452	0.00017921	0.00010351	0.00002022
5:Del:R:0	0.00000000	0.00000000	0.00000000	0.00219940	0.31389533	0.00884674	0.00248618	0.00000046	0.02057731	0.00246257	0.00020829	0.00138446
5:Del:R:1	0.00234435	0.00000024	0.00662071	0.00028559	0.00001174	0.00787596	0.00000000	0.00002568	0.00068516	0.00899379	0.00041494	0.00066808
5:Del:R:2	0.00026344	0.00003327	0.00122799	0.00066821	0.00047893	0.00047720	0.00000258	0.00003055	0.00007040	0.00293333	0.00008382	0.00020748
5:Del:R:3	0.00006399	0.00000987	0.00048136	0.00033295	0.00000000	0.00010381	0.00001611	0.00000492	0.00014002	0.00139497	0.00007461	0.00017409
5:Del:R:4	0.00006844	0.00000568	0.00013717	0.00007394	0.00005995	0.00007037	0.00004011	0.00000264	0.00011152	0.00000368	0.00001962	0.00000803
5:Del:R:5	0.00000230	0.00000718	0.00016497	0.00099688	0.00001653	0.00002942	0.00000074	0.00003817	0.00032833	0.00038014	0.00007782	0.00009389
2:Ins:R:0	0.00010865	0.00023517	0.00195710	0.00722810	0.00194844	0.00206230	0.00307901	0.00025143	0.01050316	0.00015653	0.00133802	0.02435530
2:Ins:R:1	0.00012977	0.00000002	0.00019941	0.02820312	0.00168486	0.00000000	0.00313016	0.00133999	0.00892109	0.00020479	0.00018973	0.00008589
2:Ins:R:2	0.00040967	0.00000324	0.00516175	0.01135357	0.00016145	0.00057272	0.00123710	0.00007347	0.00255473	0.00047887	0.00047813	0.00085700
2:Ins:R:3	0.00022490	0.00045070	0.00152715	0.00166251	0.00009728	0.00050239	0.00137754	0.00025718	0.00053235	0.00005465	0.00045693	0.00142707
2:Ins:R:4	0.00115672	0.00195683	0.01093640	0.00019932	0.00010135	0.00002786	0.00015404	0.00001977	0.00000553	0.00054541	0.00149173	0.00297344
2:Ins:R:5	0.00474950	0.00972035	0.08742953	0.00136759	0.00246888	0.00012377	0.00000000	0.00002939	0.00006463	0.00584310	0.01116486	0.00590510
3:Ins:R:0	0.00002665	0.00000192	0.00018862	0.00563114	0.00065147	0.00088982	0.00038832	0.00001796	0.00170667	0.00010998	0.00027459	0.00738614
3:Ins:R:1	0.00074184	0.00013852	0.00358979	0.00805628	0.00062177	0.00006799	0.00008383	0.00070601	0.00559289	0.00035415	0.00075204	0.00275014
3:Ins:R:2	0.00017448	0.00000119	0.00065947	0.00163026	0.00012721	0.00081459	0.00002167	0.00005245	0.00077368	0.00091886	0.00006453	0.00014167
3:Ins:R:3	0.00001631	0.00013742	0.00010116	0.00003333	0.00001335	0.00029916	0.00000577	0.00000000	0.00000076	0.00003216	0.00016076	0.00063839
3:Ins:R:4	0.00007537	0.00007463	0.00037621	0.00004711	0.00005650	0.00022192	0.00002966	0.00000718	0.00000031	0.00016691	0.00015276	0.00052272
3:Ins:R:5	0.00140605	0.00096087	0.00558847	0.00004801	0.00007184	0.00000080	0.00000000	0.00003780	0.00004805	0.00016482	0.00065287	0.00225778
4:Ins:R:0	0.00000258	0.00000005	0.00000508	0.00349825	0.00066584	0.00145038	0.00000180	0.00004776	0.00170928	0.00000875	0.00033824	0.00661290
4:Ins:R:1	0.00078001	0.00040453	0.00514678	0.00502711	0.00091305	0.00040905	0.00000284	0.00101768	0.00377006	0.00131977	0.00115013	0.00110788
4:Ins:R:2	0.00000784	0.00004953	0.00008972	0.00065200	0.00006451	0.00047069	0.00001571	0.00002057	0.00016762	0.00026156	0.00009092	0.00002789
4:Ins:R:3	0.00013526	0.00007243	0.00043402	0.00002309	0.00000607	0.00032032	0.00005618	0.00015336	0.00000115	0.00007708	0.00007401	0.00064383
4:Ins:R:4	0.00009073	0.00014445	0.00183537	0.00003127	0.00013561	0.00006670	0.00000058	0.00003991	0.00000000	0.00035222	0.00023060	0.00185225
4:Ins:R:5	0.00149440	0.00048225	0.00734118	0.00119112	0.00072413	0.00016361	0.00001781	0.00002982	0.00011325	0.00051025	0.00075317	0.00058820
5:Ins:R:0	0.00000000	0.00000004	0.00000001	0.00353413	0.00001264	0.00876593	0.00031452	0.00000003	0.00783678	0.00000960	0.00101579	0.00358626
5:Ins:R:1	0.00001014	0.00112814	0.00212947	0.00376018	0.01023263	0.00634605	0.00009317	0.00131215	0.01303712	0.00239405	0.00383479	0.03411166
5:Ins:R:2	0.00000040	0.00012919	0.00053613	0.00045735	0.00003374	0.00120772	0.00005863	0.00006709	0.00005672	0.00018468	0.00086419	0.00089393
5:Ins:R:3	0.00002896	0.00020094	0.00060574	0.00032058	0.00002722	0.00000221	0.00002477	0.00007602	0.00001586	0.00004003	0.00011219	0.00002323
5:Ins:R:4	0.00000025	0.00021861	0.00028977	0.00023166	0.00003094	0.00000808	0.00000020	0.00000444	0.00005982	0.00010033	0.00017743	0.00043769
5:Ins:R:5	0.00002008	0.00002422	0.00095488	0.00089482	0.00031740	0.00004314	0.00003536	0.00006067	0.00006441	0.00013315	0.00016843	0.00027406
2:Del:M:1	0.00000540	0.00001307	0.00005295	0.02861997	0.00013639	0.00000000	0.00706807	0.00037306	0.01401482	0.20041323	0.00007987	0.00492647
3:Del:M:1	0.00000000	0.00000508	0.00000107	0.01402159	0.01189260	0.00053760	0.00070449	0.00266269	0.00970696	0.00742364	0.00014990	0.00108795
3:Del:M:2	0.00147455	0.00049425	0.01108659	0.01065262	0.00270775	0.00423629	0.00020029	0.00034639	0.00204570	0.05651557	0.00168383	0.00459210
4:Del:M:1	0.00007921	0.00000109	0.00016057	0.01253014	0.00641153	0.00247752	0.00000856	0.00197170	0.00370060	0.01118122	0.00000010	0.00022566
4:Del:M:2	0.00027405	0.00000001	0.00123997	0.00847883	0.00024361	0.00904349	0.00004600	0.00198577	0.00086033	0.03094997	0.00009740	0.00150387
4:Del:M:3	0.00043527	0.00000142	0.00127604	0.00223391	0.00016890	0.00506599	0.00001027	0.00054218	0.00063699	0.03728969	0.00052600	0.00338721
5:Del:M:1	0.00041814	0.00000000	0.00001236	0.00056394	0.36986324	0.05916789	0.00006379	0.00000003	0.00156186	0.00001298	0.00000001	0.00022348
5:Del:M:2	0.00000001	0.00000004	0.00000004	0.00015581	0.10626580	0.30574098	0.00179305	0.00000014	0.00033772	0.00000011	0.00000575	0.00087816
5:Del:M:3	0.00000000	0.00000001	0.00000000	0.00202797	0.02377719	0.23545446	0.00095856	0.00000009	0.00120230	0.00007615	0.00000011	0.00007658
5:Del:M:4	0.00029241	0.00000000	0.00066399	0.00292334	0.00151910	0.13159433	0.00040204	0.00001891	0.00000000	0.00299940	0.00002061	0.00004767
5:Del:M:5	0.00112881	0.00011796	0.00986958	0.00374929	0.00014337	0.10474805	0.00000000	0.00000000	0.00339181	0.00021055	0.00046466	0.00036767
