MutationsType	SBS96A	SBS96B	SBS96C	SBS96D	SBS96E	SBS96F	SBS96G	SBS96H	SBS96I	SBS96J	SBS96K	SBS96L	SBS96M	SBS96N	SBS96O	SBS96P	SBS96Q	SBS96R
A[C>A]A	0.00921181	0.02375291	0.04545407	0.04978127	0.00001467	0.00081530	0.00752926	0.00070784	0.00006203	0.00135382	0.05602079	0.00046855	0.00247665	0.00107953	0.00469466	0.00009598	0.00386816	0.00040677
A[C>A]C	0.01282999	0.02380693	0.01263818	0.04029400	0.00016550	0.00209568	0.00459270	0.00011717	0.00061901	0.00018989	0.01584511	0.00047331	0.00145609	0.00043585	0.00040193	0.00048731	0.00074312	0.00134832
A[C>A]G	0.00329798	0.00040923	0.00334431	0.01856481	0.00001962	0.00010931	0.00108587	0.00016851	0.00020898	0.00009580	0.00093362	0.00003334	0.00014570	0.00018831	0.00017598	0.00026462	0.00032684	0.00001422
A[C>A]T	0.00614932	0.01454832	0.01949090	0.03581687	0.00019511	0.00099929	0.00113518	0.00017352	0.00032935	0.00053808	0.02231306	0.00692672	0.00035626	0.00020418	0.00112622	0.00386005	0.00473812	0.00330925
A[C>G]A	0.01386026	0.03222407	0.01123397	0.00698585	0.00005761	0.00215493	0.00354127	0.00032017	0.00018669	0.00000000	0.00094766	0.00457797	0.00076247	0.00319531	0.00047295	0.00143571	0.00426981	0.00623597
A[C>G]C	0.00570477	0.01959275	0.01032520	0.00259538	0.00000628	0.00070475	0.00247332	0.00004722	0.00012213	0.00002564	0.00390480	0.00178624	0.00068676	0.00074405	0.00031430	0.00264356	0.00140753	0.00424085
A[C>G]G	0.00262383	0.00000108	0.00441837	0.00135451	0.00003002	0.00000538	0.00062358	0.00004787	0.00001336	0.00054810	0.00221507	0.00045862	0.00034730	0.00033597	0.00024582	0.00064572	0.00015399	0.00168174
A[C>G]T	0.01230513	0.02659113	0.02064150	0.00308024	0.00003924	0.00159482	0.00296674	0.00014962	0.00037728	0.00008704	0.00478161	0.00484665	0.00027116	0.00419517	0.00202124	0.00362242	0.00315174	0.00636203
A[C>T]A	0.05355992	0.01288023	0.02743725	0.00825480	0.00001463	0.02435926	0.01412513	0.00151978	0.00063614	0.00060843	0.00575512	0.09023122	0.00249944	0.00777054	0.00166164	0.00381568	0.01067000	0.01032797
A[C>T]C	0.02691129	0.01592729	0.01372469	0.00388242	0.02224811	0.00550008	0.00552663	0.00018156	0.00147725	0.03870553	0.00384408	0.02066606	0.00242105	0.00009739	0.00882771	0.00530515	0.00167672	0.00228290
A[C>T]G	0.00054760	0.00879793	0.00767142	0.00182200	0.00001982	0.37384591	0.00020014	0.00441690	0.00003174	0.00029545	0.00070437	0.00089924	0.00002040	0.00003821	0.00013147	0.00156081	0.00206513	0.00033287
A[C>T]T	0.04014418	0.01368552	0.02401718	0.00325099	0.00885614	0.00938613	0.00330813	0.00071516	0.00342584	0.01129583	0.00821883	0.02755122	0.00117238	0.00027921	0.00816920	0.02868999	0.00288351	0.00926932
A[T>A]A	0.00980362	0.00060305	0.01054378	0.00327374	0.00246393	0.00088072	0.00649352	0.00005629	0.00020204	0.00205880	0.00114193	0.00528672	0.00094405	0.00000327	0.01333914	0.00057214	0.05609165	0.00269857
A[T>A]C	0.01015353	0.00964963	0.00374886	0.00327535	0.00048713	0.00326549	0.00651863	0.00022060	0.00108703	0.00034643	0.00057734	0.00268134	0.00069699	0.00021790	0.00324856	0.00161477	0.00745797	0.00241843
A[T>A]G	0.01540825	0.00941762	0.00900339	0.00798678	0.00063310	0.00153411	0.00384204	0.00012585	0.00013965	0.00145136	0.00125629	0.00156461	0.00013960	0.00096177	0.00021819	0.00310166	0.04955117	0.00146267
A[T>A]T	0.00073330	0.00103505	0.00831476	0.00412946	0.00402915	0.00009614	0.00343767	0.00045859	0.00002960	0.00855764	0.00340298	0.02947930	0.00101972	0.00089714	0.06382811	0.03254427	0.00044383	0.04949365
A[T>C]A	0.09365799	0.01127680	0.02792681	0.00574163	0.00048898	0.00131230	0.06589892	0.00025912	0.00040928	0.00035826	0.00022054	0.02215870	0.00038943	0.00176979	0.00083061	0.00462603	0.02794748	0.00295422
A[T>C]C	0.01241921	0.00688022	0.01094294	0.00006349	0.00002988	0.00383950	0.03925216	0.00012898	0.00059712	0.00024462	0.00257374	0.00434443	0.01202102	0.00027858	0.00050311	0.00452542	0.00274729	0.00035122
A[T>C]G	0.05812731	0.00798439	0.02394487	0.00440991	0.00004998	0.00018623	0.07030777	0.00001492	0.00057604	0.00091786	0.00300142	0.03473316	0.00092118	0.00029823	0.00059076	0.00942975	0.00838562	0.00007657
A[T>C]T	0.06472376	0.01854779	0.02675680	0.00078615	0.00078944	0.00594012	0.05661756	0.00024255	0.00077266	0.00134988	0.00545248	0.00247765	0.00912427	0.00199553	0.00261423	0.04792954	0.00251906	0.00696767
A[T>G]A	0.00437938	0.00451289	0.01286419	0.00076084	0.00047106	0.00004196	0.00241016	0.00146970	0.00045672	0.00002741	0.00062122	0.00046378	0.00076442	0.00003080	0.01114447	0.00335343	0.00209162	0.00873175
A[T>G]C	0.00229164	0.00283410	0.01355178	0.00010127	0.00015287	0.00034302	0.00069559	0.00485505	0.00022635	0.00107744	0.00053525	0.00029553	0.00068985	0.00000224	0.00056895	0.00280802	0.00009152	0.00835076
A[T>G]G	0.01234145	0.00885715	0.01319768	0.00083661	0.00030342	0.00051526	0.00266529	0.00104729	0.00011229	0.00132942	0.00272061	0.00104310	0.00096516	0.00000289	0.00050740	0.00982781	0.00503670	0.00714899
A[T>G]T	0.00010593	0.00071416	0.03468977	0.00000611	0.00029977	0.00000000	0.00017633	0.06599020	0.00003829	0.00030792	0.00025239	0.00145419	0.01215557	0.00027729	0.00000000	0.01200828	0.00049025	0.05019248
C[C>A]A	0.00026758	0.02529054	0.01472295	0.09424126	0.00051278	0.00007063	0.00050571	0.00035336	0.00010290	0.00118654	0.08300290	0.00006229	0.00012636	0.00133945	0.00005985	0.01287191	0.00164209	0.00386861
C[C>A]C	0.00082697	0.02697757	0.00231216	0.09898055	0.00015500	0.00195562	0.00047234	0.00003732	0.00039990	0.00088936	0.01030326	0.02876818	0.00149157	0.00038221	0.00194354	0.00296825	0.00547489	0.00061876
C[C>A]G	0.00604172	0.00008572	0.00005300	0.02980502	0.00000333	0.00013642	0.00089845	0.00004948	0.00000116	0.00022173	0.01235405	0.00371532	0.00027648	0.00000155	0.00184782	0.00027643	0.00049509	0.00001312
C[C>A]T	0.00000000	0.00625781	0.00710044	0.08759576	0.00008188	0.00000375	0.00003965	0.00001709	0.00030747	0.00136657	0.02746014	0.08636497	0.00004234	0.00000000	0.01294424	0.00001943	0.00094477	0.00003713
C[C>G]A	0.00830406	0.03136331	0.00200256	0.00920659	0.00000227	0.00018495	0.00227424	0.00009397	0.00004060	0.00030924	0.00000000	0.00115077	0.00090874	0.00612710	0.00003655	0.00150196	0.00204365	0.00120113
C[C>G]C	0.01423722	0.02206666	0.01014048	0.00805371	0.00003311	0.00041685	0.00268866	0.00017315	0.00040818	0.00093977	0.00263587	0.00145386	0.00003029	0.00040559	0.00192134	0.00057212	0.00265358	0.00044916
C[C>G]G	0.00433522	0.00165802	0.00182717	0.00349680	0.00002899	0.00035062	0.00102214	0.00000023	0.00021439	0.00058479	0.00463554	0.00021892	0.00050512	0.00004252	0.00030076	0.00153807	0.00184441	0.00012995
C[C>G]T	0.00974152	0.03521333	0.01525863	0.00729335	0.00009745	0.00004583	0.00495460	0.00006798	0.00005540	0.00059414	0.00339099	0.00162487	0.00008915	0.00652082	0.00438885	0.00071141	0.00124048	0.00409508
C[C>T]A	0.01283618	0.01548745	0.02513860	0.01421690	0.06026103	0.00360387	0.00851911	0.00043045	0.00064302	0.12075743	0.00722082	0.00402099	0.00157423	0.00002473	0.00515068	0.04863196	0.00274081	0.00499111
C[C>T]C	0.00725483	0.01878285	0.01455499	0.01167551	0.05993880	0.00015365	0.00870439	0.00011102	0.00000819	0.21403255	0.00276754	0.00541935	0.00163444	0.00005866	0.00536960	0.00057942	0.00793939	0.00023635
C[C>T]G	0.02786836	0.00446195	0.00250156	0.00275685	0.00631419	0.18642989	0.00219860	0.00602853	0.00358106	0.02419361	0.01656770	0.01281338	0.00251223	0.00238610	0.01000045	0.00599295	0.00640750	0.01674047
C[C>T]T	0.02111789	0.02680062	0.02134141	0.01863456	0.06834988	0.00034145	0.00655992	0.00017480	0.00032913	0.14332649	0.00107924	0.00684930	0.00212978	0.00080639	0.02751137	0.01088498	0.00536336	0.00215412
C[T>A]A	0.00271113	0.00165320	0.00000000	0.00196417	0.00016478	0.00004519	0.00149829	0.00002200	0.00019678	0.00046504	0.00010384	0.00049940	0.00011163	0.00015965	0.00320181	0.00168460	0.10416274	0.00025663
C[T>A]C	0.00133525	0.01791516	0.00435077	0.00509140	0.00002294	0.00007900	0.00339935	0.00182275	0.00041000	0.00064379	0.00192355	0.00305280	0.03893142	0.00025229	0.01428327	0.00004026	0.06297584	0.00042258
C[T>A]G	0.00175875	0.00298374	0.00158509	0.01688036	0.00001203	0.00062210	0.00149054	0.00030865	0.00006755	0.00016412	0.00034991	0.00101669	0.01149938	0.00048503	0.00014327	0.00147459	0.15962570	0.00066027
C[T>A]T	0.00000954	0.00920119	0.00753055	0.00723573	0.00029095	0.00002130	0.00001886	0.00715463	0.00015052	0.00000071	0.00073865	0.00002479	0.07220904	0.00047012	0.04759381	0.00012096	0.05025695	0.00010342
C[T>C]A	0.00955571	0.00698443	0.01645509	0.00485152	0.00050653	0.00023596	0.04081835	0.00042331	0.00016891	0.00117842	0.00002231	0.01427294	0.01095800	0.00017685	0.00733570	0.00929334	0.00562527	0.00215773
C[T>C]C	0.00328588	0.01172637	0.00618602	0.00152370	0.00011501	0.00318415	0.03011134	0.00203832	0.00003979	0.00042104	0.00313199	0.00198464	0.17487091	0.00003117	0.00017045	0.00009977	0.00225302	0.00178578
C[T>C]G	0.02737632	0.00487594	0.01103004	0.00523292	0.00000010	0.00028331	0.03409792	0.00180906	0.00016198	0.00019099	0.00000000	0.03384468	0.09419910	0.00015577	0.00073326	0.00158264	0.00531728	0.00120400
C[T>C]T	0.01083576	0.00023004	0.00127561	0.00047263	0.00172336	0.00007608	0.01667035	0.00818237	0.00010990	0.00692691	0.00381923	0.00439654	0.41704064	0.00018585	0.02847742	0.03139127	0.00066781	0.00201566
C[T>G]A	0.00228502	0.00697491	0.00321965	0.00026426	0.00007355	0.00006524	0.00173436	0.00209462	0.00004915	0.00038666	0.00011470	0.00072503	0.00035596	0.00008491	0.00332877	0.00100579	0.00477604	0.01078869
C[T>G]C	0.00506843	0.01052624	0.00462982	0.00007329	0.00004001	0.00031639	0.00135796	0.03141976	0.00023952	0.00094486	0.00250683	0.00303338	0.00171694	0.00009432	0.00548723	0.00025912	0.00122756	0.01118959
C[T>G]G	0.00764171	0.01668709	0.00340122	0.00277973	0.00000061	0.00021728	0.00193248	0.01369627	0.00000745	0.00104532	0.00301534	0.00402647	0.00040159	0.00012262	0.00120609	0.00027344	0.00823562	0.00656376
C[T>G]T	0.00407851	0.00027330	0.00034807	0.00073760	0.00000000	0.00060782	0.00129405	0.55263244	0.00000000	0.00000000	0.00172543	0.00001119	0.00132801	0.00000000	0.00096404	0.00001180	0.00144195	0.01238648
G[C>A]A	0.01175703	0.00472641	0.01292538	0.02934920	0.00000109	0.00114985	0.00310715	0.00109984	0.00022703	0.00019521	0.14361510	0.00074296	0.00262059	0.00025629	0.00018134	0.00021375	0.00297466	0.00623197
G[C>A]C	0.01144907	0.01161161	0.00918444	0.04422986	0.00017569	0.00051693	0.00735650	0.00003032	0.00011213	0.00000354	0.01679848	0.00436387	0.00096579	0.00019591	0.00009479	0.00009534	0.00293649	0.00042098
G[C>A]G	0.00419955	0.00001515	0.00221035	0.01825530	0.00000571	0.00086984	0.00170699	0.00009533	0.00003552	0.00001033	0.00793304	0.00030435	0.00026632	0.00007609	0.00000491	0.00000801	0.00024701	0.00042924
G[C>A]T	0.00565567	0.01076280	0.00867689	0.02047382	0.00000000	0.00006222	0.00345784	0.00030529	0.00000000	0.00000000	0.08154681	0.01080868	0.00005348	0.00021054	0.00012590	0.00015477	0.00057434	0.00366507
G[C>G]A	0.00558656	0.02063549	0.00104990	0.00619366	0.00000162	0.00015533	0.00113980	0.00007704	0.00002628	0.00000697	0.00036583	0.00080550	0.00108295	0.00133383	0.00008573	0.00042421	0.00220830	0.00183591
G[C>G]C	0.00638262	0.01376956	0.00499199	0.00680328	0.00000676	0.00057640	0.00163863	0.00006772	0.00014937	0.00029645	0.00062312	0.00210296	0.00135216	0.00029166	0.00061639	0.00023615	0.00271577	0.00312204
G[C>G]G	0.00214376	0.00347499	0.00047690	0.00396639	0.00001841	0.00034112	0.00023267	0.00004747	0.00002108	0.00032115	0.00026405	0.00021182	0.00014921	0.00025521	0.00015877	0.00069425	0.00043738	0.00027791
G[C>G]T	0.00907261	0.02394568	0.00295021	0.00295130	0.00001242	0.00019889	0.00293201	0.00000414	0.00014150	0.00023357	0.00097649	0.00227513	0.00066317	0.00281960	0.00117552	0.00103220	0.00328109	0.00311672
G[C>T]A	0.02863764	0.02023970	0.01305477	0.00293189	0.00007435	0.00398649	0.00863323	0.00027446	0.00006915	0.00011509	0.00610472	0.08594070	0.00245476	0.00782540	0.00016945	0.00098684	0.00397142	0.00691221
G[C>T]C	0.03339211	0.01420601	0.00865878	0.00311629	0.01316373	0.00031716	0.00656195	0.00016193	0.00141580	0.02864059	0.00411182	0.07445355	0.00017376	0.00029053	0.00080504	0.00304972	0.00427168	0.00908289
G[C>T]G	0.01286435	0.00000006	0.00000000	0.00000878	0.00000000	0.21481901	0.00295752	0.00601905	0.00000116	0.00000000	0.01530851	0.05530741	0.00125337	0.00166140	0.00000000	0.00012241	0.00410987	0.01704981
G[C>T]T	0.02591985	0.00934063	0.01490461	0.00266907	0.02305806	0.00058901	0.00482750	0.00000767	0.00029166	0.00381057	0.00204012	0.06684722	0.00077830	0.00188550	0.00167679	0.04012177	0.00435706	0.00596139
G[T>A]A	0.00408351	0.00678427	0.00135651	0.00543107	0.00041467	0.00009095	0.00188170	0.00010787	0.00033904	0.00024413	0.00101702	0.00176899	0.00011517	0.00000154	0.00163914	0.00007682	0.03901840	0.00125802
G[T>A]C	0.00265940	0.01078457	0.00176815	0.00252731	0.00025046	0.00003900	0.00153383	0.00030272	0.00022477	0.00009413	0.00203024	0.00267603	0.00293894	0.00016153	0.00245874	0.00021664	0.01019952	0.00131636
G[T>A]G	0.00320843	0.01499815	0.00106808	0.01262272	0.00022600	0.00012817	0.00198648	0.00021181	0.00023672	0.00041245	0.00055898	0.00291587	0.00062229	0.00010655	0.00005673	0.00123203	0.02791775	0.00088164
G[T>A]T	0.00114419	0.01656105	0.00180510	0.00514443	0.00031434	0.00022157	0.00064605	0.00155501	0.00017822	0.00009651	0.00290195	0.00360142	0.00498031	0.00063340	0.02093286	0.00757284	0.00641930	0.00123367
G[T>C]A	0.00658844	0.00859766	0.00385167	0.00249695	0.00001487	0.00051255	0.05977153	0.00004682	0.00013846	0.00004146	0.00027554	0.02490851	0.00022571	0.00019768	0.00000799	0.00074731	0.00443873	0.00114818
G[T>C]C	0.00687463	0.00593510	0.00512160	0.00044982	0.00005741	0.00205199	0.02525027	0.00085387	0.00008471	0.00000856	0.00291699	0.00150899	0.01410315	0.00020164	0.00022900	0.00194628	0.00379398	0.00083402
G[T>C]G	0.01647765	0.01167335	0.00222794	0.00178890	0.00003111	0.00144971	0.03807546	0.00117949	0.00013838	0.00028128	0.00517316	0.01918054	0.00374373	0.00027617	0.00027829	0.00256533	0.00347283	0.00116288
G[T>C]T	0.00488166	0.00127217	0.00267772	0.00001268	0.00080268	0.00000808	0.02460687	0.00053090	0.00030726	0.00654292	0.00188184	0.00668301	0.00428706	0.00000001	0.00589508	0.27291667	0.00146706	0.00151045
G[T>G]A	0.00291035	0.00720698	0.00228932	0.00027233	0.00007017	0.00021139	0.00202735	0.00038034	0.00010723	0.00021475	0.00086717	0.00034226	0.00072970	0.00002000	0.00246193	0.00020472	0.00238464	0.00097554
G[T>G]C	0.00233721	0.00324739	0.00355669	0.00010476	0.00011979	0.00005557	0.00079424	0.00583055	0.00014890	0.00033007	0.00006701	0.00038495	0.00038782	0.00014777	0.00134064	0.00012494	0.00089927	0.00029601
G[T>G]G	0.00585339	0.01726680	0.00095252	0.00182550	0.00019809	0.00041740	0.00216206	0.00145685	0.00020503	0.00284063	0.00702887	0.00124428	0.00073736	0.00084345	0.00584732	0.00393853	0.00233295	0.00267398
G[T>G]T	0.00000943	0.00577449	0.00176808	0.00002211	0.00109916	0.00027875	0.00012014	0.12018624	0.00004016	0.00193037	0.00105740	0.00282409	0.00609897	0.00016194	0.00651822	0.00608842	0.00014032	0.00085087
T[C>A]A	0.00014227	0.00092947	0.04200263	0.04174985	0.00023055	0.00000037	0.00072886	0.00006653	0.00074606	0.00224400	0.08625165	0.00118406	0.00028081	0.07769951	0.00120789	0.00988882	0.00393079	0.00144905
T[C>A]C	0.00629732	0.01663812	0.02635597	0.05294755	0.00041549	0.00257152	0.00202634	0.00013753	0.00021343	0.00330640	0.04874364	0.00245483	0.00076160	0.03108296	0.01318503	0.00781894	0.00128180	0.00000000
T[C>A]G	0.00392587	0.00010470	0.00348549	0.01241786	0.00001121	0.00047499	0.00014254	0.00003170	0.00001285	0.00015249	0.01535683	0.00004563	0.00010762	0.01107426	0.00001036	0.00016894	0.00041177	0.00000546
T[C>A]T	0.00791438	0.00318133	0.02979750	0.03726428	0.00033185	0.00162570	0.00063652	0.00277324	0.00124162	0.00078196	0.15722431	0.01855315	0.00096548	0.03548773	0.00329511	0.00077583	0.00812227	0.00470190
T[C>G]A	0.00187003	0.01402023	0.00022839	0.00150227	0.00000000	0.00007021	0.00293951	0.00014193	0.00002448	0.00004552	0.00163568	0.00115541	0.00304127	0.30248740	0.00043310	0.00339763	0.00550288	0.00152767
T[C>G]C	0.00473518	0.03040976	0.01330579	0.00553019	0.00000185	0.00042144	0.00455428	0.00000964	0.00005994	0.00142043	0.00352387	0.00139356	0.00068787	0.06627637	0.00418880	0.00046734	0.00164530	0.00708457
T[C>G]G	0.00260102	0.00010030	0.00220594	0.00231723	0.00000000	0.00005254	0.00102699	0.00003495	0.00002826	0.00023681	0.00107891	0.00033242	0.00040322	0.01419977	0.00000082	0.00103465	0.00009230	0.00011404
T[C>G]T	0.00284345	0.02637628	0.01268374	0.00037829	0.00039081	0.00212961	0.01776447	0.00131162	0.00004970	0.00006599	0.00016818	0.00231615	0.00043034	0.38757429	0.01159895	0.00031399	0.00416717	0.00524355
T[C>T]A	0.00133034	0.00011557	0.03821323	0.00229350	0.13634585	0.00146676	0.00854811	0.00002113	0.57744269	0.00006690	0.00750944	0.00114641	0.00016126	0.00203998	0.01572240	0.00006454	0.00355901	0.00092081
T[C>T]C	0.00000000	0.00106338	0.01732233	0.00644792	0.45518042	0.00000780	0.00828810	0.00007549	0.07023336	0.15838378	0.00000907	0.00000018	0.00000459	0.00238327	0.01437038	0.08502426	0.00752473	0.00040930
T[C>T]G	0.02298627	0.00000726	0.00000000	0.00000000	0.09463679	0.10076292	0.00168531	0.00310749	0.04330157	0.05553896	0.01222116	0.00050699	0.00037974	0.00065984	0.00000322	0.00617759	0.00153264	0.00323521
T[C>T]T	0.00709138	0.00171112	0.02448765	0.00682913	0.02713602	0.00000596	0.04529647	0.00031160	0.27917695	0.11642245	0.00004331	0.00291771	0.00133712	0.00156986	0.00038335	0.03888516	0.02944451	0.00639772
T[T>A]A	0.00244719	0.00056203	0.00500077	0.00185506	0.00014702	0.00759056	0.00446245	0.00065803	0.00003688	0.00215244	0.01021084	0.00570842	0.00056570	0.00042887	0.02167074	0.01493962	0.05726059	0.07802016
T[T>A]C	0.00023529	0.01086948	0.01363289	0.00147579	0.00021956	0.00016714	0.00607304	0.00023066	0.00025323	0.00213474	0.00162847	0.00001098	0.00528575	0.00042718	0.03696573	0.00121517	0.02180726	0.00586688
T[T>A]G	0.00605261	0.00361693	0.00616043	0.00601599	0.00000000	0.00027502	0.00251384	0.00003655	0.00000103	0.00139922	0.00064085	0.00069963	0.00129679	0.00010579	0.01345220	0.00462622	0.04008610	0.00519934
T[T>A]T	0.00088656	0.00073625	0.02061248	0.00353133	0.00026940	0.00158002	0.00431482	0.00130848	0.00124768	0.00009331	0.00098274	0.01236942	0.00242701	0.00016303	0.26692956	0.02650306	0.01485484	0.00461259
T[T>C]A	0.00514983	0.01094054	0.00286791	0.00072484	0.00225896	0.00023874	0.07027665	0.00060883	0.00068765	0.00499374	0.00015241	0.02122109	0.00089333	0.00000386	0.03739576	0.06571966	0.00746679	0.02871787
T[T>C]C	0.00234000	0.00756895	0.00573479	0.00001329	0.00061374	0.00476209	0.03869303	0.00097041	0.00000976	0.00143912	0.00535582	0.01070214	0.01415052	0.00013329	0.02517061	0.01201690	0.00011470	0.01103061
T[T>C]G	0.01132061	0.00455161	0.00344525	0.00101649	0.00006311	0.00042933	0.03486557	0.00108599	0.00006191	0.00397028	0.00277282	0.01806923	0.00191128	0.00000747	0.01499802	0.02073129	0.00390461	0.01282251
T[T>C]T	0.01361447	0.00888374	0.00000757	0.00002631	0.00088964	0.00512356	0.05215709	0.00035164	0.00022980	0.00307251	0.00043721	0.03179382	0.01952962	0.00037331	0.09281237	0.03380031	0.00027087	0.01162531
T[T>G]A	0.00449709	0.00889016	0.00794957	0.00001636	0.00009810	0.00015005	0.00248068	0.00000000	0.00006492	0.00048860	0.00002620	0.00001125	0.00000235	0.00018794	0.02214016	0.00068637	0.00222734	0.05817833
T[T>G]C	0.00692457	0.00720941	0.01833889	0.00000001	0.00001689	0.00060834	0.00346353	0.00889403	0.00012931	0.00118239	0.00105214	0.00064492	0.00005325	0.00016663	0.01690665	0.00071087	0.00080802	0.03393296
T[T>G]G	0.00930304	0.01219852	0.01133381	0.00176647	0.00000935	0.00073002	0.00228773	0.00449228	0.00009258	0.00087505	0.00087304	0.00226366	0.00150270	0.00000087	0.00847021	0.00080192	0.00491448	0.02159853
T[T>G]T	0.00133713	0.00747714	0.01445081	0.00011395	0.00002283	0.00073489	0.00268104	0.11993156	0.00018497	0.00032149	0.00052699	0.00804346	0.00564643	0.00000000	0.01589123	0.00090635	0.00033476	0.35432911
