MutationsType	SBS96A	SBS96B	SBS96C	SBS96D	SBS96E	SBS96F	SBS96G	SBS96H	SBS96I	SBS96J	SBS96K	SBS96L	SBS96M	SBS96N	SBS96O	SBS96P	SBS96Q	SBS96R
A[C>A]A	0.01098638	0.02390181	0.04502121	0.04990393	0.00087086	0.00001265	0.00731056	0.00003901	0.00061439	0.00146043	0.05553166	0.00044863	0.00236108	0.00115886	0.00457011	0.00018378	0.00405735	0.00024096
A[C>A]C	0.01497064	0.02374054	0.01212956	0.03947496	0.00191320	0.00012778	0.00412859	0.00055788	0.00013013	0.00025950	0.01572395	0.00053780	0.00140936	0.00056421	0.00032954	0.00078973	0.00074193	0.00171187
A[C>A]G	0.00428899	0.00047225	0.00322453	0.01822086	0.00012273	0.00003096	0.00088556	0.00022682	0.00014096	0.00007291	0.00081206	0.00008463	0.00011236	0.00011171	0.00024232	0.00022388	0.00033806	0.00002906
A[C>A]T	0.00690122	0.01464757	0.01911871	0.03574247	0.00119138	0.00022103	0.00104081	0.00027056	0.00013058	0.00050666	0.02211575	0.00675776	0.00027138	0.00030680	0.00118072	0.00387059	0.00485791	0.00313525
A[C>G]A	0.01387101	0.03203396	0.01105836	0.00679449	0.00214745	0.00007352	0.00364191	0.00011275	0.00029291	0.00000334	0.00075423	0.00455695	0.00073942	0.00322296	0.00070987	0.00156236	0.00449973	0.00601057
A[C>G]C	0.00569419	0.01960562	0.01011422	0.00261488	0.00080123	0.00000901	0.00256979	0.00007708	0.00006176	0.00002559	0.00367698	0.00170207	0.00059307	0.00090460	0.00044469	0.00266211	0.00122769	0.00413482
A[C>G]G	0.00253792	0.00000000	0.00449143	0.00135903	0.00000363	0.00002100	0.00068243	0.00000554	0.00005644	0.00063993	0.00220136	0.00048420	0.00036815	0.00028298	0.00024520	0.00060751	0.00009442	0.00161078
A[C>G]T	0.01205720	0.02663765	0.02011579	0.00306916	0.00149236	0.00004309	0.00313140	0.00035162	0.00009787	0.00010917	0.00504413	0.00491176	0.00039586	0.00420626	0.00198173	0.00374198	0.00290065	0.00655643
A[C>T]A	0.05097548	0.01369368	0.02744578	0.00861588	0.02462430	0.00001225	0.01420121	0.00055508	0.00153903	0.00071776	0.00614633	0.09038892	0.00234320	0.00781656	0.00192251	0.00373782	0.00969671	0.00982795
A[C>T]C	0.02619206	0.01596020	0.01365687	0.00397207	0.00557024	0.02277614	0.00518791	0.00154295	0.00023397	0.03850958	0.00377062	0.02061793	0.00241568	0.00010465	0.00882862	0.00504498	0.00137437	0.00227609
A[C>T]G	0.00049511	0.00831366	0.00756939	0.00175639	0.37314465	0.00000793	0.00029406	0.00003285	0.00568211	0.00045115	0.00099769	0.00067108	0.00002050	0.00008964	0.00018703	0.00101845	0.00208856	0.00063734
A[C>T]T	0.03873125	0.01408410	0.02396228	0.00334334	0.00948554	0.00895491	0.00337769	0.00316484	0.00079173	0.01153475	0.00813074	0.02809574	0.00112335	0.00026463	0.00838590	0.02831485	0.00218618	0.00868185
A[T>A]A	0.00951678	0.00043209	0.01063900	0.00287096	0.00090696	0.00252245	0.00657969	0.00013949	0.00002196	0.00202323	0.00123478	0.00530046	0.00088802	0.00000142	0.01335415	0.00066176	0.05843676	0.00290060
A[T>A]C	0.01006847	0.00957707	0.00371241	0.00318931	0.00308550	0.00039838	0.00639217	0.00129164	0.00020375	0.00039815	0.00059125	0.00278889	0.00072730	0.00016846	0.00314521	0.00175452	0.00783097	0.00225535
A[T>A]G	0.01536258	0.00921746	0.00887903	0.00744012	0.00140798	0.00065671	0.00366162	0.00010268	0.00010067	0.00159491	0.00131166	0.00175247	0.00016347	0.00094927	0.00029300	0.00304462	0.05182571	0.00148167
A[T>A]T	0.00044257	0.00104178	0.00852982	0.00427069	0.00006024	0.00424845	0.00624341	0.00003270	0.00052235	0.00861671	0.00360877	0.02919325	0.00122515	0.00093395	0.06235056	0.03228228	0.00042533	0.05131042
A[T>C]A	0.09164459	0.01185159	0.02793269	0.00551422	0.00121830	0.00048685	0.06394321	0.00028805	0.00021700	0.00047215	0.00027863	0.02187989	0.00040153	0.00172146	0.00084798	0.00498391	0.02837881	0.00307277
A[T>C]C	0.01261396	0.00687931	0.01081441	0.00005072	0.00381231	0.00004758	0.03867414	0.00055094	0.00012702	0.00028360	0.00260211	0.00426199	0.01198311	0.00037899	0.00051671	0.00442859	0.00246349	0.00011952
A[T>C]G	0.05697455	0.00822428	0.02415606	0.00447278	0.00012423	0.00003096	0.06892654	0.00049355	0.00000673	0.00106706	0.00305467	0.03482172	0.00085102	0.00039084	0.00054630	0.00970249	0.00825351	0.00001951
A[T>C]T	0.06330320	0.01880437	0.02650390	0.00084200	0.00583484	0.00061227	0.05541273	0.00069546	0.00024497	0.00171758	0.00548324	0.00254814	0.00923964	0.00185589	0.00270279	0.04748575	0.00211838	0.00761933
A[T>G]A	0.00447815	0.00456214	0.01280022	0.00083541	0.00002290	0.00046618	0.00248606	0.00040893	0.00140604	0.00003312	0.00063486	0.00043374	0.00074935	0.00000506	0.01121118	0.00346568	0.00162323	0.00886636
A[T>G]C	0.00231984	0.00296228	0.01343049	0.00011846	0.00033830	0.00016576	0.00058810	0.00016904	0.00479897	0.00107019	0.00051232	0.00027707	0.00054500	0.00000265	0.00064485	0.00273383	0.00009790	0.00832954
A[T>G]G	0.01197355	0.00891439	0.01314051	0.00076113	0.00047338	0.00025204	0.00259111	0.00011329	0.00098286	0.00149742	0.00276890	0.00120206	0.00095020	0.00000000	0.00057087	0.00960563	0.00520472	0.00681817
A[T>G]T	0.00010024	0.00102332	0.03484509	0.00000179	0.00000000	0.00032148	0.00024528	0.00002178	0.06563694	0.00030489	0.00032527	0.00158630	0.01227214	0.00025180	0.00000000	0.01213396	0.00042242	0.04960573
C[C>A]A	0.00043711	0.02518567	0.01452739	0.09556944	0.00005777	0.00050865	0.00062602	0.00011313	0.00021270	0.00124405	0.08240884	0.00002913	0.00007364	0.00130055	0.00006184	0.01285176	0.00137103	0.00482200
C[C>A]C	0.00088246	0.02636332	0.00168555	0.09940499	0.00194535	0.00008637	0.00070806	0.00040543	0.00002718	0.00100766	0.01025863	0.02839642	0.00149465	0.00047061	0.00206919	0.00310171	0.00536200	0.00064236
C[C>A]G	0.00671006	0.00011174	0.00005849	0.02963468	0.00009411	0.00001719	0.00077142	0.00000000	0.00005368	0.00020908	0.01225662	0.00368130	0.00028034	0.00000000	0.00180984	0.00025801	0.00050304	0.00000657
C[C>A]T	0.00000000	0.00639268	0.00688469	0.08880323	0.00000508	0.00011340	0.00005245	0.00036097	0.00002321	0.00136596	0.02744853	0.08550047	0.00005563	0.00000000	0.01298650	0.00000283	0.00074861	0.00013084
C[C>G]A	0.00864514	0.03098199	0.00154937	0.00888276	0.00020845	0.00000035	0.00235582	0.00001885	0.00008760	0.00035527	0.00000000	0.00103020	0.00085671	0.00628333	0.00000546	0.00158086	0.00229336	0.00110974
C[C>G]C	0.01428783	0.02195283	0.00990735	0.00783063	0.00033650	0.00001231	0.00244381	0.00037503	0.00011379	0.00101299	0.00269411	0.00151578	0.00003354	0.00034964	0.00190117	0.00057134	0.00284618	0.00038433
C[C>G]G	0.00435541	0.00171338	0.00178700	0.00353055	0.00034646	0.00003007	0.00098012	0.00028629	0.00000105	0.00063289	0.00453953	0.00026736	0.00045120	0.00002679	0.00023885	0.00142008	0.00170158	0.00022992
C[C>G]T	0.00943238	0.03505167	0.01464464	0.00729932	0.00004769	0.00007679	0.00527762	0.00007077	0.00004909	0.00070184	0.00348431	0.00148368	0.00003745	0.00658794	0.00446524	0.00064183	0.00103579	0.00384194
C[C>T]A	0.01285756	0.01605272	0.02478165	0.01432272	0.00325666	0.06214927	0.00834029	0.00065167	0.00050466	0.12002089	0.00701565	0.00434837	0.00157278	0.00000000	0.00527754	0.04793397	0.00287566	0.00473903
C[C>T]C	0.00674109	0.01867237	0.01436604	0.01190761	0.00015315	0.06257630	0.00924617	0.00000000	0.00006859	0.21225144	0.00271748	0.00536996	0.00183628	0.00007813	0.00555887	0.00070777	0.00792360	0.00031269
C[C>T]G	0.02654499	0.00463563	0.00268386	0.00279913	0.18616383	0.00650854	0.00274732	0.00371646	0.00662273	0.02412088	0.01714713	0.01403575	0.00243641	0.00245990	0.00969096	0.00561788	0.00389470	0.01747516
C[C>T]T	0.02021605	0.02700790	0.02087763	0.01892198	0.00022357	0.07061584	0.00651459	0.00028502	0.00019230	0.14243879	0.00100863	0.00688415	0.00204387	0.00101634	0.02716214	0.01070985	0.00507552	0.00234431
C[T>A]A	0.00299115	0.00120455	0.00000000	0.00145065	0.00006021	0.00016507	0.00132491	0.00013910	0.00002337	0.00040803	0.00006380	0.00051770	0.00013386	0.00013061	0.00338572	0.00176498	0.10745745	0.00024309
C[T>A]C	0.00156842	0.01747076	0.00425736	0.00469510	0.00009760	0.00005658	0.00336536	0.00029396	0.00183842	0.00066266	0.00195155	0.00298977	0.03877702	0.00026799	0.01415339	0.00009443	0.06504449	0.00041258
C[T>A]G	0.00170314	0.00227731	0.00165328	0.01562947	0.00065416	0.00002082	0.00152312	0.00011802	0.00028263	0.00019469	0.00037479	0.00100819	0.01146425	0.00037071	0.00005715	0.00170482	0.16763525	0.00027149
C[T>A]T	0.00022689	0.00874735	0.00757749	0.00694743	0.00002408	0.00027078	0.00013738	0.00014081	0.00708624	0.00000000	0.00092061	0.00000918	0.07245779	0.00041687	0.04762205	0.00007864	0.05259710	0.00015495
C[T>C]A	0.00988138	0.00694655	0.01629089	0.00487426	0.00034591	0.00045668	0.04043391	0.00021062	0.00038710	0.00118016	0.00001095	0.01412465	0.01099217	0.00027244	0.00743536	0.00933307	0.00573072	0.00199211
C[T>C]C	0.00354818	0.01154837	0.00609577	0.00158179	0.00310252	0.00022996	0.02948295	0.00005414	0.00212262	0.00044998	0.00322458	0.00210132	0.17474137	0.00001065	0.00012581	0.00015587	0.00205717	0.00186782
C[T>C]G	0.02704679	0.00513310	0.01098940	0.00506810	0.00044803	0.00000016	0.03398926	0.00027421	0.00179775	0.00022631	0.00000000	0.03370780	0.09411549	0.00007655	0.00063315	0.00157114	0.00478779	0.00111265
C[T>C]T	0.01074933	0.00018759	0.00149215	0.00055249	0.00002113	0.00187427	0.01635877	0.00009427	0.00858576	0.00692188	0.00424220	0.00460204	0.41602883	0.00011732	0.02836367	0.03156838	0.00044053	0.00190351
C[T>G]A	0.00212685	0.00697126	0.00327792	0.00024892	0.00005396	0.00008107	0.00189174	0.00004597	0.00208621	0.00043745	0.00012783	0.00071001	0.00038754	0.00005825	0.00332375	0.00097357	0.00484179	0.01060008
C[T>G]C	0.00484057	0.01051107	0.00466408	0.00005541	0.00030905	0.00005258	0.00154610	0.00027878	0.03124028	0.00089743	0.00243418	0.00295581	0.00170538	0.00007776	0.00543467	0.00013494	0.00128631	0.01103355
C[T>G]G	0.00773604	0.01661476	0.00327100	0.00264693	0.00019013	0.00000114	0.00182254	0.00001020	0.01361909	0.00103414	0.00301612	0.00388436	0.00053362	0.00009168	0.00126824	0.00026191	0.00882881	0.00620770
C[T>G]T	0.00403684	0.00036930	0.00114160	0.00076822	0.00067390	0.00000000	0.00134323	0.00000016	0.55089444	0.00000000	0.00154932	0.00001740	0.00188304	0.00000000	0.00119912	0.00001406	0.00174083	0.01039580
G[C>A]A	0.01331426	0.00519121	0.01366216	0.02978857	0.00101761	0.00000039	0.00299206	0.00021728	0.00111508	0.00033363	0.14261292	0.00077495	0.00245564	0.00039937	0.00024282	0.00023358	0.00286566	0.00658114
G[C>A]C	0.01590170	0.01170800	0.00903407	0.04291316	0.00053242	0.00019515	0.00671084	0.00010724	0.00003101	0.00000224	0.01643299	0.00437408	0.00084449	0.00023230	0.00008535	0.00012385	0.00288199	0.00049085
G[C>A]G	0.00515843	0.00000429	0.00219298	0.01799286	0.00083149	0.00000670	0.00145141	0.00004088	0.00007479	0.00001233	0.00792959	0.00036368	0.00015954	0.00007236	0.00000927	0.00000637	0.00021178	0.00088365
G[C>A]T	0.00744902	0.01114184	0.00898924	0.02060150	0.00002276	0.00000000	0.00306005	0.00000000	0.00031536	0.00000000	0.08121491	0.01070750	0.00003315	0.00016575	0.00005289	0.00009623	0.00037199	0.00360383
G[C>G]A	0.00579467	0.02036769	0.00093487	0.00600583	0.00011152	0.00000752	0.00122630	0.00004589	0.00005850	0.00000884	0.00032244	0.00073888	0.00106753	0.00137733	0.00010854	0.00034470	0.00231498	0.00199870
G[C>G]C	0.00626617	0.01363845	0.00473281	0.00683379	0.00061889	0.00000472	0.00186640	0.00011578	0.00004098	0.00025401	0.00053468	0.00211552	0.00139624	0.00040668	0.00064853	0.00017487	0.00282776	0.00334009
G[C>G]G	0.00226776	0.00352026	0.00047244	0.00389680	0.00021480	0.00001970	0.00018621	0.00001545	0.00003242	0.00034177	0.00033021	0.00030436	0.00013346	0.00023321	0.00019562	0.00060490	0.00045987	0.00032608
G[C>G]T	0.00893283	0.02357099	0.00275638	0.00289734	0.00024376	0.00000656	0.00288434	0.00016910	0.00000755	0.00026872	0.00087157	0.00232224	0.00073798	0.00276190	0.00124790	0.00101090	0.00336006	0.00326946
G[C>T]A	0.02773122	0.02078425	0.01329503	0.00301530	0.00379717	0.00005519	0.00841956	0.00005900	0.00026362	0.00017675	0.00658459	0.08556926	0.00249313	0.00774431	0.00007988	0.00092148	0.00362689	0.00664436
G[C>T]C	0.03213021	0.01483748	0.00859559	0.00341583	0.00031635	0.01358625	0.00613061	0.00133957	0.00011102	0.02844220	0.00459547	0.07451567	0.00005198	0.00019358	0.00077951	0.00295099	0.00360860	0.00934234
G[C>T]G	0.01207649	0.00000000	0.00000000	0.00000000	0.21524292	0.00000000	0.00343778	0.00000000	0.00674750	0.00000502	0.01683858	0.05545285	0.00143102	0.00183045	0.00000000	0.00016428	0.00000383	0.01881903
G[C>T]T	0.02510904	0.00998076	0.01492868	0.00271205	0.00061960	0.02351027	0.00446613	0.00029901	0.00001021	0.00387544	0.00245178	0.06657836	0.00084949	0.00189857	0.00159294	0.03964509	0.00423807	0.00601000
G[T>A]A	0.00419533	0.00651520	0.00135669	0.00501137	0.00005610	0.00041748	0.00185383	0.00033637	0.00013739	0.00031979	0.00105829	0.00175929	0.00010819	0.00000063	0.00164377	0.00004603	0.04115650	0.00125636
G[T>A]C	0.00248907	0.01063395	0.00160604	0.00238598	0.00003899	0.00023365	0.00182622	0.00014425	0.00024564	0.00010265	0.00213886	0.00274349	0.00298682	0.00019856	0.00256378	0.00029101	0.01103347	0.00143408
G[T>A]G	0.00324460	0.01474369	0.00083582	0.01248054	0.00013179	0.00024888	0.00215788	0.00017822	0.00021665	0.00043099	0.00040453	0.00286187	0.00057070	0.00009560	0.00007645	0.00120004	0.02911451	0.00088920
G[T>A]T	0.00115062	0.01635028	0.00165005	0.00522226	0.00023637	0.00034383	0.00078279	0.00013176	0.00154259	0.00014236	0.00285710	0.00350153	0.00507446	0.00060731	0.02090643	0.00758485	0.00657754	0.00147334
G[T>C]A	0.00728027	0.00855822	0.00395542	0.00253955	0.00050528	0.00004586	0.05881916	0.00011631	0.00004699	0.00004165	0.00023503	0.02456056	0.00032040	0.00015695	0.00000835	0.00091734	0.00424623	0.00120938
G[T>C]C	0.00696136	0.00567692	0.00502506	0.00039406	0.00215740	0.00007938	0.02508352	0.00004726	0.00089529	0.00000548	0.00293776	0.00155106	0.01412060	0.00023389	0.00022241	0.00197294	0.00416440	0.00098136
G[T>C]G	0.01621573	0.01180830	0.00223769	0.00186836	0.00145407	0.00002348	0.03771438	0.00008545	0.00123318	0.00048007	0.00506526	0.01910724	0.00369392	0.00029727	0.00023559	0.00237095	0.00319351	0.00134624
G[T>C]T	0.00553892	0.00096634	0.00305727	0.00003904	0.00002411	0.00068717	0.02394341	0.00031582	0.00065711	0.00731594	0.00180311	0.00695397	0.00459967	0.00000000	0.00592094	0.27155667	0.00157889	0.00175700
G[T>G]A	0.00280162	0.00713608	0.00217972	0.00021718	0.00022057	0.00007792	0.00201100	0.00010223	0.00033931	0.00023258	0.00082122	0.00046056	0.00069831	0.00002026	0.00246297	0.00027895	0.00247676	0.00112871
G[T>G]C	0.00228524	0.00326293	0.00348312	0.00005056	0.00006481	0.00012447	0.00084564	0.00009321	0.00586153	0.00035296	0.00011468	0.00033834	0.00029567	0.00011455	0.00136471	0.00006159	0.00106603	0.00028933
G[T>G]G	0.00576946	0.01724060	0.00082963	0.00189377	0.00041622	0.00018610	0.00192565	0.00024511	0.00143704	0.00281905	0.00687546	0.00125988	0.00079705	0.00091290	0.00590704	0.00407350	0.00219127	0.00251476
G[T>G]T	0.00001484	0.00576527	0.00195160	0.00003981	0.00022148	0.00108405	0.00007949	0.00003970	0.11992542	0.00196687	0.00094670	0.00275490	0.00628041	0.00014045	0.00650100	0.00621233	0.00016044	0.00092620
T[C>A]A	0.00033625	0.00140718	0.04238248	0.04290086	0.00000028	0.00023667	0.00109239	0.00070994	0.00006304	0.00224526	0.08554420	0.00119119	0.00025911	0.07750143	0.00149972	0.01013133	0.00356206	0.00113924
T[C>A]C	0.00782893	0.01674012	0.02640608	0.05297281	0.00263942	0.00044907	0.00144747	0.00013642	0.00014761	0.00338588	0.04837017	0.00236632	0.00064204	0.03147763	0.01332769	0.00784314	0.00119223	0.00010921
T[C>A]G	0.00438215	0.00011721	0.00366219	0.01239227	0.00044014	0.00000142	0.00019658	0.00000248	0.00003692	0.00015504	0.01524115	0.00001327	0.00015589	0.01105096	0.00000755	0.00013239	0.00038463	0.00000591
T[C>A]T	0.00700384	0.00403709	0.03043509	0.03904633	0.00156291	0.00030153	0.00109700	0.00122467	0.00273183	0.00087808	0.15681384	0.01814718	0.00081802	0.03556267	0.00343619	0.00078057	0.00743690	0.00416206
T[C>G]A	0.00184308	0.01403308	0.00062013	0.00137120	0.00007019	0.00000000	0.00976600	0.00003313	0.00011513	0.00005467	0.00144696	0.00132290	0.00312259	0.29936050	0.00083181	0.00367590	0.00599451	0.00176292
T[C>G]C	0.00471723	0.03028732	0.01292070	0.00547995	0.00054053	0.00000218	0.00537642	0.00004172	0.00001252	0.00144090	0.00332587	0.00134914	0.00065703	0.06621520	0.00432162	0.00045801	0.00160822	0.00707788
T[C>G]G	0.00253041	0.00009190	0.00227730	0.00229147	0.00004812	0.00000000	0.00121581	0.00006131	0.00002357	0.00026087	0.00103468	0.00033207	0.00046499	0.01429380	0.00000131	0.00094491	0.00012258	0.00013924
T[C>G]T	0.00231917	0.02655320	0.01287747	0.00059078	0.00221431	0.00040498	0.01289538	0.00003589	0.00133375	0.00007420	0.00008804	0.00262257	0.00052461	0.38990393	0.01218802	0.00052025	0.00414676	0.00526267
T[C>T]A	0.00186763	0.00013259	0.03896902	0.00240709	0.00175638	0.12828437	0.00740908	0.56777530	0.00001767	0.00006340	0.00775310	0.00089183	0.00019706	0.00187349	0.01588581	0.00003965	0.00402745	0.00114484
T[C>T]C	0.00000000	0.00103132	0.01707125	0.00673247	0.00000000	0.45914854	0.00837067	0.07325486	0.00002971	0.15711943	0.00000000	0.00010514	0.00000000	0.00271992	0.01474900	0.08858402	0.00334280	0.00058200
T[C>T]G	0.02191673	0.00000000	0.00000000	0.00000000	0.10111379	0.09562810	0.00202495	0.04280054	0.00339255	0.05554706	0.01253808	0.00071355	0.00034580	0.00076853	0.00000000	0.00578250	0.00001053	0.00396369
T[C>T]T	0.00716633	0.00176145	0.02584211	0.00693905	0.00000771	0.02145039	0.03757662	0.28774624	0.00028314	0.11725996	0.00000942	0.00291889	0.00141910	0.00114545	0.00021548	0.03881810	0.01505435	0.00650404
T[T>A]A	0.00215340	0.00031626	0.00534351	0.00152132	0.00754015	0.00015905	0.00778781	0.00003159	0.00071502	0.00222153	0.01045701	0.00579233	0.00057864	0.00033531	0.02082452	0.01467480	0.06016563	0.07710602
T[T>A]C	0.00031333	0.01057423	0.01340591	0.00128769	0.00014646	0.00024912	0.00657409	0.00016554	0.00022438	0.00210237	0.00165257	0.00001072	0.00534360	0.00052451	0.03698755	0.00109615	0.02295745	0.00622890
T[T>A]G	0.00608742	0.00338819	0.00621283	0.00565546	0.00034821	0.00000030	0.00278224	0.00000100	0.00001650	0.00141897	0.00058973	0.00071536	0.00134352	0.00003741	0.01355238	0.00457226	0.04232746	0.00516258
T[T>A]T	0.00123208	0.00040403	0.02096894	0.00345702	0.00193775	0.00029307	0.00495805	0.00131113	0.00133010	0.00010217	0.00144187	0.01246736	0.00241154	0.00008910	0.26665869	0.02580896	0.01524338	0.00401401
T[T>C]A	0.00580013	0.01065943	0.00262273	0.00087273	0.00018330	0.00233961	0.07143842	0.00050591	0.00066899	0.00520510	0.00014137	0.02132821	0.00095373	0.00000396	0.03669127	0.06565850	0.00712392	0.03087545
T[T>C]C	0.00269011	0.00745511	0.00549984	0.00001315	0.00471515	0.00061465	0.03888891	0.00000308	0.00099965	0.00146436	0.00546636	0.01068032	0.01424717	0.00014631	0.02495946	0.01235975	0.00000000	0.01207452
T[T>C]G	0.01131162	0.00454805	0.00344238	0.00105763	0.00050392	0.00008772	0.03545874	0.00004400	0.00106565	0.00391239	0.00275462	0.01780875	0.00190787	0.00000069	0.01493284	0.02092269	0.00353133	0.01305507
T[T>C]T	0.01356004	0.00863951	0.00001061	0.00005556	0.00540022	0.00081226	0.05297287	0.00020092	0.00040858	0.00330648	0.00049327	0.03189208	0.01939463	0.00037136	0.09295275	0.03370661	0.00022085	0.01251595
T[T>G]A	0.00436119	0.00872493	0.00807677	0.00000489	0.00015667	0.00014035	0.00364764	0.00003269	0.00000000	0.00041884	0.00001486	0.00002392	0.00000000	0.00027892	0.02201282	0.00063219	0.00270158	0.05739781
T[T>G]C	0.00668300	0.00732705	0.01827512	0.00000055	0.00060451	0.00002128	0.00384451	0.00017227	0.00886441	0.00118839	0.00122890	0.00068755	0.00004683	0.00008619	0.01701305	0.00085853	0.00100798	0.03337946
T[T>G]G	0.00884492	0.01221844	0.01135819	0.00190176	0.00073944	0.00000481	0.00290287	0.00009257	0.00438446	0.00087124	0.00087810	0.00227249	0.00158131	0.00000086	0.00842501	0.00081210	0.00436768	0.02149412
T[T>G]T	0.00090657	0.00746434	0.01580062	0.00017160	0.00076208	0.00002218	0.00492189	0.00018355	0.11982702	0.00022781	0.00053070	0.00820254	0.00584285	0.00000000	0.01622731	0.00124851	0.00051455	0.34884076
