MutationsType	SBS96A	SBS96B	SBS96C	SBS96D	SBS96E	SBS96F	SBS96G	SBS96H	SBS96I	SBS96J	SBS96K	SBS96L	SBS96M	SBS96N	SBS96O	SBS96P	SBS96Q	SBS96R
A[C>A]A	0.00685533	0.00191545	0.01259783	0.00022099	0.04724415	0.03809389	0.02638120	0.00118752	0.00073758	0.00155694	0.00065925	0.05175735	0.00186123	0.00484169	0.00333673	0.00005321	0.00876378	0.00711252
A[C>A]C	0.00225989	0.00022203	0.01383303	0.00042965	0.03957938	0.01391800	0.02251866	0.00231116	0.00031950	0.00155790	0.00012563	0.01411290	0.00074211	0.00107508	0.00118913	0.00501708	0.00370657	0.00151801
A[C>A]G	0.00022355	0.00011329	0.00279468	0.00009471	0.01846506	0.00407214	0.00053816	0.00002354	0.00007904	0.00021432	0.00004067	0.00187872	0.00024111	0.00031322	0.00019679	0.00051879	0.00037088	0.00043711
A[C>A]T	0.00240291	0.00047214	0.00681007	0.00034944	0.03393223	0.01881943	0.01502433	0.00101879	0.00003450	0.00641513	0.00046245	0.02347234	0.00035407	0.00218647	0.00049618	0.00319549	0.00588202	0.00268109
A[C>G]A	0.00022493	0.00001517	0.01425334	0.00021543	0.00755114	0.01371187	0.03064509	0.00209319	0.00198491	0.00459678	0.00012163	0.00111584	0.00396548	0.00087119	0.00072056	0.01034925	0.00148755	0.00176094
A[C>G]C	0.00036042	0.00014259	0.00795459	0.00024596	0.00306051	0.01134779	0.01859499	0.00127905	0.00061238	0.00129107	0.00004944	0.00202117	0.00104589	0.00050942	0.00058520	0.00354223	0.00260197	0.00069152
A[C>G]G	0.00034201	0.00047948	0.00289463	0.00005971	0.00135246	0.00451150	0.00001478	0.00015907	0.00012443	0.00032185	0.00000477	0.00157475	0.00026014	0.00004624	0.00033963	0.00217627	0.00108385	0.00032921
A[C>G]T	0.00071356	0.00017649	0.01450840	0.00035061	0.00370124	0.02004725	0.02730358	0.00112429	0.00122090	0.00502038	0.00032488	0.00275351	0.00410877	0.00200784	0.00025767	0.01042165	0.00347112	0.00088960
A[C>T]A	0.00082418	0.00184816	0.06187083	0.00102637	0.00800887	0.03019757	0.01258228	0.02629822	0.00062679	0.09351467	0.00053890	0.00334413	0.00753920	0.00186823	0.00211314	0.00299441	0.00453517	0.00548067
A[C>T]C	0.01936262	0.03911834	0.02968411	0.00152141	0.00407088	0.01536215	0.01580781	0.00724327	0.00084076	0.02015502	0.00005830	0.00179911	0.00017988	0.00743723	0.00183936	0.00392037	0.00236246	0.00169162
A[C>T]G	0.00119756	0.00146033	0.00048296	0.00003199	0.00145355	0.00193735	0.01051604	0.35766825	0.00021101	0.01032024	0.00056386	0.00080388	0.00038566	0.00088934	0.00109274	0.00326972	0.00380835	0.00074080
A[C>T]T	0.00864305	0.01101445	0.03893908	0.00251114	0.00378199	0.02578415	0.01467807	0.01028578	0.00047719	0.03339510	0.00016197	0.00451474	0.00062630	0.01020671	0.00135091	0.00458041	0.02815549	0.00327016
A[T>A]A	0.00281628	0.00211526	0.00860119	0.00022066	0.00470773	0.00929095	0.00130049	0.00053202	0.00218264	0.00534801	0.00005844	0.00153194	0.00003127	0.01152263	0.00083431	0.01418072	0.00296622	0.06739905
A[T>A]C	0.00083060	0.00033062	0.01115167	0.00114161	0.00273540	0.00443990	0.00977525	0.00214316	0.00316253	0.00359178	0.00027979	0.00054174	0.00017203	0.00367414	0.00087045	0.00300089	0.00235263	0.01449152
A[T>A]G	0.00098918	0.00128289	0.01386391	0.00030673	0.00920027	0.00979834	0.00998125	0.00100670	0.00102090	0.00168827	0.00005216	0.00184474	0.00066308	0.00036375	0.00021291	0.00104866	0.00424240	0.05568601
A[T>A]T	0.00700992	0.00765097	0.00028518	0.00006474	0.00053411	0.01253206	0.00057915	0.00000302	0.00024175	0.02904319	0.00080619	0.00411474	0.00053817	0.05872944	0.00143692	0.02828295	0.04435467	0.04205690
A[T>C]A	0.00049698	0.00059135	0.06707722	0.00140545	0.00629802	0.02922486	0.00706570	0.00106258	0.09121580	0.01779468	0.00006857	0.00089714	0.00288497	0.00084409	0.00021110	0.01636150	0.00420881	0.02640147
A[T>C]C	0.00056023	0.00039063	0.01325452	0.00034765	0.00044320	0.01044591	0.00524778	0.00325517	0.04071494	0.00077644	0.00018234	0.00147077	0.00035053	0.00045304	0.01257194	0.01008961	0.00371957	0.00212065
A[T>C]G	0.00009660	0.00123370	0.05476728	0.00116639	0.00421288	0.02447284	0.00350684	0.00000000	0.07811500	0.02581444	0.00000000	0.00061680	0.00124906	0.00229492	0.00080494	0.00459112	0.00771421	0.01131698
A[T>C]T	0.00100158	0.00199644	0.05927976	0.00133826	0.00087143	0.02726436	0.01672480	0.00550857	0.05940739	0.00049133	0.00045587	0.00313492	0.00165278	0.00619558	0.00731792	0.03062930	0.04172559	0.00478805
A[T>G]A	0.00051746	0.00003770	0.00066006	0.00030803	0.00107077	0.00790868	0.00408039	0.00014603	0.00229134	0.00034622	0.00129229	0.00048292	0.00012001	0.00979157	0.00086393	0.06221801	0.00343976	0.00086582
A[T>G]C	0.00047233	0.00091097	0.00166368	0.00008640	0.00007725	0.01352302	0.00316630	0.00026829	0.00182723	0.00039544	0.00450826	0.00055848	0.00005321	0.00095668	0.00108709	0.01000481	0.00295684	0.00030103
A[T>G]G	0.00062510	0.00143923	0.01269922	0.00022401	0.00118829	0.01313981	0.00897626	0.00047111	0.00235338	0.00136118	0.00097903	0.00134238	0.00022075	0.00126343	0.00096102	0.00806097	0.00941551	0.00322774
A[T>G]T	0.00116165	0.00063324	0.00058738	0.00012202	0.00001200	0.03390756	0.00201452	0.00003511	0.00299471	0.00203591	0.06971586	0.00086502	0.00032967	0.00052691	0.01362335	0.02598226	0.01508049	0.00071159
C[C>A]A	0.00736829	0.00208423	0.00094301	0.00023043	0.09020315	0.01169775	0.02444109	0.00113961	0.00084455	0.00000000	0.00031431	0.08307488	0.00135010	0.00291334	0.00095886	0.00566418	0.01892793	0.00172825
C[C>A]C	0.00105881	0.00149106	0.00075845	0.00017740	0.09158178	0.00759492	0.02798758	0.00103906	0.00044471	0.02897416	0.00005500	0.01941020	0.00105533	0.00296417	0.00129222	0.00141489	0.00346439	0.00291378
C[C>A]G	0.00128925	0.00045050	0.00528577	0.00003673	0.02781194	0.00002384	0.00015721	0.00015054	0.00037709	0.00393404	0.00000828	0.01170719	0.00004354	0.00191743	0.00026047	0.00149941	0.00165692	0.00017329
C[C>A]T	0.00058473	0.00165307	0.00000000	0.00034718	0.07793250	0.00743864	0.00691947	0.00000000	0.00056205	0.08083248	0.00017453	0.04770747	0.00002002	0.01326982	0.00046181	0.00042609	0.00024501	0.00006041
C[C>G]A	0.00006875	0.00038497	0.01008222	0.00016300	0.00882518	0.00333468	0.03071986	0.00000227	0.00044421	0.00149763	0.00018234	0.00012160	0.00576738	0.00029175	0.00019864	0.00146516	0.00141136	0.00167402
C[C>G]C	0.00033496	0.00085771	0.01556384	0.00056900	0.00777397	0.01047169	0.02222884	0.00000942	0.00030126	0.00194995	0.00005152	0.00128027	0.00083741	0.00236888	0.00022322	0.00164381	0.00089773	0.00151233
C[C>G]G	0.00061925	0.00077549	0.00456363	0.00010868	0.00376937	0.00188976	0.00182536	0.00052500	0.00005840	0.00042635	0.00000999	0.00284283	0.00053651	0.00038704	0.00039768	0.00032521	0.00184017	0.00039820
C[C>G]T	0.00053457	0.00077013	0.01347382	0.00031861	0.00762389	0.01459731	0.03565678	0.00000636	0.00065834	0.00198837	0.00020234	0.00254646	0.00654519	0.00416032	0.00007073	0.00418423	0.00110043	0.00098454
C[C>T]A	0.05499700	0.10917449	0.02112715	0.00395790	0.01371796	0.02752678	0.01759007	0.00244774	0.00134288	0.00635618	0.00045390	0.00712170	0.00000560	0.00498191	0.00115596	0.00407926	0.03022938	0.00216237
C[C>T]C	0.05993791	0.18447493	0.01244584	0.00000962	0.01240500	0.01963802	0.02207563	0.00040828	0.00162391	0.00585784	0.00003843	0.00290505	0.00128137	0.00534463	0.00156997	0.00509206	0.00323247	0.00279338
C[C>T]G	0.00886373	0.02322008	0.02838201	0.00264088	0.00362960	0.00140922	0.00411797	0.19661751	0.00009069	0.01582567	0.00094446	0.00436658	0.00209981	0.00908006	0.00292803	0.00440614	0.00679978	0.00140119
C[C>T]T	0.06182453	0.12700673	0.02529905	0.00120612	0.01773804	0.02608313	0.02793444	0.00006063	0.00159709	0.00851093	0.00010878	0.00248037	0.00152837	0.01971333	0.00184900	0.01002353	0.00141363	0.00222958
C[T>A]A	0.00028043	0.00083321	0.00032965	0.00018053	0.00765164	0.00000000	0.00326344	0.00000641	0.00069643	0.00059611	0.00005950	0.00000954	0.00012781	0.00260517	0.00005863	0.00250634	0.00167697	0.10102742
C[T>A]C	0.00051875	0.00075982	0.00250190	0.00035462	0.00998039	0.00338517	0.02266640	0.00019762	0.00231169	0.00351131	0.00208465	0.00174895	0.00032976	0.01189708	0.03958682	0.00009212	0.00098618	0.04632469
C[T>A]G	0.00023603	0.00042951	0.00022856	0.00017036	0.02613204	0.00096071	0.00794690	0.00042836	0.00052546	0.00134704	0.00064654	0.00163945	0.00013597	0.00008708	0.01205278	0.00139065	0.00099700	0.12577823
C[T>A]T	0.00043578	0.00000033	0.00004539	0.00011013	0.00914396	0.00613231	0.01271172	0.00017019	0.00000000	0.00000688	0.00736287	0.00105229	0.00040991	0.04522892	0.07104220	0.00002702	0.00126740	0.05196834
C[T>C]A	0.00045730	0.00140947	0.00502579	0.00058313	0.00519874	0.01739882	0.00235872	0.00000107	0.05451917	0.01043277	0.00053580	0.00001318	0.00030178	0.00740527	0.01089130	0.01320023	0.00843282	0.00646645
C[T>C]C	0.00046489	0.00075262	0.00093509	0.00011828	0.00219600	0.00654779	0.01021048	0.00218974	0.04521238	0.00005467	0.00586282	0.00161789	0.00018540	0.00006721	0.17096604	0.00800184	0.00127297	0.00203163
C[T>C]G	0.00011416	0.00052999	0.02137269	0.00052489	0.00543834	0.01215348	0.00081229	0.00015200	0.05313606	0.03288076	0.00375266	0.00007952	0.00047151	0.00053356	0.08693238	0.00767238	0.00189835	0.00371730
C[T>C]T	0.00171769	0.00579534	0.00014691	0.00022179	0.00213037	0.00026140	0.00020956	0.00000000	0.05134291	0.00412003	0.01696302	0.00083104	0.00008884	0.03585940	0.42080361	0.02150749	0.03347109	0.00030751
C[T>G]A	0.00016029	0.00033451	0.00137210	0.00015651	0.00068392	0.00160665	0.00584885	0.00000000	0.00083204	0.00064042	0.00201273	0.00002406	0.00010886	0.00231729	0.00019434	0.03424603	0.00177390	0.00337872
C[T>G]C	0.00060632	0.00076757	0.00571872	0.00023886	0.00022619	0.00550620	0.00994329	0.00030965	0.00262272	0.00315484	0.03154746	0.00114935	0.00011433	0.00521846	0.00105203	0.00590125	0.00164444	0.00113812
C[T>G]G	0.00049745	0.00117519	0.00745153	0.00021246	0.00356019	0.00294257	0.01530808	0.00027744	0.00283675	0.00455965	0.01383663	0.00195482	0.00012707	0.00074304	0.00006290	0.01757623	0.00143990	0.00691216
C[T>G]T	0.00102037	0.00000625	0.00989521	0.00017339	0.00070477	0.00049823	0.00002628	0.00000001	0.00001967	0.00059040	0.54795711	0.00034933	0.00016311	0.00269291	0.00321968	0.00351787	0.00472670	0.00424028
G[C>A]A	0.01361626	0.00050604	0.01267976	0.00012453	0.03129244	0.00155637	0.00456898	0.00222897	0.00063973	0.00083814	0.00102622	0.12430129	0.00096792	0.00085518	0.00252442	0.00797426	0.01679039	0.00429971
G[C>A]C	0.00198844	0.00000751	0.01189474	0.00011056	0.04196169	0.00881026	0.01183529	0.00012053	0.00032880	0.00540694	0.00000000	0.01943130	0.00044483	0.00043579	0.00109029	0.00796485	0.00212611	0.00137618
G[C>A]G	0.00093445	0.00000834	0.00388639	0.00007103	0.01778969	0.00237669	0.00001986	0.00049162	0.00010045	0.00084219	0.00010492	0.00753495	0.00016089	0.00000699	0.00025342	0.00007520	0.00119048	0.00032572
G[C>A]T	0.00610305	0.00001384	0.00756417	0.00006429	0.02133288	0.00060953	0.01085856	0.00000000	0.00017728	0.01127889	0.00046889	0.08003976	0.00009734	0.00014250	0.00006779	0.00991886	0.00704454	0.00174334
G[C>G]A	0.00006167	0.00001082	0.00673366	0.00017647	0.00590392	0.00236824	0.02020237	0.00000386	0.00035167	0.00120667	0.00005095	0.00031766	0.00161344	0.00013884	0.00066147	0.00222831	0.00041257	0.00167713
G[C>G]C	0.00009623	0.00037275	0.00797614	0.00035813	0.00654209	0.00539630	0.01323054	0.00006832	0.00047270	0.00223905	0.00005756	0.00084674	0.00060097	0.00039192	0.00084983	0.00392124	0.00039275	0.00117575
G[C>G]G	0.00010359	0.00032711	0.00247124	0.00006090	0.00375697	0.00072490	0.00352331	0.00013153	0.00005560	0.00030273	0.00000535	0.00030416	0.00026989	0.00019249	0.00004057	0.00077367	0.00060455	0.00025397
G[C>G]T	0.00016868	0.00021426	0.01015958	0.00029146	0.00332161	0.00419726	0.02368767	0.00000000	0.00011051	0.00319919	0.00000000	0.00068216	0.00283432	0.00106789	0.00045856	0.01180303	0.00114213	0.00068333
G[C>T]A	0.00122801	0.00163115	0.03287142	0.00037649	0.00274086	0.01738483	0.01618128	0.00659889	0.00023779	0.09727227	0.00003010	0.00407370	0.00726958	0.00015525	0.00221052	0.00272756	0.00219088	0.00386780
G[C>T]C	0.01357907	0.02753299	0.03672012	0.00024345	0.00338185	0.01309063	0.01124014	0.00286153	0.00035611	0.08620841	0.00009972	0.00267959	0.00104110	0.00007015	0.00056844	0.00241806	0.00195269	0.00357442
G[C>T]G	0.00195479	0.00148039	0.01798300	0.00006774	0.00016101	0.00000000	0.00005390	0.21852683	0.00023273	0.04806090	0.00105846	0.00245440	0.00017686	0.00003168	0.00257751	0.00166627	0.00408012	0.00093134
G[C>T]T	0.01854873	0.00592994	0.03075624	0.00071999	0.00286160	0.01634941	0.00961560	0.00134001	0.00032674	0.06967811	0.00000000	0.00259113	0.00130873	0.00391400	0.00046621	0.00843136	0.03456627	0.00337120
G[T>A]A	0.00069595	0.00031955	0.00357663	0.00009576	0.00664774	0.00188926	0.00703467	0.00001906	0.00050595	0.00176945	0.00008136	0.00093481	0.00003391	0.00141793	0.00004145	0.00184464	0.00085275	0.04426467
G[T>A]C	0.00049756	0.00019320	0.00304366	0.00019743	0.00321321	0.00211178	0.01083703	0.00011186	0.00122653	0.00266510	0.00033873	0.00135765	0.00015673	0.00210225	0.00328225	0.00211978	0.00071787	0.00990808
G[T>A]G	0.00043172	0.00048930	0.00393323	0.00017103	0.01239619	0.00238548	0.01499199	0.00016739	0.00088301	0.00270407	0.00023797	0.00090663	0.00006446	0.00002807	0.00053282	0.00003616	0.00151454	0.03118034
G[T>A]T	0.00078334	0.00003309	0.00166574	0.00019549	0.00541616	0.00184947	0.01849775	0.00025930	0.00021627	0.00323515	0.00156815	0.00236874	0.00037575	0.02041570	0.00440113	0.00254660	0.00795448	0.00961156
G[T>C]A	0.00014340	0.00015921	0.00109154	0.00029944	0.00284176	0.00703779	0.00125478	0.00068678	0.08022717	0.02013193	0.00005517	0.00050883	0.00062803	0.00018753	0.00013653	0.00228544	0.00075987	0.00204877
G[T>C]C	0.00044294	0.00001769	0.00531150	0.00018809	0.00107498	0.00526009	0.00352302	0.00186529	0.03020997	0.00001892	0.00140337	0.00183590	0.00031779	0.00010057	0.01465380	0.00920300	0.00229191	0.00172924
G[T>C]G	0.00067904	0.00045191	0.01194757	0.00046891	0.00216521	0.00438564	0.00755990	0.00128800	0.05355326	0.01489852	0.00111114	0.00289356	0.00058480	0.00051605	0.00375456	0.00023335	0.00312783	0.00214111
G[T>C]T	0.00119890	0.00808407	0.00081202	0.00037509	0.00030872	0.00178893	0.00342016	0.00003268	0.04911106	0.00639997	0.00139604	0.00181506	0.00015544	0.03163924	0.00409500	0.00085220	0.25514130	0.00116196
G[T>G]A	0.00021841	0.00031438	0.00273287	0.00020595	0.00051808	0.00146819	0.00664998	0.00012264	0.00129331	0.00032316	0.00025983	0.00056801	0.00014329	0.00193810	0.00042804	0.01302365	0.00041346	0.00116329
G[T>G]C	0.00012345	0.00031242	0.00185038	0.00013420	0.00023933	0.00250941	0.00333701	0.00001015	0.00100695	0.00025002	0.00619248	0.00003638	0.00004513	0.00133511	0.00015997	0.00803281	0.00017513	0.00016025
G[T>G]G	0.00124142	0.00243403	0.00690273	0.00012891	0.00244477	0.00067119	0.01690500	0.00083760	0.00204819	0.00077540	0.00156236	0.00502390	0.00053380	0.00584397	0.00078990	0.00601145	0.00466989	0.00056066
G[T>G]T	0.00125528	0.00184971	0.00002091	0.00001269	0.00008250	0.00175054	0.00593425	0.00005641	0.00180352	0.00262918	0.11346808	0.00099003	0.00001820	0.00627167	0.00666457	0.01346036	0.00662833	0.00015145
T[C>A]A	0.00118146	0.00271777	0.00094563	0.00088723	0.03863610	0.02427924	0.00269322	0.00003030	0.00023394	0.00119576	0.00001310	0.11345893	0.07854176	0.00257241	0.00050507	0.02220414	0.00928209	0.00299582
T[C>A]C	0.00146417	0.00332869	0.00742821	0.00045986	0.05067892	0.01894190	0.01850955	0.00193726	0.00029956	0.00296528	0.00001478	0.06312600	0.02932764	0.01402419	0.00009707	0.00265157	0.00702358	0.00254027
T[C>A]G	0.00107808	0.00022640	0.00309035	0.00008092	0.01186333	0.00196627	0.00011303	0.00002466	0.00019076	0.00021352	0.00008649	0.01581911	0.01203475	0.00000738	0.00013062	0.00032989	0.00124589	0.00019377
T[C>A]T	0.00389438	0.00115476	0.01003378	0.00097958	0.03597988	0.00753645	0.00416104	0.00000000	0.00020807	0.01694119	0.00257232	0.18087610	0.03564824	0.00271576	0.00058612	0.03552853	0.00288668	0.00360163
T[C>G]A	0.00028732	0.00014150	0.00130026	0.00025211	0.00107073	0.00153727	0.01197785	0.00000343	0.00137305	0.00129967	0.00011719	0.00057573	0.31463178	0.00154397	0.00404035	0.00265688	0.00393458	0.00304242
T[C>G]C	0.00080090	0.00148861	0.00736674	0.00025211	0.00601263	0.01372136	0.03039645	0.00004948	0.00068234	0.00137107	0.00005741	0.00310599	0.06329210	0.00456165	0.00091002	0.00298483	0.00193181	0.00174013
T[C>G]G	0.00016013	0.00033647	0.00274286	0.00005518	0.00194322	0.00255188	0.00006423	0.00006424	0.00013453	0.00028464	0.00003810	0.00051790	0.01375472	0.00007551	0.00050451	0.00042048	0.00093844	0.00045645
T[C>G]T	0.00050623	0.00051272	0.00505236	0.00133579	0.00040912	0.01592777	0.02682555	0.00094749	0.00257433	0.00382951	0.00148788	0.00148189	0.36733420	0.01145918	0.00085453	0.00744041	0.00168260	0.00097901
T[C>T]A	0.15794818	0.00148241	0.00404492	0.53092964	0.00260511	0.03336047	0.00296817	0.00179540	0.00131836	0.00231343	0.00005130	0.00539887	0.00490447	0.01210351	0.00089982	0.00240350	0.00204394	0.00413078
T[C>T]C	0.34938031	0.20845354	0.00000000	0.09385517	0.00622784	0.02802646	0.00544041	0.00000117	0.00029530	0.00289767	0.00056166	0.00112372	0.00264582	0.01068912	0.00124466	0.00199821	0.00622015	0.00011876
T[C>T]G	0.07516022	0.05696627	0.02034998	0.04327543	0.00000000	0.00000000	0.00000000	0.10985771	0.00081909	0.00087480	0.00038263	0.00265531	0.00086593	0.00003049	0.00089991	0.00055604	0.00406106	0.00028022
T[C>T]T	0.05779906	0.10358367	0.01289090	0.29275306	0.00746558	0.02714123	0.00430437	0.00000054	0.00129683	0.00532625	0.00080399	0.00025255	0.00065413	0.00458036	0.00006755	0.00131788	0.04116202	0.00186375
T[T>A]A	0.00420298	0.00271454	0.00074639	0.00035584	0.00056852	0.00964138	0.00000536	0.00643555	0.00047350	0.00705842	0.00151530	0.00713781	0.00020320	0.01713721	0.00040407	0.03906681	0.02611339	0.10206189
T[T>A]C	0.00070645	0.00212023	0.00197720	0.00020364	0.00309260	0.01324598	0.01401060	0.00000364	0.00258513	0.00000000	0.00022507	0.00129743	0.00021603	0.03350736	0.00541343	0.00076700	0.00162452	0.02052557
T[T>A]G	0.00026467	0.00145519	0.00364950	0.00009690	0.00587168	0.00546815	0.00477256	0.00000132	0.00019723	0.00064713	0.00000093	0.00061022	0.00018777	0.01137974	0.00153513	0.01955316	0.00496576	0.05684743
T[T>A]T	0.00147973	0.00007991	0.00126005	0.00055734	0.00365459	0.01067822	0.01199817	0.00117152	0.00065392	0.00972634	0.00124263	0.00218679	0.00013763	0.26682015	0.00001258	0.01934311	0.02457771	0.02685652
T[T>C]A	0.00277937	0.00608209	0.00439072	0.00032706	0.00191555	0.00869366	0.00774294	0.00001739	0.08094209	0.01148355	0.00114659	0.00064835	0.00031442	0.03744428	0.00151942	0.01055111	0.06585598	0.00536150
T[T>C]C	0.00180479	0.00172247	0.00014945	0.00018203	0.00012522	0.00748981	0.00486240	0.00342275	0.04731896	0.00559386	0.00109919	0.00483451	0.00020892	0.02101806	0.01511883	0.01505473	0.01359878	0.00064487
T[T>C]G	0.00081708	0.00381630	0.01098224	0.00043185	0.00143950	0.00623131	0.00215567	0.00015724	0.03923181	0.01584811	0.00130435	0.00181186	0.00036464	0.01473398	0.00245435	0.00590591	0.01930331	0.00225524
T[T>C]T	0.00115991	0.00302936	0.00620771	0.00042644	0.00004452	0.00068628	0.00538228	0.00360752	0.06728568	0.02903405	0.00090691	0.00111641	0.00087992	0.08636861	0.01982722	0.04682268	0.03616416	0.00013863
T[T>G]A	0.00069248	0.00091934	0.00081474	0.00004268	0.00016779	0.00568022	0.00885307	0.00000186	0.00095318	0.00064206	0.00000000	0.00008979	0.00025731	0.01577698	0.00007985	0.09642824	0.00244271	0.00207498
T[T>G]C	0.00084970	0.00146157	0.00804711	0.00020052	0.00000000	0.01922130	0.00853673	0.00016275	0.00192798	0.00085247	0.00893055	0.00112407	0.00011434	0.01637826	0.00065955	0.01417821	0.00260703	0.00082365
T[T>G]G	0.00047326	0.00123150	0.00845594	0.00018628	0.00206888	0.01258013	0.01098489	0.00085604	0.00329616	0.00174566	0.00480454	0.00079409	0.00017320	0.00687831	0.00119631	0.01957704	0.00160651	0.00511888
T[T>G]T	0.00503560	0.00155290	0.01002475	0.00013543	0.00015160	0.03657054	0.00829440	0.00035873	0.00503590	0.01042642	0.12538405	0.00287620	0.00025353	0.01807774	0.00778675	0.09235441	0.02277364	0.00069431
