MutationsType	SBS96A	SBS96B	SBS96C	SBS96D	SBS96E	SBS96F	SBS96G	SBS96H	SBS96I	SBS96J	SBS96K	SBS96L	SBS96M	SBS96N	SBS96O	SBS96P	SBS96Q	SBS96R
A[C>A]A	0.00000914	0.00000000	0.00246734	0.04734107	0.00689646	0.04123421	0.02268997	0.00111530	0.00114720	0.00017940	0.00884122	0.06446824	0.00389784	0.00218023	0.00021877	0.00199213	0.00772752	0.00189618
A[C>A]C	0.00013355	0.00036479	0.00028236	0.03875626	0.01295156	0.01402979	0.02235858	0.00085588	0.00178696	0.00035287	0.00445137	0.01628634	0.00076638	0.00028013	0.00064258	0.00038325	0.00158523	0.00114051
A[C>A]G	0.00003725	0.00011526	0.00011266	0.01775269	0.00339037	0.00323832	0.00036940	0.00001765	0.00000312	0.00005488	0.00032594	0.00172820	0.00036642	0.00016446	0.00020799	0.00037683	0.00089047	0.00031809
A[C>A]T	0.00010712	0.00043179	0.00036789	0.03198762	0.00479274	0.01887965	0.01435150	0.00594002	0.00140437	0.00060002	0.00328162	0.02390217	0.00192332	0.00002222	0.00425405	0.00010155	0.00378140	0.00182709
A[C>G]A	0.00000745	0.00017441	0.00000000	0.00696756	0.01150343	0.01349369	0.03044629	0.00382426	0.00248314	0.00002168	0.00484853	0.00058293	0.00134725	0.00110155	0.00140359	0.00445838	0.00441859	0.00278795
A[C>G]C	0.00001092	0.00006717	0.00012409	0.00290569	0.00536536	0.01102867	0.01809825	0.00098839	0.00143303	0.00006112	0.00309470	0.00238896	0.00013451	0.00088488	0.00282215	0.00147349	0.00208533	0.00098838
A[C>G]G	0.00000666	0.00003720	0.00054114	0.00138516	0.00262464	0.00419536	0.00000000	0.00022642	0.00025646	0.00003104	0.00041588	0.00221616	0.00007347	0.00027595	0.00083493	0.00020933	0.00062525	0.00057190
A[C>G]T	0.00001787	0.00034369	0.00013082	0.00346109	0.01057795	0.01813770	0.02542054	0.00372576	0.00241617	0.00028980	0.00715875	0.00325059	0.00216156	0.00072420	0.00235162	0.00440307	0.00236804	0.00670829
A[C>T]A	0.00008993	0.00009899	0.00106498	0.00843136	0.05073194	0.02674258	0.01297912	0.09296177	0.02836636	0.00196631	0.01039040	0.00127649	0.00226963	0.00143137	0.00350004	0.00707291	0.00644597	0.00806440
A[C>T]C	0.02413524	0.00153957	0.04135115	0.00395313	0.02569833	0.01466760	0.01576326	0.01812342	0.00653572	0.00031849	0.00567418	0.00291010	0.00584883	0.00190298	0.00010251	0.00010427	0.00356907	0.00371741
A[C>T]G	0.00000409	0.00000360	0.00041741	0.00162134	0.00029867	0.00445029	0.00771899	0.00884764	0.36419037	0.01629270	0.00143131	0.00147166	0.00019040	0.00028621	0.00138386	0.00167224	0.00208118	0.00501052
A[C>T]T	0.00983772	0.00177847	0.01093536	0.00385535	0.03488365	0.02409935	0.01387073	0.03191436	0.01064767	0.00045464	0.00435106	0.00494002	0.00714166	0.00171476	0.03053257	0.00115655	0.00411332	0.00709918
A[T>A]A	0.00284864	0.00009830	0.00217760	0.00528479	0.01006768	0.00909876	0.00143666	0.00524033	0.00078705	0.00017019	0.00564518	0.00189843	0.01159001	0.00092007	0.00064790	0.00000019	0.04857013	0.00184730
A[T>A]C	0.00036500	0.00111787	0.00041992	0.00301091	0.01026692	0.00439236	0.01008949	0.00335092	0.00238616	0.00038275	0.00426785	0.00111109	0.00428926	0.00143098	0.00128376	0.00022409	0.00742409	0.00078938
A[T>A]G	0.00072829	0.00014045	0.00151469	0.00840889	0.01276795	0.00922620	0.00998273	0.00068368	0.00142250	0.00009695	0.00495598	0.00290343	0.00037879	0.00016763	0.00258243	0.00067581	0.04519356	0.00053044
A[T>A]T	0.00440564	0.00038143	0.00772343	0.00362663	0.00098240	0.00710825	0.00069717	0.02983029	0.00062067	0.00028971	0.01146208	0.00409539	0.05722298	0.00114625	0.03830406	0.00054373	0.01282292	0.03876464
A[T>C]A	0.00060486	0.00021504	0.00036749	0.00515298	0.08010200	0.02873722	0.01250986	0.02122099	0.00100363	0.00001301	0.07025677	0.00044121	0.00065682	0.00065891	0.00542541	0.00221538	0.02630115	0.00202025
A[T>C]C	0.00011623	0.00043083	0.00016640	0.00036022	0.01710661	0.00967997	0.00801760	0.00305915	0.00331774	0.00018169	0.03259633	0.00270928	0.00026043	0.01227545	0.00385279	0.00035459	0.00245034	0.00063334
A[T>C]G	0.00007122	0.00045336	0.00097108	0.00472611	0.06290928	0.02092280	0.00899591	0.02761203	0.00070444	0.00001751	0.05683458	0.00269078	0.00104650	0.00120305	0.01156097	0.00145889	0.00913134	0.00011093
A[T>C]T	0.00014672	0.00124119	0.00252279	0.00057161	0.06238864	0.02902411	0.01729525	0.00133011	0.00537456	0.00074434	0.05738201	0.00550292	0.00232536	0.00784609	0.04702363	0.00132047	0.00720778	0.00234708
A[T>G]A	0.00060138	0.00032513	0.00002186	0.00095170	0.00426321	0.01124086	0.00462703	0.00036851	0.00002665	0.00140605	0.00325845	0.00005401	0.01152063	0.00094717	0.00309276	0.00000043	0.00152438	0.01112535
A[T>G]C	0.00038236	0.00001867	0.00088205	0.00001104	0.00195779	0.01275734	0.00264778	0.00038319	0.00012049	0.00441587	0.00112585	0.00077487	0.00068136	0.00075555	0.00233493	0.00009653	0.00117174	0.01180900
A[T>G]G	0.00024574	0.00003689	0.00165113	0.00068462	0.01245386	0.01279085	0.00822815	0.00117065	0.00035954	0.00089518	0.00098327	0.00287988	0.00034155	0.00110628	0.01048335	0.00013820	0.00621781	0.00685739
A[T>G]T	0.00039554	0.00013771	0.00039436	0.00007053	0.00021609	0.02715649	0.00112503	0.00121043	0.00004777	0.06694749	0.00077416	0.00096809	0.00000000	0.01203361	0.01304595	0.00024541	0.00060576	0.07231449
C[C>A]A	0.00044734	0.00001192	0.00133059	0.09076162	0.00049837	0.01692073	0.02298053	0.00001894	0.00054362	0.00009354	0.00057835	0.08493648	0.00000281	0.00070824	0.01672254	0.00141380	0.00416249	0.00603353
C[C>A]C	0.00001228	0.00067646	0.00132629	0.09393109	0.00131226	0.00525692	0.02736875	0.02859128	0.00233645	0.00008911	0.00041363	0.01142652	0.00245491	0.00052116	0.00291386	0.00141766	0.00486957	0.00013695
C[C>A]G	0.00000000	0.00000500	0.00033749	0.02932307	0.00584779	0.00032630	0.00020839	0.00425460	0.00002569	0.00005052	0.00018493	0.01197452	0.00157192	0.00008351	0.00026943	0.00000930	0.00104241	0.00023121
C[C>A]T	0.00006483	0.00069833	0.00143594	0.08264843	0.00000000	0.00783995	0.00836895	0.08435947	0.00002633	0.00000609	0.00025456	0.02947400	0.01403610	0.00033015	0.00000000	0.00000000	0.00066267	0.00035329
C[C>G]A	0.00000000	0.00001755	0.00035984	0.00847214	0.00654097	0.00449718	0.02952251	0.00061020	0.00001049	0.00015869	0.00425132	0.00002346	0.00003264	0.00096538	0.00155312	0.00562677	0.00442513	0.00028383
C[C>G]C	0.00002454	0.00036255	0.00101470	0.00757621	0.01192286	0.01023540	0.02195364	0.00108504	0.00059487	0.00004263	0.00397963	0.00226998	0.00225848	0.00052023	0.00020453	0.00075149	0.00285496	0.00003703
C[C>G]G	0.00005189	0.00004977	0.00090992	0.00388076	0.00391381	0.00190666	0.00174931	0.00035902	0.00072095	0.00008598	0.00057245	0.00435348	0.00031697	0.00025168	0.00125241	0.00074642	0.00048641	0.00020953
C[C>G]T	0.00010542	0.00007496	0.00091773	0.00738551	0.00865179	0.01534860	0.03478377	0.00094318	0.00130757	0.00009483	0.00649849	0.00299688	0.00370272	0.00000729	0.00007128	0.00583708	0.00341694	0.00260559
C[C>T]A	0.06822743	0.00321001	0.10684724	0.01302047	0.01651415	0.02424949	0.01734404	0.00436074	0.00174200	0.00032133	0.00859127	0.00893293	0.00324869	0.00095608	0.04204761	0.00001214	0.00751763	0.00348732
C[C>T]C	0.07618120	0.00000048	0.19804297	0.01131423	0.00761750	0.01719436	0.02225785	0.00354213	0.00005093	0.00001031	0.00518746	0.00083543	0.00374291	0.00214206	0.01223670	0.00112186	0.00605161	0.00094978
C[C>T]G	0.00810552	0.00200179	0.02301123	0.00325264	0.02474787	0.00367333	0.00276794	0.01704352	0.19124678	0.00963913	0.00207726	0.01474578	0.00865693	0.00289976	0.00486764	0.00301268	0.00580623	0.00180920
C[C>T]T	0.07683325	0.00111222	0.13524743	0.01688660	0.02022518	0.02450303	0.02711542	0.00547911	0.00017357	0.00007713	0.00879769	0.00288941	0.02079257	0.00166020	0.00545653	0.00155472	0.00743239	0.00226500
C[T>A]A	0.00010724	0.00015354	0.00088997	0.00426427	0.00158412	0.00002608	0.00283217	0.00021711	0.00000000	0.00003815	0.00224572	0.00000000	0.00374511	0.00021754	0.00166248	0.00020953	0.10219328	0.00045980
C[T>A]C	0.00010317	0.00050902	0.00078207	0.00873810	0.00125726	0.00456836	0.02063501	0.00305254	0.00082391	0.00124959	0.00477397	0.00110876	0.01282863	0.03962361	0.00009033	0.00036290	0.04196369	0.00087742
C[T>A]G	0.00010040	0.00020728	0.00037916	0.02239466	0.00205444	0.00049492	0.00750694	0.00071657	0.00089171	0.00042257	0.00093597	0.00112813	0.00082474	0.01201073	0.00103904	0.00024950	0.12728430	0.00106142
C[T>A]T	0.00062224	0.00000000	0.00000808	0.00654240	0.00013461	0.00729653	0.01036476	0.00000370	0.00001812	0.00630984	0.00041420	0.00105878	0.04709487	0.07255863	0.00074152	0.00044364	0.05547046	0.00009113
C[T>C]A	0.00042871	0.00027796	0.00136746	0.00538992	0.01354528	0.01517568	0.00623280	0.01297314	0.00005920	0.00059457	0.03754068	0.00000339	0.00691993	0.01055243	0.00930565	0.00001742	0.00588529	0.00089967
C[T>C]C	0.00020418	0.00013904	0.00051658	0.00221805	0.00478689	0.00668121	0.01094041	0.00130061	0.00154617	0.00362604	0.03114949	0.00324526	0.00025506	0.17935517	0.00000359	0.00032299	0.00145822	0.00559398
C[T>C]G	0.00002634	0.00010503	0.00046927	0.00513144	0.03045623	0.01057453	0.00547112	0.03197471	0.00093797	0.00297443	0.02774009	0.00012131	0.00091449	0.08630962	0.00121534	0.00002353	0.00448759	0.00293619
C[T>C]T	0.00141349	0.00116211	0.00541611	0.00234319	0.01286487	0.00352817	0.00037427	0.00645533	0.00029110	0.01130907	0.01368799	0.00156100	0.03556671	0.41713412	0.03769159	0.00000000	0.00077371	0.00004046
C[T>G]A	0.00000691	0.00042138	0.00021524	0.00033504	0.00238361	0.00333439	0.00577468	0.00048226	0.00005601	0.00183624	0.00164475	0.00016387	0.00288529	0.00042366	0.00156633	0.00000070	0.00465331	0.01352349
C[T>G]C	0.00013334	0.00019806	0.00078012	0.00026573	0.00477587	0.00531451	0.00967827	0.00294383	0.00043889	0.03089847	0.00163369	0.00174975	0.00526468	0.00103895	0.00011132	0.00003888	0.00028631	0.01581850
C[T>G]G	0.00000029	0.00000217	0.00125938	0.00273795	0.00685174	0.00380673	0.01548108	0.00415617	0.00026959	0.01305789	0.00219485	0.00298404	0.00115585	0.00014102	0.00002958	0.00032683	0.01004628	0.01495398
C[T>G]T	0.00000000	0.00000383	0.00000016	0.00076503	0.00407389	0.00665669	0.00180122	0.00004503	0.00081778	0.53247742	0.00215107	0.00180804	0.00310190	0.00278571	0.00001142	0.00018638	0.00178434	0.02356886
G[C>A]A	0.00005747	0.00003662	0.00055358	0.03161806	0.01061645	0.01388523	0.00282900	0.00069648	0.00131046	0.00077274	0.00593812	0.14181291	0.00078628	0.00170381	0.00024850	0.00068328	0.00394600	0.00463272
G[C>A]C	0.00018070	0.00001247	0.00002741	0.04065454	0.01080979	0.01026637	0.01120905	0.00463010	0.00001658	0.00000611	0.00600580	0.01919925	0.00040430	0.00073508	0.00015146	0.00032562	0.00103218	0.00020989
G[C>A]G	0.00002077	0.00008469	0.00000649	0.01763524	0.00367842	0.00265964	0.00000144	0.00080263	0.00035192	0.00012351	0.00112769	0.00860337	0.00000103	0.00015749	0.00001121	0.00027139	0.00002949	0.00016982
G[C>A]T	0.00000000	0.00000076	0.00000000	0.02180743	0.00466735	0.00937708	0.00949561	0.01072744	0.00000535	0.00019586	0.00665216	0.08022511	0.00010994	0.00031351	0.00024997	0.00000543	0.00155258	0.00086299
G[C>G]A	0.00001063	0.00002958	0.00001910	0.00529924	0.00423743	0.00253326	0.01981950	0.00088275	0.00011531	0.00002606	0.00339139	0.00023142	0.00044869	0.00110678	0.00045613	0.00173786	0.00204626	0.00196103
G[C>G]C	0.00000938	0.00007172	0.00040825	0.00632674	0.00660766	0.00471312	0.01354756	0.00181855	0.00021186	0.00000000	0.00240159	0.00073317	0.00029951	0.00122461	0.00015714	0.00045944	0.00195235	0.00268452
G[C>G]G	0.00004516	0.00002435	0.00036665	0.00376940	0.00213990	0.00055673	0.00374148	0.00028728	0.00030437	0.00000066	0.00022199	0.00050714	0.00018008	0.00009011	0.00080623	0.00043734	0.00106629	0.00000213
G[C>G]T	0.00002829	0.00011001	0.00024091	0.00307773	0.00755731	0.00590417	0.02257658	0.00231046	0.00041865	0.00000466	0.00465205	0.00030134	0.00137246	0.00066718	0.00108445	0.00278473	0.00167290	0.00164016
G[C>T]A	0.00004476	0.00006376	0.00052691	0.00324391	0.02449207	0.01407629	0.01816219	0.09536904	0.00434594	0.00038631	0.00885003	0.00338448	0.00069448	0.00145411	0.00054879	0.00780036	0.00233995	0.00787350
G[C>T]C	0.01565373	0.00078024	0.02642681	0.00370972	0.03090318	0.01012233	0.01290209	0.08268601	0.00084603	0.00024465	0.00709616	0.00227902	0.00076775	0.00038870	0.00187098	0.00075686	0.00590941	0.00585678
G[C>T]G	0.00000029	0.00000000	0.00000083	0.00009431	0.01369786	0.00000802	0.00003429	0.04790037	0.21229055	0.00919127	0.00519777	0.01065067	0.00000000	0.00297714	0.00000736	0.00167359	0.00335153	0.00797633
G[C>T]T	0.02377896	0.00029557	0.00411683	0.00302816	0.02635757	0.01445744	0.01059562	0.06493441	0.00018858	0.00000700	0.00602163	0.00199737	0.00113688	0.00037746	0.04057607	0.00122667	0.00546662	0.00761190
G[T>A]A	0.00063650	0.00003516	0.00031364	0.00613843	0.00334373	0.00194986	0.00738030	0.00138018	0.00025282	0.00005072	0.00259442	0.00098296	0.00170048	0.00027098	0.00009636	0.00000171	0.03608163	0.00032638
G[T>A]C	0.00024091	0.00014743	0.00030333	0.00321799	0.00190037	0.00220708	0.01076475	0.00260753	0.00007096	0.00029976	0.00248155	0.00209775	0.00220146	0.00328211	0.00013567	0.00027623	0.00656205	0.00172748
G[T>A]G	0.00032761	0.00007853	0.00055130	0.01118381	0.00319741	0.00232276	0.01450465	0.00213536	0.00036318	0.00010244	0.00270153	0.00126039	0.00000243	0.00068255	0.00130527	0.00000732	0.02927686	0.00009863
G[T>A]T	0.00035132	0.00023294	0.00002064	0.00518113	0.00061156	0.00346049	0.01671063	0.00355034	0.00003422	0.00127577	0.00134345	0.00268885	0.01994085	0.00461495	0.00802133	0.00014089	0.00706322	0.00075168
G[T>C]A	0.00005231	0.00010163	0.00007752	0.00300131	0.01040293	0.00418290	0.00758667	0.02381287	0.00029251	0.00000703	0.05673460	0.00064426	0.00040231	0.00009256	0.00094670	0.00065937	0.00157710	0.00071589
G[T>C]C	0.00000254	0.00016330	0.00001160	0.00089224	0.00719244	0.00539067	0.00541541	0.00071167	0.00221113	0.00128129	0.02546500	0.00379953	0.00014752	0.01362852	0.00213950	0.00003543	0.00230363	0.00031973
G[T>C]G	0.00000936	0.00000884	0.00040865	0.00204389	0.01841476	0.00364065	0.01239163	0.01720885	0.00092897	0.00097010	0.03326467	0.00557782	0.00029082	0.00349550	0.00276370	0.00031524	0.00080166	0.00090679
G[T>C]T	0.00080773	0.00028626	0.00720099	0.00008663	0.00812222	0.00187961	0.00499805	0.01008614	0.00001802	0.00056716	0.01990972	0.00086492	0.00727599	0.00519768	0.29305374	0.00000000	0.00258209	0.00242773
G[T>G]A	0.00003946	0.00017998	0.00034371	0.00035841	0.00305578	0.00226273	0.00664910	0.00037163	0.00017273	0.00027760	0.00124138	0.00120633	0.00245975	0.00059366	0.00008699	0.00045479	0.00166387	0.00197511
G[T>G]C	0.00018486	0.00003146	0.00029383	0.00019268	0.00200949	0.00288852	0.00354652	0.00035258	0.00002065	0.00624436	0.00123910	0.00002293	0.00166776	0.00039310	0.00000952	0.00001351	0.00063050	0.00059350
G[T>G]G	0.00032375	0.00012168	0.00261585	0.00226027	0.00594740	0.00253519	0.01578395	0.00048136	0.00061234	0.00134668	0.00192024	0.00672824	0.00593962	0.00116946	0.00361743	0.00043227	0.00181142	0.00257498
G[T>G]T	0.00106571	0.00002305	0.00189074	0.00006517	0.00004480	0.00389072	0.00574258	0.00237710	0.00018864	0.11368010	0.00141705	0.00089171	0.00681768	0.00651022	0.00634263	0.00000859	0.00060404	0.00651661
T[C>A]A	0.00022621	0.00056839	0.00256856	0.04325100	0.00096781	0.03651147	0.00232129	0.00152622	0.00009453	0.00000000	0.00078740	0.09003609	0.00279457	0.00011945	0.01005894	0.08087483	0.00136425	0.00316240
T[C>A]C	0.00067893	0.00048780	0.00324620	0.05339697	0.00714989	0.02459763	0.01715085	0.00320932	0.00205555	0.00006126	0.00062719	0.04756403	0.01360797	0.00012744	0.00637212	0.02912288	0.00163437	0.00037736
T[C>A]G	0.00000610	0.00011235	0.00020169	0.01268238	0.00333649	0.00324025	0.00010573	0.00013034	0.00016776	0.00007107	0.00045359	0.01519171	0.00001015	0.00001430	0.00000399	0.01112268	0.00026557	0.00013619
T[C>A]T	0.00009067	0.00184631	0.00105709	0.04054051	0.00906800	0.02806737	0.00394567	0.01708481	0.00020941	0.00241183	0.00257605	0.15272938	0.00345906	0.00107967	0.00004368	0.03435782	0.00457391	0.00288351
T[C>G]A	0.00000688	0.00002175	0.00000038	0.00170612	0.00096496	0.00149682	0.01446497	0.00070420	0.00013797	0.00013521	0.00681960	0.00063463	0.00150633	0.00374217	0.00382304	0.31202776	0.00420169	0.00089746
T[C>G]C	0.00003075	0.00000183	0.00135099	0.00546845	0.00340004	0.01410090	0.02855958	0.00106661	0.00005505	0.00001105	0.00783705	0.00375875	0.00533263	0.00119656	0.00066068	0.06497559	0.00508945	0.00597725
T[C>G]G	0.00000029	0.00001006	0.00042984	0.00185083	0.00236092	0.00245232	0.00005108	0.00019062	0.00014235	0.00003314	0.00086074	0.00059677	0.00001422	0.00063716	0.00073752	0.01437709	0.00096155	0.00053403
T[C>G]T	0.00001438	0.00074586	0.00068634	0.00063895	0.00140511	0.01684701	0.02885262	0.00275152	0.00195810	0.00134440	0.01474844	0.00024878	0.01175164	0.00077198	0.00006376	0.36697043	0.00633840	0.00353152
T[C>T]A	0.10559784	0.52986124	0.00000000	0.00319719	0.01005582	0.03807323	0.00039982	0.00296600	0.00007997	0.00006313	0.00482247	0.01012583	0.01909845	0.00189968	0.00076271	0.00424633	0.02129101	0.00368771
T[C>T]C	0.46604805	0.08881792	0.18980712	0.00571430	0.00040924	0.02077379	0.00454747	0.00079995	0.00021624	0.00047401	0.00041469	0.00003391	0.01402427	0.00001630	0.03767166	0.00209390	0.00323082	0.00158382
T[C>T]G	0.08148294	0.04416996	0.05861018	0.00000000	0.02645030	0.00000000	0.00000000	0.00078627	0.10544818	0.00540915	0.00180260	0.00937736	0.00000000	0.00013385	0.00097618	0.00014512	0.01314941	0.00076993
T[C>T]T	0.01740918	0.30649874	0.11200401	0.00660988	0.01370151	0.02761962	0.00138765	0.00447785	0.00067639	0.00050781	0.00427404	0.00028672	0.00158695	0.00028951	0.04886540	0.00192549	0.01352227	0.00585275
T[T>A]A	0.00019149	0.00029590	0.00259021	0.00240392	0.00186603	0.00321317	0.00093490	0.00653291	0.00739050	0.00113192	0.01428284	0.01134476	0.01848624	0.00000752	0.01549591	0.00068490	0.07161294	0.05400684
T[T>A]C	0.00046546	0.00021491	0.00203884	0.00260322	0.00025870	0.01251174	0.01176958	0.00004729	0.00002751	0.00001206	0.00781228	0.00245650	0.03403785	0.00570530	0.00140546	0.00034243	0.01905440	0.00455065
T[T>A]G	0.00000000	0.00001380	0.00176469	0.00455899	0.00441565	0.00639006	0.00450137	0.00035275	0.00024406	0.00000000	0.00399859	0.00173267	0.01165470	0.00141509	0.00541406	0.00030984	0.05067611	0.00159416
T[T>A]T	0.00134384	0.00015251	0.00000360	0.00389270	0.00453831	0.01507494	0.00170695	0.01384215	0.00203326	0.00128274	0.00895702	0.00170835	0.27066986	0.00140784	0.02145899	0.00000000	0.01615966	0.00993502
T[T>C]A	0.00239803	0.00079406	0.00527648	0.00215518	0.00588111	0.00308924	0.01105887	0.01521837	0.00156809	0.00064571	0.08273790	0.00015326	0.03509386	0.00178406	0.07853826	0.00000000	0.00853746	0.01544315
T[T>C]C	0.00074756	0.00003790	0.00164576	0.00000351	0.00494211	0.00546031	0.00700541	0.00843892	0.00351468	0.00059731	0.04043106	0.00708413	0.02167310	0.01444954	0.01305827	0.00025896	0.00251392	0.00956990
T[T>C]G	0.00001399	0.00049175	0.00372508	0.00131232	0.01251038	0.00423310	0.00434408	0.01847417	0.00019052	0.00090661	0.03638645	0.00235558	0.01503692	0.00279563	0.02269697	0.00002180	0.00413081	0.00646303
T[T>C]T	0.00060250	0.00056859	0.00291912	0.00000287	0.01629144	0.00018071	0.00685773	0.03505966	0.00458861	0.00058396	0.05323861	0.00059090	0.10032450	0.02155511	0.03727711	0.00108850	0.00123897	0.01167540
T[T>G]A	0.00003028	0.00020221	0.00069294	0.00003115	0.00396343	0.00569181	0.00868999	0.00005783	0.00049544	0.00000000	0.00676491	0.00000272	0.02128897	0.00000707	0.00015399	0.00001452	0.00551222	0.06059409
T[T>G]C	0.00013889	0.00012406	0.00150951	0.00000371	0.00693510	0.01558772	0.00756797	0.00075965	0.00034051	0.00861191	0.00392296	0.00179671	0.01620210	0.00018925	0.00048085	0.00011479	0.00064874	0.03383405
T[T>G]G	0.00000000	0.00001309	0.00125013	0.00187428	0.00785561	0.01014670	0.01067476	0.00134004	0.00099319	0.00472384	0.00567363	0.00061589	0.00816506	0.00096373	0.00000516	0.00005151	0.00838359	0.02484857
T[T>G]T	0.00009495	0.00007670	0.00042272	0.00035822	0.00350526	0.00372704	0.00347986	0.00709201	0.00002885	0.12227278	0.01059379	0.00164118	0.02132261	0.00390764	0.00033171	0.00000099	0.00125727	0.39016827
