MutationsType	SBS96A	SBS96B	SBS96C	SBS96D	SBS96E	SBS96F	SBS96G	SBS96H	SBS96I	SBS96J	SBS96K	SBS96L	SBS96M	SBS96N	SBS96O	SBS96P	SBS96Q	SBS96R	SBS96S	SBS96T	SBS96U	SBS96V	SBS96W	SBS96X	SBS96Y
A[C>A]A	0.00004010	0.00203528	0.00021083	0.00861942	0.05025048	0.04320201	0.00088722	0.02691008	0.00712921	0.00058772	0.00177080	0.00120584	0.02135109	0.00185655	0.00470219	0.00525275	0.00251386	0.00017178	0.04647382	0.08834208	0.00738615	0.00542126	0.00000000	0.00421823	0.00620310
A[C>A]C	0.00012243	0.00014255	0.00047590	0.00943129	0.03905017	0.01083764	0.00234912	0.02197191	0.00766247	0.00013257	0.00074319	0.00088348	0.00339511	0.00195538	0.00080265	0.00361134	0.00123090	0.00107979	0.06574015	0.02609607	0.00168476	0.00270833	0.00724153	0.00360704	0.00704293
A[C>A]G	0.00006662	0.00008905	0.00007664	0.00181764	0.02031431	0.00307686	0.00002574	0.00050522	0.00061841	0.00005114	0.00024694	0.00018664	0.00084639	0.00070258	0.00026525	0.00038094	0.00011065	0.00031377	0.01547585	0.00242457	0.00082982	0.00167741	0.00044153	0.00066891	0.00048229
A[C>A]T	0.00025901	0.00040674	0.00026219	0.00408420	0.03404163	0.01792690	0.00125798	0.01384408	0.01292081	0.00046029	0.00032999	0.00043030	0.01740841	0.00139444	0.00180163	0.00205018	0.00035228	0.00426558	0.04281025	0.02710902	0.00324670	0.00209456	0.00457397	0.00452963	0.00375213
A[C>G]A	0.00004714	0.00000000	0.00016919	0.01445256	0.00833564	0.01113604	0.00163667	0.03398478	0.00494695	0.00015142	0.00398664	0.00006282	0.00144354	0.00349245	0.00109872	0.00578025	0.00084244	0.00119715	0.00613379	0.00162763	0.00217011	0.04616346	0.00129092	0.00268210	0.00342390
A[C>G]C	0.00000738	0.00013259	0.00019582	0.00793271	0.00306647	0.01140990	0.00116083	0.02054053	0.00173837	0.00005104	0.00103265	0.00033014	0.00154933	0.00151991	0.00035160	0.00295222	0.00056606	0.00257720	0.00505808	0.00385913	0.00062446	0.01549749	0.00098379	0.00184697	0.00345951
A[C>G]G	0.00005584	0.00051100	0.00005341	0.00314070	0.00170112	0.00439901	0.00003825	0.00000000	0.00033046	0.00000387	0.00025685	0.00004110	0.00026166	0.00036108	0.00002658	0.00024253	0.00013963	0.00089973	0.00024629	0.00379652	0.00003543	0.00707496	0.00114794	0.00049712	0.00090947
A[C>G]T	0.00008244	0.00017073	0.00026380	0.01489068	0.00379787	0.02040981	0.00099052	0.02974716	0.00619287	0.00030251	0.00413321	0.00036706	0.00131367	0.00292236	0.00205821	0.00591511	0.00016445	0.00295356	0.00716763	0.00699689	0.00052367	0.02621709	0.00734374	0.00314184	0.00607616
A[C>T]A	0.00004196	0.00111614	0.00081118	0.05413082	0.01016001	0.03326022	0.02505600	0.01218439	0.07278600	0.00057779	0.00753746	0.00029218	0.00354930	0.10570072	0.00162320	0.01433301	0.00204360	0.00397088	0.00660007	0.00651688	0.00174430	0.01123849	0.00765008	0.00625828	0.00734094
A[C>T]C	0.02173141	0.03974101	0.00156945	0.02542051	0.00437522	0.01672352	0.00608962	0.01683054	0.01027419	0.00006566	0.00014744	0.00341231	0.00248337	0.04670534	0.00785620	0.00654527	0.00209941	0.00145009	0.01007558	0.00357376	0.00059493	0.00623791	0.00562449	0.00565853	0.00467770
A[C>T]G	0.00000000	0.00043015	0.00001020	0.00106424	0.00100924	0.00150545	0.36657452	0.01114004	0.01209006	0.00052520	0.00037735	0.00309230	0.00170074	0.01122385	0.00089824	0.00065934	0.00031232	0.00067339	0.00141039	0.00964444	0.00304811	0.00559316	0.00163079	0.00367239	0.00816772
A[C>T]T	0.00892182	0.01046868	0.00230833	0.03973010	0.00412440	0.02831659	0.00963519	0.01438299	0.02866593	0.00014188	0.00054804	0.00120264	0.00313651	0.03378401	0.00819701	0.00675491	0.00107012	0.03346742	0.01153119	0.01005237	0.00103657	0.00716373	0.00701542	0.00845715	0.00710162
A[T>A]A	0.00246111	0.00205122	0.00014561	0.01087220	0.00264063	0.00862323	0.00073164	0.00003007	0.00533868	0.00004950	0.00003426	0.00171124	0.00187727	0.00149123	0.01215562	0.00485083	0.00093339	0.00004495	0.00663838	0.00079342	0.06007692	0.00271525	0.01424027	0.00019997	0.06478467
A[T>A]C	0.00056440	0.00026872	0.00106272	0.01249187	0.00217348	0.00260985	0.00228212	0.01013714	0.00510285	0.00025920	0.00015647	0.00433656	0.00060110	0.00138564	0.00337195	0.00265111	0.00108117	0.00116125	0.01543484	0.00002585	0.00767661	0.00247810	0.00046866	0.00070821	0.03352303
A[T>A]G	0.00068798	0.00132017	0.00024357	0.01622627	0.00700360	0.00917286	0.00108502	0.00934851	0.00292657	0.00005438	0.00066163	0.00083505	0.00197531	0.00192528	0.00020004	0.00418746	0.00023002	0.00377979	0.00991464	0.00204108	0.05906740	0.00418122	0.00063468	0.00118214	0.02554708
A[T>A]T	0.00470529	0.00755608	0.00001028	0.00001387	0.00299568	0.00972100	0.00000000	0.00080458	0.02727499	0.00061087	0.00041992	0.00085780	0.00133102	0.00414809	0.05094742	0.00045258	0.00111865	0.04038956	0.00965960	0.00504325	0.00000000	0.00040015	0.00082543	0.00532918	0.25990655
A[T>C]A	0.00046501	0.00064403	0.00083169	0.08421693	0.00548621	0.01894818	0.00103006	0.00676653	0.02206490	0.00006943	0.00267736	0.09279357	0.00312498	0.01079683	0.00069212	0.06209159	0.00022706	0.00440791	0.02805566	0.00037442	0.02482320	0.08610234	0.01039003	0.00569218	0.00956006
A[T>C]C	0.00018860	0.00044411	0.00030170	0.01512671	0.00008618	0.00549800	0.00304701	0.00517945	0.00413514	0.00023485	0.00031507	0.02779771	0.00056330	0.00342203	0.00037563	0.04130072	0.01247039	0.00385668	0.01086208	0.00383488	0.00135358	0.04231476	0.00803352	0.00100793	0.00194074
A[T>C]G	0.00010940	0.00123527	0.00080585	0.06828713	0.00375807	0.02225149	0.00000001	0.00297817	0.02814838	0.00000000	0.00105184	0.08820146	0.00218126	0.01419843	0.00153064	0.05609411	0.00084665	0.00954059	0.02535313	0.00137511	0.00874448	0.01099919	0.01324431	0.00321689	0.00257190
A[T>C]T	0.00055984	0.00202937	0.00096728	0.06696120	0.00007996	0.02181091	0.00581677	0.01536106	0.00791500	0.00055930	0.00155195	0.03639295	0.00334621	0.00702251	0.00302195	0.07435376	0.00752046	0.05137384	0.03176526	0.00535199	0.00060655	0.05151774	0.03975251	0.00382622	0.00660706
A[T>G]A	0.00053502	0.00002230	0.00017050	0.00066552	0.00114553	0.00862319	0.00008262	0.00126152	0.00080841	0.00141971	0.00007280	0.00274534	0.00054177	0.00048233	0.01148380	0.00299755	0.00067844	0.00373204	0.00124562	0.00033308	0.00035036	0.02291766	0.08118978	0.00561309	0.00167535
A[T>G]C	0.00028554	0.00091948	0.00006551	0.00190566	0.00004342	0.01310501	0.00018792	0.00285427	0.00052624	0.00438819	0.00003182	0.00265070	0.00032929	0.00023554	0.00107072	0.00030520	0.00061812	0.00264483	0.00125004	0.00104364	0.00004124	0.01247514	0.00843453	0.01508228	0.00051962
A[T>G]G	0.00030317	0.00148430	0.00017339	0.01418051	0.00097528	0.01189900	0.00022663	0.00911840	0.00179716	0.00096553	0.00018454	0.00229872	0.00049237	0.00192309	0.00079918	0.00211401	0.00069550	0.01068364	0.00566234	0.00330198	0.00307581	0.02180911	0.00499327	0.00891078	0.00195957
A[T>G]T	0.00034353	0.00053479	0.00003475	0.00003878	0.00002089	0.02901523	0.00001533	0.00037100	0.00173911	0.06885259	0.00027227	0.00433350	0.00036457	0.00041009	0.00000000	0.00051132	0.01182846	0.01426714	0.00108197	0.00119803	0.00008813	0.02415629	0.01681377	0.09058612	0.00108683
C[C>A]A	0.00037634	0.00201833	0.00018474	0.00001655	0.10807377	0.01498516	0.00032285	0.02762680	0.00448221	0.00026202	0.00118848	0.00112255	0.06190700	0.00165435	0.00159356	0.00255591	0.00059974	0.01341525	0.00333802	0.09989327	0.00275654	0.00224833	0.00599124	0.00508566	0.00411350
C[C>A]C	0.00027002	0.00151999	0.00008966	0.00010796	0.10850649	0.00474715	0.00144639	0.03156103	0.03442756	0.00005001	0.00094332	0.00035261	0.02026598	0.00694456	0.00271231	0.00439918	0.00123318	0.00326226	0.01923877	0.01290582	0.00612068	0.00066694	0.00161133	0.00130407	0.00214261
C[C>A]G	0.00000005	0.00048731	0.00002875	0.00600066	0.03403345	0.00000000	0.00000166	0.00073325	0.00356778	0.00000007	0.00002132	0.00040595	0.00637244	0.00295839	0.00200826	0.00043763	0.00015392	0.00002757	0.00177152	0.01766095	0.00003447	0.00129918	0.00184441	0.00053211	0.00070888
C[C>A]T	0.00038472	0.00176011	0.00010864	0.00000000	0.08587653	0.00467484	0.00000000	0.00549933	0.08703937	0.00018457	0.00000159	0.00335956	0.06875624	0.01749015	0.01423288	0.00056142	0.00030522	0.00001404	0.02451223	0.00828707	0.00206330	0.00125411	0.00006502	0.00061917	0.00078587
C[C>G]A	0.00000143	0.00040631	0.00010524	0.01058428	0.00959567	0.00363485	0.00000044	0.03472737	0.00177308	0.00017425	0.00570407	0.00060200	0.00086172	0.00224487	0.00014084	0.00422828	0.00055591	0.00152571	0.00879987	0.00001326	0.00207940	0.00197811	0.00145726	0.00148347	0.00230578
C[C>G]C	0.00008036	0.00089893	0.00048905	0.01684228	0.00818201	0.01160947	0.00001482	0.02459026	0.00226213	0.00005153	0.00076766	0.00068380	0.00082734	0.00283718	0.00236903	0.00353222	0.00039208	0.00051924	0.01196418	0.00323398	0.00146538	0.00243475	0.00265398	0.00172235	0.00228099
C[C>G]G	0.00008001	0.00081357	0.00010309	0.00539967	0.00483096	0.00223374	0.00033911	0.00213853	0.00040562	0.00000270	0.00050269	0.00008443	0.00018924	0.00053351	0.00027895	0.00046627	0.00030485	0.00137119	0.00019452	0.00728672	0.00017958	0.00079204	0.00047741	0.00089528	0.00071021
C[C>G]T	0.00008723	0.00080105	0.00026250	0.01364873	0.00757352	0.01705362	0.00000192	0.03948660	0.00280574	0.00019292	0.00651350	0.00092407	0.00147415	0.00277410	0.00432228	0.00558972	0.00024321	0.00020743	0.01368011	0.00585552	0.00132986	0.00275464	0.00554524	0.00225345	0.00336368
C[C>T]A	0.06198631	0.11220089	0.00404843	0.01744858	0.01633244	0.02989876	0.00172577	0.01919366	0.00229015	0.00043007	0.00000983	0.00077071	0.00502860	0.02622942	0.00279355	0.01301297	0.00093921	0.03516714	0.00697742	0.01412992	0.00162460	0.00351685	0.00781427	0.00427312	0.00694007
C[C>T]C	0.06859147	0.19431639	0.00000500	0.00954156	0.01335133	0.01994592	0.00027854	0.02418704	0.00379576	0.00004046	0.00122733	0.00360239	0.00490319	0.01691090	0.00585052	0.00767356	0.00202864	0.00243094	0.01198991	0.00230522	0.00481861	0.00514469	0.01029352	0.00349649	0.00180893
C[C>T]G	0.00731887	0.02357414	0.00305131	0.02378939	0.00413379	0.00188000	0.19763222	0.00384450	0.00580899	0.00068217	0.00207782	0.00332596	0.00125022	0.05459089	0.00920105	0.00244248	0.00259306	0.00246907	0.00565390	0.02345352	0.00063541	0.00529656	0.00502482	0.00342605	0.01525108
C[C>T]T	0.07052352	0.13146600	0.00111083	0.02476040	0.02016997	0.02768972	0.00002495	0.02950545	0.00908893	0.00011697	0.00147449	0.00180330	0.00435026	0.01502045	0.02103850	0.01116530	0.00215761	0.00039633	0.01559335	0.00264793	0.00294675	0.01071149	0.01424586	0.00683450	0.00356795
C[T>A]A	0.00015076	0.00094366	0.00022836	0.00183148	0.00003852	0.00000000	0.00000397	0.00073209	0.00018620	0.00007879	0.00020403	0.00116288	0.00019081	0.00061570	0.00347966	0.00025702	0.00020128	0.00142875	0.00486389	0.00001930	0.12315567	0.00153734	0.00465756	0.00037567	0.01458854
C[T>A]C	0.00019460	0.00089088	0.00036342	0.00199321	0.00694642	0.00460520	0.00041611	0.02252671	0.00709537	0.00215507	0.00037173	0.00081547	0.00069292	0.00150118	0.01306789	0.00764716	0.04035720	0.00014105	0.00942443	0.00401038	0.05645701	0.00021328	0.00151192	0.00198578	0.00076040
C[T>A]G	0.00008619	0.00055437	0.00017126	0.00242495	0.02044590	0.00188023	0.00022254	0.00484934	0.00177784	0.00070864	0.00022578	0.00121434	0.00092189	0.00114021	0.00067354	0.00087044	0.01216815	0.00116585	0.00055813	0.00350299	0.16101836	0.00114932	0.00566850	0.00314753	0.00024526
C[T>A]T	0.00033430	0.00000265	0.00006771	0.00002944	0.00469282	0.00999780	0.00025746	0.00950377	0.00501798	0.00768095	0.00045817	0.00016436	0.00113594	0.00016709	0.04942255	0.00099576	0.07220343	0.00079726	0.01323390	0.00084733	0.06400830	0.00067648	0.00000000	0.00191750	0.00016083
C[T>C]A	0.00044299	0.00147445	0.00041378	0.00871512	0.00573856	0.01295846	0.00000262	0.00229483	0.01267808	0.00060669	0.00020859	0.05696631	0.00015304	0.00439656	0.00764602	0.03384110	0.01070784	0.01005921	0.00384472	0.00000197	0.00711003	0.05313511	0.00820720	0.00188490	0.00145858
C[T>C]C	0.00016852	0.00089204	0.00016634	0.00178697	0.00185255	0.00554910	0.00260279	0.01173220	0.00341230	0.00615538	0.00014662	0.03138596	0.00116501	0.00180554	0.00071472	0.04582459	0.17265559	0.00011584	0.00765828	0.00305695	0.00262350	0.01326990	0.01101541	0.00214433	0.00137232
C[T>C]G	0.00005130	0.00048050	0.00029681	0.03155879	0.00619649	0.01222212	0.00025275	0.00136366	0.03052203	0.00378322	0.00035775	0.08755271	0.00041147	0.00994055	0.00089032	0.00759650	0.08781606	0.00117608	0.00815276	0.00090259	0.00288532	0.00116156	0.01117097	0.00873711	0.00493767
C[T>C]T	0.00189956	0.00620956	0.00024611	0.00528961	0.00244509	0.00163406	0.00000000	0.00011830	0.00484229	0.01751515	0.00007561	0.05691043	0.00145322	0.00085438	0.03726894	0.01919288	0.42563607	0.03974522	0.00071784	0.00045572	0.00173767	0.03850579	0.01793409	0.00597660	0.00333135
C[T>G]A	0.00007709	0.00034893	0.00012803	0.00175313	0.00034112	0.00201553	0.00000220	0.00479387	0.00078763	0.00203870	0.00007127	0.00141694	0.00011596	0.00048086	0.00290799	0.00174412	0.00023917	0.00153013	0.00228744	0.00000450	0.00379861	0.00055466	0.04813668	0.01039826	0.00052248
C[T>G]C	0.00015604	0.00078855	0.00024177	0.00704403	0.00010688	0.00570307	0.00019261	0.01067791	0.00290536	0.03146337	0.00006829	0.00532726	0.00041635	0.00173306	0.00571567	0.00041741	0.00099582	0.00014480	0.00185789	0.00308094	0.00118920	0.00217186	0.00517858	0.01622409	0.00072777
C[T>G]G	0.00000054	0.00131207	0.00016823	0.00925753	0.00366003	0.00288748	0.00010691	0.01637118	0.00444933	0.01374905	0.00010487	0.00629567	0.00060382	0.00235494	0.00102390	0.00027368	0.00010836	0.00015448	0.00283001	0.00500126	0.00779263	0.00363518	0.02202573	0.01278354	0.00151121
C[T>G]T	0.00000225	0.00000152	0.00014801	0.01104550	0.00069082	0.00031718	0.00000001	0.00003794	0.00060252	0.55406233	0.00015204	0.00021496	0.00082823	0.00119389	0.00295394	0.00504149	0.00305855	0.00003777	0.00328051	0.00083722	0.00207797	0.00077800	0.00000000	0.02797822	0.00196546
G[C>A]A	0.00003067	0.00058160	0.00015730	0.00858748	0.02921053	0.00903265	0.00154231	0.00246850	0.00288888	0.00094946	0.00078442	0.00045826	0.06978752	0.00090890	0.00082660	0.00133671	0.00257505	0.00015217	0.03700766	0.17825244	0.00207481	0.00247959	0.01255104	0.00521017	0.00259060
G[C>A]C	0.00010969	0.00000424	0.00019746	0.00446267	0.03627973	0.00479147	0.00022416	0.00997951	0.00839084	0.00000000	0.00046439	0.00057539	0.01384889	0.00318078	0.00020665	0.00281194	0.00154338	0.00019253	0.09142437	0.02145816	0.00277703	0.00143067	0.01362809	0.00109390	0.00096238
G[C>A]G	0.00003914	0.00000245	0.00006184	0.00306351	0.01948779	0.00187130	0.00041238	0.00002625	0.00101292	0.00010575	0.00015425	0.00018832	0.00344334	0.00094874	0.00000052	0.00025367	0.00017774	0.00003574	0.01433101	0.01187485	0.00048390	0.00115534	0.00012687	0.00068777	0.00041186
G[C>A]T	0.00000041	0.00000143	0.00003822	0.00213288	0.01148666	0.00060410	0.00000108	0.00851435	0.01378597	0.00050004	0.00002944	0.00029882	0.07514155	0.00330540	0.00002467	0.00144564	0.00046216	0.00012760	0.06114505	0.07292713	0.00144504	0.00166758	0.01514465	0.00210004	0.00059445
G[C>G]A	0.00001506	0.00000668	0.00014025	0.00724105	0.00644508	0.00253858	0.00000801	0.02288238	0.00140324	0.00004917	0.00159584	0.00058012	0.00077097	0.00148643	0.00011876	0.00233044	0.00086554	0.00030744	0.00523939	0.00020236	0.00194983	0.00258466	0.00215296	0.00141260	0.00158531
G[C>G]C	0.00000579	0.00039705	0.00032559	0.00869144	0.00732381	0.00582866	0.00007957	0.01469096	0.00241603	0.00004735	0.00057637	0.00068191	0.00087925	0.00210433	0.00043097	0.00239632	0.00093335	0.00013864	0.00551007	0.00130834	0.00126411	0.00229223	0.00497329	0.00137985	0.00210683
G[C>G]G	0.00004612	0.00034196	0.00005155	0.00297542	0.00470665	0.00069702	0.00006990	0.00409608	0.00025570	0.00000386	0.00025569	0.00013075	0.00018898	0.00045125	0.00016277	0.00030055	0.00005073	0.00059909	0.00024669	0.00080410	0.00024519	0.00106997	0.00078804	0.00033151	0.00044116
G[C>G]T	0.00002993	0.00022313	0.00020755	0.01067704	0.00294361	0.00517043	0.00000158	0.02582915	0.00357086	0.00000000	0.00278459	0.00035407	0.00073374	0.00243230	0.00117071	0.00332622	0.00088354	0.00107574	0.00915270	0.00149252	0.00074283	0.00225049	0.01639913	0.00114450	0.00189514
G[C>T]A	0.00006077	0.00065764	0.00027942	0.01720513	0.00332833	0.02085646	0.00474130	0.01682837	0.07119530	0.00005373	0.00736051	0.00042371	0.00096776	0.11753285	0.00016993	0.01023729	0.00210175	0.00078560	0.00168609	0.01057521	0.00256039	0.00365254	0.00750881	0.00591368	0.00161245
G[C>T]C	0.01376505	0.02768410	0.00030253	0.01840375	0.00397273	0.01506741	0.00045465	0.01179442	0.05436865	0.00014909	0.00102228	0.00473880	0.00096874	0.13918291	0.00011283	0.00612217	0.00061125	0.00045095	0.00341257	0.00652455	0.00195076	0.00501436	0.00564874	0.00430941	0.00261715
G[C>T]G	0.00000019	0.00000000	0.00003810	0.00609892	0.00011700	0.00000298	0.22010316	0.00000461	0.02902865	0.00104066	0.00022249	0.00467397	0.00094506	0.08865854	0.00000003	0.00035539	0.00209983	0.00000438	0.00103698	0.01596194	0.00024849	0.00340646	0.00007801	0.00165284	0.02361359
G[C>T]T	0.02001681	0.00355552	0.00014458	0.02049177	0.00322037	0.01944931	0.00021056	0.00908428	0.04985606	0.00000000	0.00136804	0.00232863	0.00180519	0.09162079	0.00113590	0.00514632	0.00034693	0.04272407	0.00552796	0.00481792	0.00155644	0.00046810	0.01528161	0.00309436	0.00318942
G[T>A]A	0.00048627	0.00033084	0.00006239	0.00458539	0.00430277	0.00170788	0.00001722	0.00661493	0.00192920	0.00009091	0.00005285	0.00108396	0.00023406	0.00116314	0.00168931	0.00070874	0.00004231	0.00005084	0.00491901	0.00216822	0.05062712	0.00170954	0.00209132	0.00062106	0.01369084
G[T>A]C	0.00024257	0.00019397	0.00017760	0.00296963	0.00265484	0.00205162	0.00013468	0.01119490	0.00444403	0.00036789	0.00016419	0.00115821	0.00026546	0.00136100	0.00225130	0.00285133	0.00343590	0.00018079	0.00540960	0.00322751	0.01106420	0.00082394	0.00301343	0.00078760	0.00289581
G[T>A]G	0.00033980	0.00051668	0.00013500	0.00437056	0.01214352	0.00207024	0.00021439	0.01591264	0.00391598	0.00023073	0.00006998	0.00050303	0.00053287	0.00132468	0.00000076	0.00372796	0.00065437	0.00135734	0.00564669	0.00178568	0.03652134	0.00143243	0.00004349	0.00094958	0.00529299
G[T>A]T	0.00030909	0.00000668	0.00013883	0.00132178	0.00488376	0.00293767	0.00031371	0.01861511	0.00653735	0.00158224	0.00037157	0.00061696	0.00058822	0.00090116	0.02096359	0.00175395	0.00468919	0.00873035	0.00816024	0.00504878	0.01082703	0.00112960	0.00224975	0.00073002	0.00668576
G[T>C]A	0.00007498	0.00012842	0.00015789	0.00620843	0.00267498	0.00234533	0.00099997	0.00177280	0.02249062	0.00004562	0.00052019	0.09539016	0.00067282	0.00564739	0.00002618	0.04583436	0.00001987	0.00061377	0.00789103	0.00015560	0.00253665	0.02251802	0.00137185	0.00090249	0.00052425
G[T>C]C	0.00002916	0.00000101	0.00017777	0.00621742	0.00072330	0.00322037	0.00188722	0.00351659	0.00099610	0.00148220	0.00028280	0.02630150	0.00058502	0.00236701	0.00015340	0.02756420	0.01479661	0.00224485	0.00740538	0.00434360	0.00157294	0.01643120	0.01156010	0.00021713	0.00069051
G[T>C]G	0.00003077	0.00040187	0.00033244	0.01868660	0.00211248	0.00309601	0.00110425	0.00900939	0.01450181	0.00100314	0.00045523	0.08051809	0.00068946	0.00494455	0.00026901	0.01722148	0.00383305	0.00261231	0.00787187	0.00786836	0.00182787	0.00227955	0.00093645	0.00226975	0.00257757
G[T>C]T	0.00074172	0.00698032	0.00019963	0.00356174	0.00001018	0.00147081	0.00000345	0.00175456	0.00711146	0.00135877	0.00013371	0.05034012	0.00091490	0.00432721	0.00853214	0.02594390	0.00309847	0.32043586	0.00783514	0.00283521	0.00223889	0.01205799	0.00035081	0.00105437	0.00010488
G[T>G]A	0.00006331	0.00034944	0.00021076	0.00292186	0.00047841	0.00088933	0.00000715	0.00680990	0.00039160	0.00027578	0.00011823	0.00155587	0.00009711	0.00054859	0.00240341	0.00093863	0.00044861	0.00009345	0.00060812	0.00170718	0.00139397	0.01458394	0.01300700	0.00101996	0.00079193
G[T>G]C	0.00011377	0.00033979	0.00013043	0.00202670	0.00018606	0.00231572	0.00000209	0.00332462	0.00026829	0.00626504	0.00002962	0.00128789	0.00009852	0.00040920	0.00163743	0.00055193	0.00017501	0.00007024	0.00113113	0.00000295	0.00014174	0.00856410	0.00848146	0.00069708	0.00033388
G[T>G]G	0.00035608	0.00260941	0.00013526	0.00796238	0.00284507	0.00068912	0.00033488	0.01874277	0.00091718	0.00148171	0.00049934	0.00280951	0.00140939	0.00152633	0.00615816	0.00110690	0.00079171	0.00396216	0.00106152	0.01114983	0.00083012	0.01237740	0.00437318	0.00344098	0.00107101
G[T>G]T	0.00102771	0.00194718	0.00000520	0.00000000	0.00007650	0.00132241	0.00000767	0.00595223	0.00238176	0.11497004	0.00000824	0.00379441	0.00020199	0.00049361	0.00662238	0.00003962	0.00651688	0.00659891	0.00014935	0.00237226	0.00005630	0.01862830	0.01024607	0.00389765	0.00055216
T[C>A]A	0.00033717	0.00275045	0.00051470	0.00088191	0.02996457	0.02492727	0.00002488	0.00062563	0.00315285	0.00000846	0.07850015	0.00077595	0.17228442	0.00133043	0.00222081	0.00196833	0.00055707	0.01151434	0.02534484	0.01681647	0.00180696	0.00106795	0.02726392	0.00940103	0.00342539
T[C>A]C	0.00070786	0.00344418	0.00020636	0.00730349	0.05072124	0.01983788	0.00234652	0.01949983	0.00538797	0.00001416	0.02926673	0.00071962	0.09215455	0.00168661	0.01421045	0.00298850	0.00032317	0.00791529	0.02868120	0.01383523	0.00326425	0.00303937	0.00143271	0.00156460	0.00262288
T[C>A]G	0.00003368	0.00023802	0.00005070	0.00273972	0.01227925	0.00180515	0.00000393	0.00010434	0.00024786	0.00008252	0.01203931	0.00021271	0.01600725	0.00056614	0.00000039	0.00038884	0.00009830	0.00004062	0.00846191	0.01352457	0.00007184	0.00189941	0.00022132	0.00079383	0.00029667
T[C>A]T	0.00071082	0.00129894	0.00027602	0.01504537	0.02247063	0.00864217	0.00000435	0.00137297	0.01838430	0.00264179	0.03510969	0.00085241	0.26219695	0.00437655	0.00339451	0.00234047	0.00123724	0.00031359	0.00406782	0.04801835	0.00120780	0.00368250	0.04448596	0.00187323	0.00305155
T[C>G]A	0.00000374	0.00010728	0.00014980	0.00144806	0.00172412	0.00178065	0.00000000	0.01560632	0.00263518	0.00011280	0.31602807	0.00106477	0.00140508	0.00164392	0.00163915	0.00432882	0.00375516	0.00399232	0.00122661	0.00194970	0.00387764	0.00313822	0.00277644	0.00654523	0.00185443
T[C>G]C	0.00002977	0.00160491	0.00024995	0.00675783	0.00630386	0.01603777	0.00002520	0.03462268	0.00239341	0.00003435	0.06346003	0.00086719	0.00127369	0.00232381	0.00473506	0.00516731	0.00076517	0.00071410	0.00792875	0.00814476	0.00213518	0.00288046	0.00251209	0.00581402	0.00435963
T[C>G]G	0.00000360	0.00035773	0.00004783	0.00314410	0.00244204	0.00261515	0.00002109	0.00013378	0.00042155	0.00002813	0.01380264	0.00006489	0.00006673	0.00043860	0.00004306	0.00055962	0.00039583	0.00086932	0.00066440	0.00163072	0.00030090	0.00147430	0.00026787	0.00093064	0.00067074
T[C>G]T	0.00013080	0.00050564	0.00120463	0.00460725	0.00049102	0.01849080	0.00139746	0.03209676	0.00721704	0.00148128	0.36836725	0.00170810	0.00504979	0.00227096	0.01239369	0.01047879	0.00036700	0.00023061	0.00505482	0.00066445	0.00094509	0.00505548	0.00652928	0.01322505	0.00812325
T[C>T]A	0.15860432	0.00025129	0.53688563	0.00183234	0.00299110	0.05293071	0.00104415	0.00133357	0.00205700	0.00005935	0.00529029	0.00336772	0.00173576	0.01487405	0.01225545	0.00839805	0.00101933	0.00009659	0.00636981	0.01419209	0.00245485	0.00310938	0.00166598	0.00325132	0.00201698
T[C>T]C	0.40022073	0.19212495	0.09210378	0.00000811	0.00798298	0.03221573	0.00001341	0.00699244	0.00538760	0.00059535	0.00311554	0.00073482	0.00299109	0.00402120	0.01316874	0.00484133	0.00075451	0.00486996	0.00258481	0.00280398	0.00070865	0.00128092	0.00105987	0.00244525	0.00185774
T[C>T]G	0.08271534	0.05474479	0.04297850	0.02276152	0.00000000	0.00000000	0.11045984	0.00000000	0.00092642	0.00019824	0.00096049	0.00215081	0.00011762	0.00811937	0.00005595	0.00143176	0.00064993	0.00158829	0.00916185	0.01745542	0.00001579	0.00442149	0.00057286	0.00165889	0.00483864
T[C>T]T	0.05669269	0.11023809	0.29554318	0.01171611	0.00827712	0.03639891	0.00000272	0.00314772	0.00686177	0.00084264	0.00068501	0.00013873	0.00191175	0.00843500	0.00024062	0.01107692	0.00034746	0.04969274	0.01840232	0.00001254	0.00150097	0.00387081	0.00377421	0.00423795	0.00403599
T[T>A]A	0.00032414	0.00242305	0.00046347	0.00182335	0.00100766	0.00548521	0.00618899	0.00092828	0.00521867	0.00121459	0.00015782	0.00035453	0.00087403	0.00067993	0.01444517	0.00245389	0.00008772	0.01604234	0.00149932	0.01548078	0.06215367	0.00178359	0.01722201	0.00567294	0.25018358
T[T>A]C	0.00037762	0.00231038	0.00024055	0.00050912	0.00131769	0.01696069	0.00000481	0.01295004	0.00322661	0.00023317	0.00023615	0.00099920	0.00035484	0.00090195	0.03559848	0.00932260	0.00558122	0.00096635	0.00769701	0.00410990	0.02385963	0.00087193	0.00082878	0.00316108	0.00211131
T[T>A]G	0.00000063	0.00163807	0.00006824	0.00460973	0.00248349	0.00775806	0.00000170	0.00222189	0.00167603	0.00000000	0.00022482	0.00007334	0.00014631	0.00101122	0.01238213	0.00394574	0.00170500	0.00539517	0.00160866	0.00266668	0.06742648	0.00014181	0.02980357	0.00063823	0.00689802
T[T>A]T	0.00068044	0.00002906	0.00024198	0.00197952	0.00165073	0.03212547	0.00142158	0.00162846	0.01495585	0.00127920	0.00005360	0.00081554	0.00166946	0.00333407	0.28626492	0.00492831	0.00109593	0.02569565	0.00671921	0.00610675	0.02872413	0.00089337	0.01612427	0.00552838	0.02947215
T[T>C]A	0.00258588	0.00623387	0.00026813	0.00430322	0.00170915	0.00328148	0.00015940	0.00770902	0.02323829	0.00108181	0.00022992	0.03427474	0.00101501	0.00831756	0.03199479	0.10507321	0.00105779	0.08061350	0.00828786	0.00068500	0.00502404	0.04094744	0.00789520	0.00885464	0.00995265
T[T>C]C	0.00065739	0.00185499	0.00017961	0.00038928	0.00005854	0.00357675	0.00329488	0.00455545	0.01103963	0.00107350	0.00012628	0.03065540	0.00082905	0.00249893	0.02128814	0.04886172	0.01480466	0.01385183	0.00142445	0.01180550	0.00028966	0.04711463	0.00960508	0.00498143	0.00796994
T[T>C]G	0.00026828	0.00402733	0.00035714	0.01396812	0.00174981	0.00561257	0.00029322	0.00188772	0.01955902	0.00124014	0.00029954	0.03034146	0.00020115	0.00645862	0.01350840	0.04112393	0.00224431	0.02278848	0.00344499	0.00553449	0.00151193	0.00431470	0.01027383	0.00417779	0.00377059
T[T>C]T	0.00086115	0.00323203	0.00023836	0.01108439	0.00001610	0.00000000	0.00389231	0.00164210	0.03569901	0.00100397	0.00076378	0.05857076	0.00065172	0.00673617	0.09023112	0.05485713	0.02016039	0.04250707	0.00144361	0.00326378	0.00000676	0.06083513	0.04790456	0.00504965	0.00806325
T[T>G]A	0.00013211	0.00098282	0.00002575	0.00017395	0.00004120	0.00478638	0.00000000	0.00513836	0.00367588	0.00000000	0.00018483	0.00025073	0.00009436	0.00079284	0.01910739	0.00662985	0.00000574	0.00014800	0.00103575	0.00016928	0.00151521	0.01606930	0.12046466	0.04512910	0.00471386
T[T>G]C	0.00008751	0.00158380	0.00016568	0.00830450	0.00000000	0.01771877	0.00001431	0.00807900	0.00172094	0.00852401	0.00006321	0.00134588	0.00026107	0.00163884	0.01802840	0.00376324	0.00009752	0.00011207	0.00144045	0.00321124	0.00019270	0.02495313	0.00564968	0.03751168	0.00263753
T[T>G]G	0.00000016	0.00136562	0.00014086	0.00883206	0.00213318	0.00949842	0.00045454	0.01122324	0.00313295	0.00469293	0.00013480	0.00241971	0.00049053	0.00180603	0.00791721	0.00384361	0.00084213	0.00005136	0.00191934	0.00189083	0.00502386	0.03906107	0.01002636	0.01942654	0.00836764
T[T>G]T	0.00004979	0.00147532	0.00014467	0.00834202	0.00011974	0.00588181	0.00000001	0.00273313	0.01256827	0.11880471	0.00015844	0.00352251	0.00100441	0.00347765	0.02217115	0.01076719	0.00354600	0.00024044	0.00365034	0.00301242	0.00030688	0.01404461	0.04313737	0.45113681	0.00799234
