MutationsType	SBS96A	SBS96B	SBS96C	SBS96D	SBS96E	SBS96F	SBS96G	SBS96H	SBS96I	SBS96J	SBS96K	SBS96L	SBS96M	SBS96N	SBS96O	SBS96P	SBS96Q
A[C>A]A	0.00817361	0.04246017	0.02256390	0.04932972	0.00003339	0.00069441	0.00006878	0.00064831	0.00135522	0.05489166	0.00048004	0.00092671	0.00237327	0.00451246	0.00409058	0.00012899	0.00049151
A[C>A]C	0.00867923	0.01424846	0.02305604	0.03987178	0.00010647	0.00219834	0.00076879	0.00012633	0.00027312	0.01527655	0.00072175	0.00055482	0.00144220	0.00025559	0.00250398	0.00055110	0.00086262
A[C>A]G	0.00247189	0.00291630	0.00038820	0.01827550	0.00001903	0.00013588	0.00024894	0.00014725	0.00010814	0.00080193	0.00006862	0.00023335	0.00012043	0.00009907	0.00073372	0.00024233	0.00002751
A[C>A]T	0.00308051	0.01873632	0.01390567	0.03550109	0.00023731	0.00097041	0.00028632	0.00018792	0.00046569	0.02181756	0.00675353	0.00025296	0.00025999	0.00100460	0.00456125	0.00406978	0.00301899
A[C>G]A	0.00795276	0.01520347	0.03103888	0.00682949	0.00005076	0.00228792	0.00021454	0.00031791	0.00000110	0.00116821	0.00493414	0.00346400	0.00070945	0.00054288	0.00648469	0.00146443	0.00469279
A[C>G]C	0.00352966	0.01184891	0.01896938	0.00257419	0.00000582	0.00072249	0.00010385	0.00003043	0.00002717	0.00390805	0.00190996	0.00079193	0.00068430	0.00038252	0.00197774	0.00268250	0.00417430
A[C>G]G	0.00153459	0.00414572	0.00000107	0.00132947	0.00002933	0.00000897	0.00002391	0.00005000	0.00058050	0.00225928	0.00052729	0.00031948	0.00036862	0.00024926	0.00061905	0.00063248	0.00151031
A[C>G]T	0.00648463	0.02262202	0.02552339	0.00299805	0.00003007	0.00164375	0.00040669	0.00015902	0.00011352	0.00517428	0.00510817	0.00432181	0.00024822	0.00201923	0.00468118	0.00360403	0.00563689
A[C>T]A	0.03164933	0.03092956	0.01126188	0.00755993	0.00000928	0.02561290	0.00083956	0.00163814	0.00088206	0.00754327	0.09093551	0.00835268	0.00255217	0.00143186	0.02179555	0.00337989	0.00725068
A[C>T]C	0.01547780	0.01617597	0.01525094	0.00359974	0.02177713	0.00593022	0.00215625	0.00023804	0.03965867	0.00458999	0.02140499	0.00010564	0.00246658	0.00768128	0.00704564	0.00257306	0.00121776
A[C>T]G	0.00007119	0.00592702	0.00980048	0.00213229	0.00001505	0.36862369	0.00003119	0.00664377	0.00025208	0.00079823	0.00001151	0.00000000	0.00009885	0.00014964	0.00052155	0.00192271	0.00147650
A[C>T]T	0.02025414	0.02658828	0.01270056	0.00258612	0.00846174	0.01053641	0.00434645	0.00076644	0.01261780	0.00950108	0.03006404	0.00040813	0.00124033	0.00736779	0.01194701	0.02587751	0.00649958
A[T>A]A	0.00768358	0.00977521	0.00200032	0.00423661	0.00244386	0.00112168	0.00023592	0.00003820	0.00203365	0.00124826	0.00522871	0.00001297	0.00101960	0.01362824	0.04963337	0.00042022	0.00275229
A[T>A]C	0.00855870	0.00503719	0.00972732	0.00322696	0.00041441	0.00344025	0.00122322	0.00024679	0.00048500	0.00063446	0.00289196	0.00025457	0.00070291	0.00312377	0.00885723	0.00170401	0.00195606
A[T>A]G	0.00921311	0.01010971	0.01035192	0.00839190	0.00060767	0.00171966	0.00022092	0.00014723	0.00163293	0.00147318	0.00204709	0.00099769	0.00015346	0.00019624	0.04704098	0.00296462	0.00110104
A[T>A]T	0.00090918	0.00581545	0.00060520	0.00405381	0.00398270	0.00017545	0.00006220	0.00038481	0.00866513	0.00369690	0.02846116	0.00093371	0.00112602	0.06515119	0.00047989	0.03167378	0.04845867
A[T>C]A	0.08619006	0.03231849	0.01340054	0.00533181	0.00031813	0.00222876	0.00101200	0.00018903	0.00060079	0.00120461	0.02471007	0.00197102	0.00030387	0.00065219	0.04471798	0.00549476	0.00148401
A[T>C]C	0.02845565	0.01105210	0.00821646	0.00010581	0.00007382	0.00353395	0.00056933	0.00015339	0.00018223	0.00231371	0.00434241	0.00027522	0.01190546	0.00046163	0.00414276	0.00536821	0.00074051
A[T>C]G	0.06919881	0.02599238	0.01002191	0.00433048	0.00003295	0.00026457	0.00078801	0.00001408	0.00110717	0.00390964	0.03519594	0.00030660	0.00090750	0.00042654	0.01896054	0.01073557	0.00021926
A[T>C]T	0.06594284	0.03013505	0.01962102	0.00040394	0.00060575	0.00673670	0.00110270	0.00026112	0.00188917	0.00602821	0.00456536	0.00219971	0.00922068	0.00255675	0.01550879	0.04952882	0.00595517
A[T>G]A	0.00325471	0.01213751	0.00437671	0.00076942	0.00046953	0.00004503	0.00041783	0.00141251	0.00003038	0.00073132	0.00054855	0.00003047	0.00072015	0.01128089	0.00240065	0.00338249	0.00875041
A[T>G]C	0.00126067	0.01250218	0.00262168	0.00010884	0.00020264	0.00034715	0.00013717	0.00472239	0.00101501	0.00055200	0.00030290	0.00000261	0.00067772	0.00051860	0.00041170	0.00293901	0.00846907
A[T>G]G	0.00722718	0.01386361	0.00871001	0.00083304	0.00025691	0.00082116	0.00018382	0.00103746	0.00154860	0.00292741	0.00149696	0.00000616	0.00091475	0.00037912	0.00656244	0.00965466	0.00635626
A[T>G]T	0.00003782	0.02933780	0.00063455	0.00000947	0.00033297	0.00000000	0.00001879	0.06538711	0.00016489	0.00015094	0.00115283	0.00018711	0.01217701	0.00001452	0.00032961	0.01262890	0.05105041
C[C>A]A	0.00031171	0.01371979	0.02423684	0.09285301	0.00052199	0.00005492	0.00008905	0.00032027	0.00104177	0.08052550	0.00000075	0.00125933	0.00011925	0.00004965	0.00083687	0.01334407	0.00413113
C[C>A]C	0.00039140	0.00328296	0.02531069	0.09861427	0.00019718	0.00178691	0.00036484	0.00004360	0.00078114	0.00892229	0.02702810	0.00041252	0.00156580	0.00186782	0.00406759	0.00319127	0.00048280
C[C>A]G	0.00375733	0.00014607	0.00023447	0.02914574	0.00000478	0.00020688	0.00000379	0.00005942	0.00030738	0.01174139	0.00387256	0.00000000	0.00020882	0.00153650	0.00155843	0.00024871	0.00000000
C[C>A]T	0.00000000	0.00512821	0.00393019	0.08726723	0.00017614	0.00000334	0.00016302	0.00000206	0.00117773	0.02648131	0.08015135	0.00000000	0.00001020	0.01272436	0.00032317	0.00002359	0.00002285
C[C>G]A	0.00478028	0.00592296	0.03044557	0.00911912	0.00000084	0.00016463	0.00004765	0.00011626	0.00034884	0.00000000	0.00130432	0.00624939	0.00093082	0.00003007	0.00313141	0.00152220	0.00061406
C[C>G]C	0.00784677	0.01277299	0.02152146	0.00775806	0.00001758	0.00055301	0.00054470	0.00013431	0.00106456	0.00297921	0.00189386	0.00059644	0.00003153	0.00178012	0.00532961	0.00042408	0.00018214
C[C>G]G	0.00279837	0.00199776	0.00164395	0.00343650	0.00002332	0.00042889	0.00030336	0.00000476	0.00064558	0.00466759	0.00031745	0.00006126	0.00053549	0.00027903	0.00253945	0.00147419	0.00011704
C[C>G]T	0.00672192	0.01815776	0.03400742	0.00724653	0.00010326	0.00005379	0.00006673	0.00006681	0.00058216	0.00353655	0.00166072	0.00651402	0.00006662	0.00440418	0.00229169	0.00069024	0.00352535
C[C>T]A	0.01042226	0.02411726	0.01474875	0.01398890	0.06020855	0.00363308	0.00085963	0.00044776	0.11965233	0.00722210	0.00459846	0.00001309	0.00154410	0.00502420	0.00398643	0.04688512	0.00497533
C[C>T]C	0.00905780	0.01418144	0.01767021	0.01187418	0.06074874	0.00024731	0.00000000	0.00010320	0.20933888	0.00225558	0.00469791	0.00006697	0.00172483	0.00519730	0.00597952	0.00120448	0.00059697
C[C>T]G	0.01335282	0.00363197	0.00467966	0.00218261	0.00620983	0.18546906	0.00413463	0.00712974	0.02491429	0.01823995	0.01746267	0.00285992	0.00267150	0.00929528	0.01137766	0.00404120	0.01527236
C[C>T]T	0.01380516	0.02254938	0.02568365	0.01839936	0.06862303	0.00039393	0.00047139	0.00018937	0.14331444	0.00129433	0.00733520	0.00092278	0.00207345	0.02502476	0.00768667	0.00601605	0.00169271
C[T>A]A	0.00171059	0.00000000	0.00459001	0.00435956	0.00018589	0.00008044	0.00019357	0.00002149	0.00046833	0.00019730	0.00045469	0.00015955	0.00012533	0.00329239	0.08454955	0.00180665	0.00023325
C[T>A]C	0.00213306	0.00500580	0.01943510	0.00692397	0.00004067	0.00010696	0.00033026	0.00182086	0.00059774	0.00170367	0.00279601	0.00024372	0.03909266	0.01465442	0.04910885	0.00005611	0.00051360
C[T>A]G	0.00123186	0.00085171	0.00718404	0.02052509	0.00002181	0.00050016	0.00007805	0.00028073	0.00018843	0.00017504	0.00081235	0.00041041	0.01156390	0.00019421	0.13061388	0.00152401	0.00119092
C[T>A]T	0.00000000	0.00635995	0.01013902	0.00833072	0.00029255	0.00000906	0.00014606	0.00716659	0.00000000	0.00050592	0.00001766	0.00043471	0.07244994	0.04763308	0.04088697	0.00002020	0.00003658
C[T>C]A	0.02715247	0.01526246	0.00816930	0.00501876	0.00056033	0.00011576	0.00012957	0.00035540	0.00086998	0.00000645	0.01344019	0.00012567	0.01092491	0.00782745	0.00600350	0.01104362	0.00360977
C[T>C]C	0.01918386	0.00583263	0.01230237	0.00166446	0.00015408	0.00255589	0.00002076	0.00218755	0.00037562	0.00269046	0.00231922	0.00001000	0.17565261	0.00013271	0.00118877	0.00047380	0.00351848
C[T>C]G	0.03313839	0.01196331	0.00548413	0.00527863	0.00000000	0.00048013	0.00028862	0.00177145	0.00022958	0.00002377	0.03362593	0.00016532	0.09447228	0.00055365	0.00954837	0.00208221	0.00139155
C[T>C]T	0.01771419	0.00003982	0.00082714	0.00042726	0.00160251	0.00009392	0.00040489	0.00876142	0.00745693	0.00316324	0.00587637	0.00017096	0.41552132	0.02734624	0.00174192	0.03115465	0.00070893
C[T>G]A	0.00198980	0.00363286	0.00692020	0.00035187	0.00007594	0.00006750	0.00004675	0.00210351	0.00036855	0.00013348	0.00074613	0.00005424	0.00037120	0.00340332	0.00421674	0.00098243	0.01040153
C[T>G]C	0.00302051	0.00563951	0.01027082	0.00004087	0.00002720	0.00038528	0.00026289	0.03112823	0.00097115	0.00258945	0.00310307	0.00011685	0.00179595	0.00548794	0.00198230	0.00019356	0.01021581
C[T>G]G	0.00446003	0.00545550	0.01635267	0.00278510	0.00000051	0.00032828	0.00001728	0.01359212	0.00105524	0.00329913	0.00411426	0.00019623	0.00047876	0.00118182	0.00874748	0.00032338	0.00557827
C[T>G]T	0.00302974	0.00016226	0.00083440	0.00069434	0.00000000	0.00067164	0.00000000	0.54893258	0.00000000	0.00182766	0.00000152	0.00000000	0.00105600	0.00077313	0.00282340	0.00000938	0.01068277
G[C>A]A	0.00743462	0.01140967	0.00492266	0.02807951	0.00000531	0.00127597	0.00029692	0.00119774	0.00022994	0.14217952	0.00112786	0.00027773	0.00255338	0.00024803	0.00488572	0.00018568	0.00508257
G[C>A]C	0.01008593	0.00932278	0.01124849	0.04431000	0.00017418	0.00059746	0.00012476	0.00002989	0.00000112	0.01610814	0.00453074	0.00021983	0.00088226	0.00007935	0.00399246	0.00017643	0.00015378
G[C>A]G	0.00328662	0.00179001	0.00004624	0.01798451	0.00000582	0.00091131	0.00004370	0.00010276	0.00001643	0.00769937	0.00042152	0.00009939	0.00025461	0.00000164	0.00094727	0.00004287	0.00035101
G[C>A]T	0.00444894	0.00837205	0.01037128	0.01978073	0.00000000	0.00005083	0.00000000	0.00035185	0.00000000	0.08087876	0.01063789	0.00022338	0.00005467	0.00006942	0.00139247	0.00015645	0.00294909
G[C>G]A	0.00301629	0.00373006	0.02001581	0.00608754	0.00000000	0.00017576	0.00002932	0.00009771	0.00001034	0.00039017	0.00093723	0.00144563	0.00108180	0.00009183	0.00289101	0.00040387	0.00120821
G[C>G]C	0.00370135	0.00647049	0.01336646	0.00677615	0.00000824	0.00062177	0.00016507	0.00007567	0.00030307	0.00073798	0.00220742	0.00030257	0.00138959	0.00066900	0.00361053	0.00017162	0.00277889
G[C>G]G	0.00115384	0.00091161	0.00342127	0.00396973	0.00001719	0.00036000	0.00004192	0.00005096	0.00037013	0.00022929	0.00026517	0.00026061	0.00017281	0.00014890	0.00057609	0.00064449	0.00020565
G[C>G]T	0.00566660	0.00612196	0.02326080	0.00290054	0.00001841	0.00026751	0.00012756	0.00000880	0.00024857	0.00120803	0.00250054	0.00290366	0.00073190	0.00130928	0.00414789	0.00098854	0.00232771
G[C>T]A	0.01684798	0.01680309	0.01833398	0.00250209	0.00006377	0.00411284	0.00012879	0.00030932	0.00019741	0.00782703	0.08462654	0.00825137	0.00232949	0.00003931	0.00952378	0.00081233	0.00546618
G[C>T]C	0.01806932	0.01223648	0.01258163	0.00262979	0.01298022	0.00087354	0.00184869	0.00011446	0.02903106	0.00583946	0.07537646	0.00050747	0.00007428	0.00053198	0.01149308	0.00132784	0.00741926
G[C>T]G	0.00636883	0.00000000	0.00000000	0.00000000	0.00000000	0.21369915	0.00000000	0.00731662	0.00000079	0.01601752	0.05458339	0.00193206	0.00134555	0.00000000	0.00303771	0.00008859	0.01709726
G[C>T]T	0.01326285	0.01689525	0.00795649	0.00229962	0.02274752	0.00078745	0.00068995	0.00001289	0.00459818	0.00369343	0.06690361	0.00201877	0.00082774	0.00143144	0.01002242	0.03857434	0.00450303
G[T>A]A	0.00267223	0.00201671	0.00760318	0.00602798	0.00039983	0.00008431	0.00038042	0.00009512	0.00028341	0.00108310	0.00173110	0.00000754	0.00009603	0.00158942	0.03413790	0.00006407	0.00130141
G[T>A]C	0.00192172	0.00296286	0.01063177	0.00266173	0.00024985	0.00004360	0.00020874	0.00028649	0.00009040	0.00202545	0.00260034	0.00017409	0.00289216	0.00264381	0.00900883	0.00025919	0.00118886
G[T>A]G	0.00244185	0.00263365	0.01511238	0.01306143	0.00021054	0.00010806	0.00027098	0.00021285	0.00038120	0.00036172	0.00267598	0.00012646	0.00056580	0.00004385	0.02401692	0.00134663	0.00095079
G[T>A]T	0.00050988	0.00322775	0.01601523	0.00525277	0.00029699	0.00023361	0.00019515	0.00157094	0.00009720	0.00273037	0.00347371	0.00060535	0.00494392	0.02074043	0.00527678	0.00785583	0.00088835
G[T>C]A	0.03667409	0.00469459	0.01055709	0.00275921	0.00004537	0.00023693	0.00009014	0.00006035	0.00002826	0.00006782	0.02240125	0.00018031	0.00033473	0.00000569	0.00388117	0.00183755	0.00141701
G[T>C]C	0.01780297	0.00526269	0.00678773	0.00052985	0.00006942	0.00176634	0.00006654	0.00087574	0.00000442	0.00280803	0.00166538	0.00016445	0.01424429	0.00026212	0.00402667	0.00244089	0.00153703
G[T>C]G	0.02984683	0.00424197	0.01263221	0.00183938	0.00005045	0.00141340	0.00012286	0.00117906	0.00027051	0.00503697	0.01834726	0.00024430	0.00368986	0.00032546	0.00599289	0.00319852	0.00129063
G[T>C]T	0.01534396	0.00237205	0.00167210	0.00002555	0.00075959	0.00002309	0.00029211	0.00052114	0.00762710	0.00227892	0.00878891	0.00000001	0.00467652	0.00578086	0.00171935	0.27779708	0.00172370
G[T>G]A	0.00243073	0.00303321	0.00710956	0.00028731	0.00006650	0.00019382	0.00012420	0.00038120	0.00019522	0.00090917	0.00043190	0.00002398	0.00073008	0.00253673	0.00247040	0.00027659	0.00076751
G[T>G]C	0.00142013	0.00376264	0.00315083	0.00010478	0.00011492	0.00007097	0.00016013	0.00577931	0.00037041	0.00015773	0.00045653	0.00017275	0.00040415	0.00125547	0.00119890	0.00011318	0.00032707
G[T>G]G	0.00368853	0.00313694	0.01687040	0.00170615	0.00021943	0.00048836	0.00024553	0.00149407	0.00280919	0.00713869	0.00141579	0.00097456	0.00074874	0.00577593	0.00323799	0.00390217	0.00208326
G[T>G]T	0.00002909	0.00195492	0.00550362	0.00003223	0.00106603	0.00020861	0.00003839	0.11930600	0.00185212	0.00100739	0.00262689	0.00013898	0.00609522	0.00650903	0.00009861	0.00645633	0.00124470
T[C>A]A	0.00007541	0.03541480	0.00062096	0.04113282	0.00040642	0.00000174	0.00047026	0.00007170	0.00191636	0.08426702	0.00078159	0.07670381	0.00023454	0.00140764	0.00245374	0.01070669	0.00215359
T[C>A]C	0.00343578	0.02440245	0.01574648	0.05232711	0.00045537	0.00268753	0.00024586	0.00018364	0.00335448	0.04740161	0.00227527	0.03127652	0.00065949	0.01273638	0.00182860	0.00800327	0.00001302
T[C>A]G	0.00198396	0.00308983	0.00006669	0.01214359	0.00000850	0.00059293	0.00002722	0.00003941	0.00018057	0.01522692	0.00012740	0.01109142	0.00009089	0.00000739	0.00097191	0.00017680	0.00000633
T[C>A]T	0.00334296	0.02573276	0.00317781	0.03563033	0.00040959	0.00168829	0.00118094	0.00276450	0.00068753	0.15551739	0.01775669	0.03524580	0.00098654	0.00310036	0.00885013	0.00081364	0.00403773
T[C>G]A	0.00341908	0.00024245	0.01235829	0.00137330	0.00000000	0.00006949	0.00002638	0.00015767	0.00007871	0.00160294	0.00088537	0.30070402	0.00327521	0.00053445	0.00445475	0.00335021	0.00157977
T[C>G]C	0.00418791	0.01531040	0.02869403	0.00540353	0.00000204	0.00044782	0.00004935	0.00001558	0.00136184	0.00333005	0.00122745	0.06615182	0.00066132	0.00427942	0.00171447	0.00039419	0.00630963
T[C>G]G	0.00188249	0.00205445	0.00010272	0.00224650	0.00000000	0.00010054	0.00005859	0.00003719	0.00027604	0.00111958	0.00035445	0.01414013	0.00043122	0.00000154	0.00060158	0.00105297	0.00006618
T[C>G]T	0.00833419	0.01210666	0.02380082	0.00032446	0.00041092	0.00197237	0.00001578	0.00141127	0.00003060	0.00013672	0.00172611	0.38742330	0.00051564	0.01197493	0.00281567	0.00004289	0.00541929
T[C>T]A	0.00428925	0.02947770	0.00031451	0.00237983	0.14033991	0.00099031	0.56287729	0.00001748	0.00013462	0.00784096	0.00012697	0.00196639	0.00020358	0.01613464	0.00527731	0.00000085	0.00240967
T[C>T]C	0.00000000	0.01139444	0.00069414	0.00649902	0.44976946	0.00000238	0.07254139	0.00008796	0.15733986	0.00000000	0.00009626	0.00211271	0.00001117	0.01412676	0.00153769	0.08404934	0.00802805
T[C>T]G	0.01196899	0.00000000	0.00011021	0.00000000	0.09345787	0.10203465	0.04358751	0.00375189	0.05729811	0.01262909	0.00189820	0.00082992	0.00039201	0.00000000	0.00470939	0.00166930	0.00170454
T[C>T]T	0.00939587	0.02085360	0.00161202	0.00692237	0.03005353	0.00003578	0.28600728	0.00025421	0.11638581	0.00011627	0.00248617	0.00142335	0.00129047	0.00037861	0.01582159	0.03756459	0.03603828
T[T>A]A	0.00274941	0.00263407	0.00198693	0.00272425	0.00013671	0.00762532	0.00004197	0.00066247	0.00213381	0.01030399	0.00573003	0.00039356	0.00055672	0.02408435	0.04983984	0.01338932	0.07646401
T[T>A]C	0.00295497	0.01215514	0.01119926	0.00231804	0.00026335	0.00010435	0.00016668	0.00019236	0.00192895	0.00141882	0.00000725	0.00031936	0.00532522	0.03782556	0.01592795	0.00149089	0.00652231
T[T>A]G	0.00392591	0.00599676	0.00438718	0.00648004	0.00000076	0.00045843	0.00001360	0.00003285	0.00156638	0.00071859	0.00077594	0.00011638	0.00133095	0.01347769	0.03665774	0.00423704	0.00455471
T[T>A]T	0.00173062	0.01461308	0.00153438	0.00364617	0.00030072	0.00196456	0.00140523	0.00121442	0.00021195	0.00193899	0.01248148	0.00010778	0.00216538	0.26250287	0.01298887	0.02631319	0.00506503
T[T>C]A	0.04095518	0.00182693	0.01322686	0.00115683	0.00240237	0.00009550	0.00030562	0.00052158	0.00413010	0.00000316	0.01977657	0.00000000	0.00093052	0.04048012	0.00540870	0.07098451	0.03214811
T[T>C]C	0.02278663	0.00471493	0.00872363	0.00002253	0.00059196	0.00401240	0.00001168	0.00096781	0.00113980	0.00508280	0.00988889	0.00010214	0.01435403	0.02642046	0.00002230	0.01416371	0.01316916
T[T>C]G	0.02495633	0.00349165	0.00557467	0.00104917	0.00008761	0.00045710	0.00006404	0.00102331	0.00363323	0.00278009	0.01723247	0.00000000	0.00199082	0.01584060	0.00532548	0.02235254	0.01377635
T[T>C]T	0.03595378	0.00002619	0.01016278	0.00005073	0.00087264	0.00491817	0.00018716	0.00042975	0.00285417	0.00044668	0.03102114	0.00033695	0.01937066	0.09419724	0.00223723	0.03599065	0.01141366
T[T>G]A	0.00337006	0.00749961	0.00880681	0.00003098	0.00011056	0.00029872	0.00008249	0.00000843	0.00048411	0.00005631	0.00005203	0.00019850	0.00000000	0.02252303	0.00298400	0.00015915	0.05621170
T[T>G]C	0.00492057	0.01713371	0.00705718	0.00000080	0.00001446	0.00075150	0.00019145	0.00887543	0.00120751	0.00119468	0.00084067	0.00013601	0.00002716	0.01707192	0.00190563	0.00060931	0.03304692
T[T>G]G	0.00529601	0.01211774	0.01183366	0.00175126	0.00000419	0.00097567	0.00014818	0.00445597	0.00090372	0.00104440	0.00261586	0.00001137	0.00148378	0.00851467	0.00614866	0.00049894	0.02065296
T[T>G]T	0.00465750	0.00865393	0.00766668	0.00010213	0.00001810	0.00091923	0.00016756	0.11970502	0.00030459	0.00062675	0.00760810	0.00000078	0.00521233	0.01651089	0.00140184	0.00050585	0.34109930
