MutationsType	SBS96A	SBS96B	SBS96C	SBS96D	SBS96E	SBS96F	SBS96G	SBS96H	SBS96I	SBS96J	SBS96K	SBS96L	SBS96M	SBS96N	SBS96O	SBS96P	SBS96Q	SBS96R	SBS96S	SBS96T	SBS96U
A[C>A]A	0.00000972	0.00000033	0.00253858	0.04638792	0.00660339	0.02382419	0.04258752	0.00113176	0.00014242	0.00133169	0.00729735	0.06144051	0.00407724	0.00404930	0.00225191	0.05306520	0.00029074	0.00209071	0.00960047	0.00189994	0.00836684
A[C>A]C	0.00007672	0.00056300	0.00022254	0.03530719	0.01272175	0.02302060	0.00964057	0.00070900	0.00027363	0.00201508	0.00169693	0.01265683	0.00092690	0.00424366	0.00030918	0.05823023	0.00076302	0.00038486	0.00282928	0.00220549	0.00422918
A[C>A]G	0.00002585	0.00016964	0.00009137	0.01731518	0.00240410	0.00052452	0.00219714	0.00001769	0.00006152	0.00000305	0.00009989	0.00039114	0.00042496	0.00110917	0.00019102	0.01717389	0.00021614	0.00037650	0.00153513	0.00008764	0.00196333
A[C>A]T	0.00006957	0.00058867	0.00031257	0.03150766	0.00329244	0.01509335	0.01823718	0.00613427	0.00063470	0.00163855	0.00216726	0.02203750	0.00192954	0.00611817	0.00000413	0.03173844	0.00448018	0.00013973	0.00483107	0.00107433	0.00657074
A[C>G]A	0.00000223	0.00026227	0.00000000	0.00746222	0.01701291	0.03160626	0.01275478	0.00321781	0.00002783	0.00222549	0.00278239	0.00062669	0.00129870	0.00468709	0.00103505	0.00640042	0.00139195	0.00414932	0.00284217	0.00606722	0.00117804
A[C>G]C	0.00001864	0.00005572	0.00014932	0.00256503	0.00814072	0.01848049	0.01114986	0.00069333	0.00006956	0.00156469	0.00179452	0.00218490	0.00008044	0.00136037	0.00080130	0.00739496	0.00279847	0.00146942	0.00176921	0.00274092	0.00042002
A[C>G]G	0.00000883	0.00005160	0.00056901	0.00152329	0.00313802	0.00000000	0.00475956	0.00009532	0.00001521	0.00018437	0.00030832	0.00211984	0.00004355	0.00074390	0.00029326	0.00126336	0.00083383	0.00021749	0.00016777	0.00087057	0.00007777
A[C>G]T	0.00001428	0.00045193	0.00010070	0.00344644	0.01366052	0.02628715	0.01852617	0.00344416	0.00021643	0.00215541	0.00398113	0.00330880	0.00207799	0.01004135	0.00071245	0.00708578	0.00233370	0.00415365	0.00068157	0.00923235	0.00377893
A[C>T]A	0.00012405	0.00005553	0.00100492	0.01032358	0.06625141	0.01132853	0.03131299	0.09196221	0.00207560	0.02705455	0.01181659	0.00375297	0.00215393	0.01655470	0.00127229	0.00044281	0.00358740	0.00685451	0.00305402	0.00917147	0.00500193
A[C>T]C	0.02423275	0.00145676	0.04135760	0.00369802	0.03042046	0.01560247	0.01493596	0.01711898	0.00028899	0.00634628	0.00625936	0.00271241	0.00636956	0.00927557	0.00166441	0.01012975	0.00012323	0.00010693	0.00162662	0.00339805	0.00426926
A[C>T]G	0.00000158	0.00001297	0.00041097	0.00140611	0.00325751	0.00964842	0.00270903	0.01314461	0.01564130	0.37163507	0.00070300	0.00259630	0.00021889	0.00695929	0.00062712	0.00033258	0.00150577	0.00171123	0.00323202	0.00105708	0.01686475
A[C>T]T	0.00986452	0.00159451	0.01087805	0.00388913	0.04374029	0.01308319	0.02662493	0.03022566	0.00037350	0.01046029	0.00520301	0.00486421	0.00706961	0.00963719	0.00149159	0.01034808	0.03092832	0.00097003	0.00165235	0.00514618	0.00680316
A[T>A]A	0.00277830	0.00015769	0.00206528	0.00456668	0.00834644	0.00035928	0.01000649	0.00515504	0.00013198	0.00062285	0.00568988	0.00215704	0.01158382	0.01265548	0.00092090	0.00223345	0.00074428	0.00000000	0.05495041	0.00550697	0.00152254
A[T>A]C	0.00033384	0.00127399	0.00039338	0.00280791	0.01063876	0.00981372	0.00356119	0.00309087	0.00037176	0.00241499	0.00380052	0.00088930	0.00425703	0.00913210	0.00141813	0.00513285	0.00133920	0.00013707	0.00743750	0.00316019	0.00046137
A[T>A]G	0.00075139	0.00013483	0.00149698	0.00788578	0.01518116	0.00919613	0.00906107	0.00020166	0.00010458	0.00116319	0.00482460	0.00252419	0.00036263	0.00681502	0.00009333	0.00682683	0.00247037	0.00064089	0.05068772	0.00350527	0.00025234
A[T>A]T	0.00468789	0.00027726	0.00809004	0.00435329	0.00001330	0.00042430	0.01005974	0.03003612	0.00048966	0.00003232	0.00026116	0.00522511	0.05010721	0.00190969	0.00141335	0.00040106	0.03984634	0.00033856	0.00028014	0.08024177	0.00774154
A[T>C]A	0.00056217	0.00039119	0.00031671	0.00310427	0.03270072	0.00864709	0.02126422	0.02334550	0.00000028	0.00111929	0.06826998	0.00034530	0.00061047	0.18748793	0.00065159	0.02939022	0.00504758	0.00203533	0.02681510	0.01415217	0.00190332
A[T>C]C	0.00012207	0.00045421	0.00014462	0.00031963	0.01503587	0.00792383	0.00954233	0.00285690	0.00026457	0.00327697	0.04037770	0.00295322	0.00034702	0.01458762	0.01223070	0.00468506	0.00391981	0.00045693	0.00195015	0.00617725	0.00053005
A[T>C]G	0.00006113	0.00053127	0.00091330	0.00301264	0.05710694	0.00669387	0.01904526	0.02632029	0.00002726	0.00099151	0.06904798	0.00169287	0.00115680	0.05623732	0.00066082	0.02833347	0.01187581	0.00138504	0.00960700	0.00494453	0.00046114
A[T>C]T	0.00029596	0.00104989	0.00264417	0.00047978	0.04140985	0.01550061	0.02562445	0.00062287	0.00079285	0.00510077	0.05869056	0.00562454	0.00216924	0.11008481	0.00810750	0.01288091	0.04643902	0.00114089	0.00429140	0.01747333	0.00111955
A[T>G]A	0.00059305	0.00033270	0.00002004	0.00068937	0.00369495	0.00465472	0.01224445	0.00022402	0.00130523	0.00001056	0.00209785	0.00000420	0.01149012	0.00554994	0.00103781	0.00361105	0.00306603	0.00000044	0.00121018	0.00704986	0.01092750
A[T>G]C	0.00037140	0.00002541	0.00095011	0.00000000	0.00228939	0.00266137	0.01455630	0.00029834	0.00428723	0.00019701	0.00091729	0.00049908	0.00066227	0.00175314	0.00083451	0.00150702	0.00222115	0.00007464	0.00111253	0.00174429	0.01621412
A[T>G]G	0.00025318	0.00004902	0.00168793	0.00071168	0.01509121	0.00799706	0.01375651	0.00044010	0.00084195	0.00028992	0.00097151	0.00265228	0.00037783	0.00543807	0.00092029	0.00291536	0.01053768	0.00012142	0.00613330	0.00216683	0.00757649
A[T>G]T	0.00033456	0.00023142	0.00045926	0.00003794	0.00005981	0.00086141	0.03076934	0.00121915	0.06634735	0.00021119	0.00057053	0.00068575	0.00000000	0.00225260	0.01202775	0.00233974	0.01288287	0.00025080	0.00040392	0.00360888	0.09962541
C[C>A]A	0.00045333	0.00000000	0.00115485	0.10245065	0.00036339	0.02581203	0.01760569	0.00001164	0.00008967	0.00037763	0.00072751	0.08591674	0.00000046	0.00504444	0.00072264	0.00970813	0.01662996	0.00116470	0.00423415	0.00253509	0.00978927
C[C>A]C	0.00003922	0.00078511	0.00120634	0.10347919	0.00108442	0.03069987	0.00404950	0.02948306	0.00010556	0.00208619	0.00151182	0.01196063	0.00272325	0.00726312	0.00054643	0.00836763	0.00321457	0.00147068	0.00603300	0.00038970	0.00290270
C[C>A]G	0.00000000	0.00001071	0.00028370	0.03267492	0.00643397	0.00062127	0.00001713	0.00401499	0.00002404	0.00000109	0.00075893	0.01164135	0.00166784	0.00154926	0.00007539	0.00412515	0.00030772	0.00000395	0.00103671	0.00012741	0.00129758
C[C>A]T	0.00005893	0.00084268	0.00146301	0.08844890	0.00000000	0.00976220	0.00863930	0.08876443	0.00000000	0.00003799	0.00000000	0.03050840	0.01446708	0.00097973	0.00049591	0.02618846	0.00000978	0.00000000	0.00220716	0.00069188	0.00563628
C[C>G]A	0.00000000	0.00011073	0.00032849	0.00923392	0.00938006	0.03077856	0.00227508	0.00028611	0.00010537	0.00000825	0.00303422	0.00000501	0.00001925	0.00638894	0.00092895	0.00356815	0.00160928	0.00549716	0.00453330	0.00261673	0.00020968
C[C>G]C	0.00002151	0.00044562	0.00101102	0.00722367	0.01488766	0.02267421	0.00890614	0.00059884	0.00001936	0.00049526	0.00283923	0.00180589	0.00228018	0.00618293	0.00045635	0.01193874	0.00029328	0.00072187	0.00271354	0.00169009	0.00014187
C[C>G]G	0.00004260	0.00007287	0.00096159	0.00430741	0.00431043	0.00171397	0.00188346	0.00022854	0.00009722	0.00066855	0.00096872	0.00446111	0.00032546	0.00154925	0.00018023	0.00139477	0.00118417	0.00074723	0.00045009	0.00032885	0.00038971
C[C>G]T	0.00010492	0.00012733	0.00094077	0.00643507	0.01088181	0.03602218	0.01344987	0.00083336	0.00006335	0.00107916	0.00265994	0.00272765	0.00361487	0.01023094	0.00000625	0.01678990	0.00006672	0.00588588	0.00327259	0.00586938	0.00196113
C[C>T]A	0.06894737	0.00302890	0.10423624	0.01363832	0.01582432	0.01811792	0.02575268	0.00351109	0.00029983	0.00130545	0.00786849	0.00891367	0.00288153	0.01861977	0.00085171	0.01203432	0.04073900	0.00000869	0.00105987	0.01256056	0.00171165
C[C>T]C	0.07430251	0.00000000	0.21329153	0.01144322	0.00427131	0.02301904	0.01763498	0.00352464	0.00001707	0.00006023	0.00390541	0.00042436	0.00414406	0.01290314	0.00205581	0.01161671	0.01092406	0.00136336	0.00644640	0.00123473	0.00264646
C[C>T]G	0.00795617	0.00196066	0.02422577	0.00188583	0.03216060	0.00227974	0.00226059	0.01856274	0.00928679	0.19097803	0.00055919	0.01573411	0.00866314	0.00665222	0.00272255	0.01746919	0.00526905	0.00276624	0.00470417	0.00809856	0.00118462
C[C>T]T	0.07653962	0.00092499	0.13824638	0.01862467	0.01631035	0.02819384	0.02556445	0.00519102	0.00007045	0.00007377	0.00747174	0.00346438	0.02055978	0.02677861	0.00154704	0.00620258	0.00601198	0.00179913	0.00278385	0.00862918	0.00294403
C[T>A]A	0.00009195	0.00018500	0.00101843	0.00061167	0.00170396	0.00009610	0.00000900	0.00027918	0.00001025	0.00000000	0.00233125	0.00000000	0.00369579	0.00292961	0.00017041	0.00101082	0.00160523	0.00022946	0.12801039	0.00102980	0.00034598
C[T>A]C	0.00007538	0.00057504	0.00081955	0.00750338	0.00147615	0.02055257	0.00322903	0.00314469	0.00142759	0.00107822	0.00616752	0.00113443	0.01355587	0.00467742	0.03946880	0.00507630	0.00013713	0.00037760	0.05269064	0.00176336	0.00244350
C[T>A]G	0.00007458	0.00026111	0.00038292	0.02092949	0.00373060	0.00509224	0.00023839	0.00069695	0.00048057	0.00080951	0.00183263	0.00094334	0.00092282	0.00144475	0.01193169	0.00120405	0.00101567	0.00023343	0.15324691	0.00064095	0.00233475
C[T>A]T	0.00054187	0.00000397	0.00001080	0.00342423	0.00000000	0.00899736	0.00698202	0.00003076	0.00666815	0.00007359	0.00000830	0.00096833	0.04941994	0.00469078	0.07182460	0.00912084	0.00100118	0.00045975	0.07135590	0.00385718	0.00110447
C[T>C]A	0.00042240	0.00025449	0.00146031	0.00601826	0.01207456	0.00615777	0.01688236	0.01299435	0.00067859	0.00003678	0.04664300	0.00000000	0.00697541	0.01200280	0.01039842	0.00208659	0.00913690	0.00007512	0.00617330	0.00727947	0.00114286
C[T>C]C	0.00018843	0.00015748	0.00051280	0.00235821	0.00240845	0.01163796	0.00664193	0.00115407	0.00449201	0.00126020	0.04536416	0.00340130	0.00226014	0.00212547	0.17751078	0.00211905	0.00000000	0.00039106	0.00126534	0.00861981	0.00685851
C[T>C]G	0.00001473	0.00008713	0.00045048	0.00496904	0.03270421	0.00468080	0.01093612	0.03123982	0.00360578	0.00072828	0.03825081	0.00011548	0.00207014	0.01241138	0.08583204	0.00966636	0.00135285	0.00001194	0.00436675	0.00460536	0.00372107
C[T>C]T	0.00131662	0.00119587	0.00564481	0.00198834	0.00697707	0.00040859	0.00329365	0.00499572	0.01358099	0.00015938	0.03656668	0.00114363	0.04132037	0.00553907	0.42105678	0.00337917	0.03802331	0.00000283	0.00115106	0.00342197	0.00050283
C[T>G]A	0.00001233	0.00044066	0.00019922	0.00016487	0.00240710	0.00578393	0.00313423	0.00046689	0.00174842	0.00004015	0.00093232	0.00023110	0.00294900	0.00361291	0.00040949	0.00130729	0.00159158	0.00000000	0.00515010	0.00364880	0.01555848
C[T>G]C	0.00012615	0.00021479	0.00079549	0.00012948	0.00647908	0.00985840	0.00485315	0.00276502	0.03068015	0.00051086	0.00102659	0.00185277	0.00538766	0.00210863	0.00099600	0.00329657	0.00014655	0.00003274	0.00032211	0.00180004	0.02171530
C[T>G]G	0.00000044	0.00002061	0.00132125	0.00275163	0.00930955	0.01559430	0.00265459	0.00386428	0.01288452	0.00033864	0.00120154	0.00298719	0.00122282	0.00455590	0.00002322	0.00349860	0.00003790	0.00026200	0.01112614	0.00317712	0.01830770
C[T>G]T	0.00000000	0.00000238	0.00000054	0.00079050	0.00473347	0.00267920	0.01071712	0.00003916	0.53435146	0.00096568	0.00062304	0.00195372	0.00296810	0.00080187	0.00512551	0.00254203	0.00002694	0.00020084	0.00141386	0.00466126	0.01589004
G[C>A]A	0.00004082	0.00006114	0.00052836	0.02644484	0.00727207	0.00121950	0.01034220	0.00075874	0.00070487	0.00132224	0.00153189	0.13896846	0.00098490	0.00523378	0.00177178	0.08056443	0.00030081	0.00070482	0.00517263	0.00335604	0.00583210
G[C>A]C	0.00014681	0.00005482	0.00002471	0.02973280	0.00503642	0.01105142	0.00188989	0.00541286	0.00000433	0.00011440	0.00042658	0.01249768	0.00064198	0.00458773	0.00078006	0.10901752	0.00016394	0.00053146	0.00413312	0.00075251	0.00577603
G[C>A]G	0.00001494	0.00011764	0.00000490	0.01677224	0.00278054	0.00001346	0.00150202	0.00081023	0.00012212	0.00037195	0.00086133	0.00735577	0.00000324	0.00055864	0.00016876	0.02031678	0.00000582	0.00030411	0.00008380	0.00019729	0.00091407
G[C>A]T	0.00000000	0.00000154	0.00000019	0.01380752	0.00051247	0.00846690	0.00403328	0.01156400	0.00020630	0.00012315	0.00059279	0.07567252	0.00010797	0.00559586	0.00026557	0.08400591	0.00024382	0.00000398	0.00370936	0.00261076	0.00246652
G[C>G]A	0.00001421	0.00003279	0.00001038	0.00541070	0.00705970	0.02062551	0.00102358	0.00062482	0.00001889	0.00007129	0.00248521	0.00024558	0.00044334	0.00124893	0.00098190	0.00473823	0.00049578	0.00155207	0.00204325	0.00261829	0.00172504
G[C>G]C	0.00001039	0.00010570	0.00041538	0.00693349	0.00807516	0.01388252	0.00403890	0.00157159	0.00000000	0.00017908	0.00134440	0.00060529	0.00030155	0.00552320	0.00119620	0.00336026	0.00016005	0.00034022	0.00092524	0.00335897	0.00145772
G[C>G]G	0.00004808	0.00002802	0.00038656	0.00433924	0.00278164	0.00382968	0.00036709	0.00019247	0.00000065	0.00026651	0.00030580	0.00053878	0.00017589	0.00083379	0.00005495	0.00014458	0.00079226	0.00042009	0.00085774	0.00017456	0.00000000
G[C>G]T	0.00003785	0.00012186	0.00025547	0.00274686	0.01006057	0.02332105	0.00411369	0.00209956	0.00000217	0.00027749	0.00240168	0.00032724	0.00128864	0.00616568	0.00045197	0.00754734	0.00104284	0.00267041	0.00109329	0.00469948	0.00059831
G[C>T]A	0.00004802	0.00006166	0.00056639	0.00254324	0.03379117	0.01702009	0.01604091	0.09644630	0.00032198	0.00449128	0.00655101	0.00521188	0.00061665	0.00851427	0.00144803	0.01337338	0.00055926	0.00781768	0.00170850	0.00641732	0.00580841
G[C>T]C	0.01553496	0.00077619	0.02775857	0.00204850	0.03586928	0.01155423	0.01027347	0.08358593	0.00018883	0.00077646	0.00365574	0.00348025	0.00064861	0.01587505	0.00025555	0.02179274	0.00177853	0.00066264	0.00352468	0.00812686	0.00269174
G[C>T]G	0.00000050	0.00000486	0.00000000	0.00015486	0.02053599	0.00000293	0.00000000	0.05063194	0.00901955	0.21389773	0.00399616	0.01431753	0.00000000	0.00630544	0.00314587	0.00094731	0.00000793	0.00141770	0.00177841	0.01249913	0.00323049
G[C>T]T	0.02367441	0.00007550	0.00319388	0.00290110	0.03098712	0.00969404	0.01625651	0.06474291	0.00000370	0.00000599	0.00407942	0.00329822	0.00080826	0.01618969	0.00033732	0.00836599	0.04038705	0.00103993	0.00178737	0.00961705	0.00379170
G[T>A]A	0.00061660	0.00005660	0.00028552	0.00521232	0.00466810	0.00670721	0.00148690	0.00123017	0.00005942	0.00028299	0.00240478	0.00085068	0.00164275	0.00122668	0.00015836	0.00374417	0.00012287	0.00000007	0.04344142	0.00199943	0.00022059
G[T>A]C	0.00026026	0.00011613	0.00030801	0.00321441	0.00319977	0.01109584	0.00163436	0.00259447	0.00027304	0.00003722	0.00203341	0.00228395	0.00218041	0.00093527	0.00324719	0.00255372	0.00012550	0.00026676	0.00720756	0.00225685	0.00133705
G[T>A]G	0.00031304	0.00007886	0.00052950	0.01169813	0.00408553	0.01480828	0.00138026	0.00210324	0.00011653	0.00028227	0.00313881	0.00151321	0.00000050	0.00444153	0.00067191	0.00050412	0.00132896	0.00000629	0.03439640	0.00065536	0.00040272
G[T>A]T	0.00031021	0.00034058	0.00003018	0.00545874	0.00197310	0.01750671	0.00234824	0.00349962	0.00124550	0.00003832	0.00030086	0.00309920	0.02003000	0.00130839	0.00471809	0.00205722	0.00810828	0.00011143	0.00795545	0.00357359	0.00079556
G[T>C]A	0.00002816	0.00014377	0.00008280	0.00313673	0.00678931	0.00752132	0.00441430	0.02497960	0.00000191	0.00025035	0.07267054	0.00180764	0.00041027	0.01150029	0.00003095	0.00385196	0.00095327	0.00096212	0.00190375	0.00317376	0.00028033
G[T>C]C	0.00000029	0.00020148	0.00000524	0.00065486	0.00586103	0.00538317	0.00505354	0.00066532	0.00133503	0.00233491	0.03177464	0.00377351	0.00021951	0.00650208	0.01347282	0.00540337	0.00220207	0.00003540	0.00244046	0.00368931	0.00043692
G[T>C]G	0.00000576	0.00000998	0.00044846	0.00160255	0.01849725	0.01201196	0.00231517	0.01730043	0.00096061	0.00097491	0.04299912	0.00604634	0.00038669	0.01042334	0.00339003	0.00994034	0.00260236	0.00043264	0.00096425	0.00132366	0.00182521
G[T>C]T	0.00074339	0.00033453	0.00768205	0.00000855	0.00856203	0.00474423	0.00114201	0.00661609	0.00049568	0.00002292	0.03484853	0.00028857	0.00782387	0.00220285	0.00491925	0.00380256	0.29078106	0.00000000	0.00314835	0.00165743	0.00358615
G[T>G]A	0.00004114	0.00022415	0.00032980	0.00030477	0.00406932	0.00678606	0.00191374	0.00020305	0.00027522	0.00016256	0.00088672	0.00128119	0.00252672	0.00134584	0.00058660	0.00143605	0.00008628	0.00041726	0.00155539	0.00193528	0.00166484
G[T>G]C	0.00018602	0.00003461	0.00029570	0.00009476	0.00243376	0.00366548	0.00296991	0.00030186	0.00621331	0.00002353	0.00115646	0.00001699	0.00172275	0.00103174	0.00040203	0.00142861	0.00001453	0.00001349	0.00058616	0.00079135	0.00069532
G[T>G]G	0.00033489	0.00009018	0.00276609	0.00239935	0.00843297	0.01620594	0.00123002	0.00014922	0.00134743	0.00055391	0.00167217	0.00697555	0.00610483	0.00211310	0.00104844	0.00285107	0.00357033	0.00043766	0.00219715	0.00052726	0.00367740
G[T>G]T	0.00108683	0.00004066	0.00197023	0.00007146	0.00007688	0.00617334	0.00462940	0.00243500	0.11303804	0.00015350	0.00041748	0.00121184	0.00664932	0.00128678	0.00723044	0.00412147	0.00647037	0.00000661	0.00029784	0.00386856	0.00499044
T[C>A]A	0.00028306	0.00041088	0.00267708	0.04864039	0.00167975	0.00298003	0.04158531	0.00137024	0.00000000	0.00001430	0.00055928	0.09097066	0.00294220	0.00108693	0.00010266	0.01183216	0.00971585	0.08144551	0.00054383	0.00320379	0.01471314
T[C>A]C	0.00078778	0.00020866	0.00328318	0.05741287	0.00861063	0.01855673	0.02565706	0.00290767	0.00003453	0.00222179	0.00100836	0.04741805	0.01445240	0.00268480	0.00003361	0.02310452	0.00639426	0.02918405	0.00238505	0.00039652	0.00467426
T[C>A]G	0.00000217	0.00016340	0.00018741	0.01280152	0.00296916	0.00015166	0.00288257	0.00006193	0.00007729	0.00016072	0.00051825	0.01463713	0.00006011	0.00100869	0.00001576	0.01128031	0.00000078	0.01120112	0.00040165	0.00033220	0.00138967
T[C>A]T	0.00028424	0.00137278	0.00103394	0.04891986	0.01256665	0.00393211	0.03375555	0.01690672	0.00242462	0.00000243	0.00135899	0.15799680	0.00358410	0.00572945	0.00085735	0.00041467	0.00004247	0.03345633	0.00211148	0.00542542	0.00224467
T[C>G]A	0.00000750	0.00002834	0.00000155	0.00204443	0.00476846	0.01539128	0.00059739	0.00048449	0.00015886	0.00021653	0.00144560	0.00055619	0.00117264	0.00185881	0.00336882	0.00261088	0.00377583	0.31302719	0.00275665	0.02649449	0.00066145
T[C>G]C	0.00005239	0.00001299	0.00140965	0.00537230	0.00533693	0.03000420	0.01348069	0.00101175	0.00000671	0.00000232	0.00269870	0.00384681	0.00502653	0.00569461	0.00118788	0.00882927	0.00076771	0.06423564	0.00297922	0.01980587	0.00207105
T[C>G]G	0.00000032	0.00004823	0.00044352	0.00176743	0.00219810	0.00002080	0.00259816	0.00013686	0.00001736	0.00011574	0.00053499	0.00041564	0.00000646	0.00172108	0.00064807	0.00262321	0.00072622	0.01440213	0.00065541	0.00231095	0.00046962
T[C>G]T	0.00000953	0.00101788	0.00069149	0.00023905	0.00051048	0.03024931	0.01595330	0.00318396	0.00135347	0.00203283	0.00297164	0.00017611	0.01114782	0.02002134	0.00071054	0.00854045	0.00004838	0.36892194	0.00343208	0.04647134	0.00209738
T[C>T]A	0.09880363	0.53859379	0.00006170	0.00295787	0.00679802	0.00028298	0.04357657	0.00222165	0.00005220	0.00013517	0.00357340	0.00905928	0.01820811	0.06014078	0.00199262	0.00302498	0.00028216	0.00429649	0.00153327	0.02525319	0.00291235
T[C>T]C	0.46448016	0.08670119	0.17237170	0.00635304	0.00000699	0.00544217	0.02510434	0.00040240	0.00047542	0.00033410	0.00000573	0.00028830	0.01405209	0.01436439	0.00003241	0.00001840	0.03383367	0.00246345	0.00150131	0.01317503	0.00123131
T[C>T]G	0.07810526	0.04327608	0.05897481	0.00000000	0.02212119	0.00000000	0.00000000	0.00111954	0.00495364	0.10554716	0.00221016	0.00979336	0.00000000	0.03429889	0.00020017	0.00385135	0.00128879	0.00012858	0.00001340	0.00741269	0.00098913
T[C>T]T	0.03047498	0.30022907	0.10918972	0.00627271	0.00905971	0.00094338	0.02896948	0.00341349	0.00049354	0.00028666	0.00231419	0.00027053	0.00081242	0.03657160	0.00030340	0.00751396	0.05159277	0.00186603	0.00490610	0.02757830	0.00132013
T[T>A]A	0.00037631	0.00008390	0.00262654	0.00270800	0.00227042	0.00020211	0.00481044	0.00654626	0.00141691	0.00623575	0.00164258	0.01208620	0.01589645	0.00078729	0.00006376	0.00255337	0.01631529	0.00031788	0.05379469	0.09288779	0.00916014
T[T>A]C	0.00045736	0.00030304	0.00215553	0.00167294	0.00027569	0.01211621	0.01365267	0.00005942	0.00000471	0.00003641	0.00625369	0.00273739	0.03347472	0.00109100	0.00567339	0.00366015	0.00144418	0.00035405	0.02232608	0.01247258	0.00332129
T[T>A]G	0.00000041	0.00003914	0.00185799	0.00387483	0.00570064	0.00384220	0.00677886	0.00008814	0.00000000	0.00014929	0.00348760	0.00167154	0.01142050	0.00242000	0.00152165	0.00141331	0.00548840	0.00029242	0.05654070	0.00733710	0.00065942
T[T>A]T	0.00115579	0.00022345	0.00000216	0.00187838	0.00495475	0.00182245	0.01747328	0.01377580	0.00130933	0.00231111	0.00368986	0.00287840	0.27725609	0.00094912	0.00116299	0.00454263	0.02231148	0.00000000	0.02571559	0.02217352	0.00887176
T[T>C]A	0.00252658	0.00083691	0.00554639	0.00155158	0.00167824	0.01147902	0.00088884	0.01565090	0.00088192	0.00056246	0.08226761	0.00049920	0.03094769	0.01102626	0.00162766	0.01186957	0.07955744	0.00000000	0.00101239	0.07153071	0.00344393
T[T>C]C	0.00077007	0.00002920	0.00178756	0.00000377	0.00352441	0.00709677	0.00590140	0.00897177	0.00068303	0.00282158	0.04311201	0.00818469	0.02116803	0.00528820	0.01455191	0.00311441	0.01311917	0.00028424	0.00030648	0.02847376	0.00306748
T[T>C]G	0.00001726	0.00058437	0.00404805	0.00080439	0.01376360	0.00387607	0.00400639	0.01837420	0.00100737	0.00003234	0.04029607	0.00255922	0.01428131	0.00416170	0.00246409	0.00852287	0.02252804	0.00000570	0.00249588	0.02057064	0.00300910
T[T>C]T	0.00072204	0.00038230	0.00301133	0.00000926	0.01721573	0.00674870	0.00002725	0.03511244	0.00075014	0.00396928	0.05783356	0.00257652	0.09880073	0.00794044	0.02125328	0.00035945	0.03752716	0.00096307	0.00001990	0.04261308	0.00546314
T[T>G]A	0.00005325	0.00021899	0.00070178	0.00000000	0.00449315	0.00844276	0.00665713	0.00000000	0.00000000	0.00022551	0.00141956	0.00000249	0.02052615	0.00198666	0.00000080	0.00172465	0.00021363	0.00000191	0.00231230	0.04192879	0.04576483
T[T>G]C	0.00013356	0.00013012	0.00158192	0.00000700	0.00824102	0.00743246	0.01755981	0.00052614	0.00840483	0.00011164	0.00173023	0.00192576	0.01614822	0.00441937	0.00025932	0.00161058	0.00046130	0.00006760	0.00003268	0.01565158	0.03380044
T[T>G]G	0.00000000	0.00004915	0.00131868	0.00224915	0.01091296	0.01081094	0.01151060	0.00109022	0.00466124	0.00022132	0.00245417	0.00078885	0.00771608	0.00297107	0.00089085	0.00140889	0.00001726	0.00001770	0.00466019	0.02226803	0.01562849
T[T>G]T	0.00007406	0.00006297	0.00037418	0.00048156	0.00480770	0.00041815	0.00363604	0.00767757	0.11930520	0.00002059	0.00119585	0.00075340	0.02128979	0.00110115	0.00403547	0.00213293	0.00026612	0.00000006	0.00020372	0.08239271	0.45023139
