MutationsType	SBS96A	SBS96B	SBS96C	SBS96D	SBS96E	SBS96F	SBS96G	SBS96H	SBS96I	SBS96J	SBS96K	SBS96L	SBS96M	SBS96N	SBS96O	SBS96P	SBS96Q
A[C>A]A	0.00799835	0.04189040	0.02287516	0.04915099	0.00002721	0.00073141	0.00004470	0.00060104	0.00154730	0.05476920	0.00044551	0.00227064	0.00098349	0.00458534	0.00420059	0.00011127	0.00148381
A[C>A]C	0.00863478	0.01390864	0.02321229	0.03970099	0.00010923	0.00208374	0.00058441	0.00012301	0.00031879	0.01564766	0.00068434	0.00144696	0.00062633	0.00029691	0.00281930	0.00071079	0.00086773
A[C>A]G	0.00235364	0.00301368	0.00039703	0.01837696	0.00001856	0.00017791	0.00022191	0.00006849	0.00008367	0.00073450	0.00007910	0.00013846	0.00020440	0.00016102	0.00088558	0.00036073	0.00012423
A[C>A]T	0.00306599	0.01867520	0.01401573	0.03543403	0.00023039	0.00099187	0.00028667	0.00009471	0.00054566	0.02181280	0.00669133	0.00033041	0.00023132	0.00103769	0.00479261	0.00389122	0.00294535
A[C>G]A	0.00782507	0.01492743	0.03108921	0.00693872	0.00004950	0.00229024	0.00027162	0.00025872	0.00000012	0.00100240	0.00489417	0.00076665	0.00343199	0.00060595	0.00666752	0.00137495	0.00480884
A[C>G]C	0.00361605	0.01170048	0.01897487	0.00257196	0.00000206	0.00080192	0.00007669	0.00006899	0.00002348	0.00369578	0.00171439	0.00051304	0.00093771	0.00039787	0.00192757	0.00273396	0.00381354
A[C>G]G	0.00150528	0.00418340	0.00000000	0.00130524	0.00002425	0.00002548	0.00002487	0.00005832	0.00054323	0.00233764	0.00043322	0.00038001	0.00042166	0.00027974	0.00069139	0.00069791	0.00140629
A[C>G]T	0.00634678	0.02247331	0.02559991	0.00298764	0.00004983	0.00159489	0.00036103	0.00008020	0.00011460	0.00520551	0.00500099	0.00037824	0.00424929	0.00207901	0.00483724	0.00365309	0.00581656
A[C>T]A	0.03078718	0.03154078	0.01147531	0.00768522	0.00000689	0.02538267	0.00080292	0.00182336	0.00085040	0.00722034	0.09205600	0.00236008	0.00826239	0.00159639	0.02142529	0.00343123	0.00715720
A[C>T]C	0.01502929	0.01656405	0.01501874	0.00357312	0.02211019	0.00591825	0.00197305	0.00027349	0.03964982	0.00436767	0.02189205	0.00245490	0.00017464	0.00782678	0.00778529	0.00305832	0.00118888
A[C>T]G	0.00014207	0.00554445	0.00967217	0.00210662	0.00002111	0.36796990	0.00003089	0.00762593	0.00020198	0.00148215	0.00058057	0.00007553	0.00002557	0.00028204	0.00040664	0.00172841	0.00168319
A[C>T]T	0.01953385	0.02723971	0.01268594	0.00268485	0.00856394	0.01048322	0.00415319	0.00073696	0.01254865	0.00935018	0.02984654	0.00107384	0.00052064	0.00770369	0.01192673	0.02643150	0.00558934
A[T>A]A	0.00769431	0.00994051	0.00197093	0.00431631	0.00247962	0.00100058	0.00030541	0.00002997	0.00199921	0.00116184	0.00532920	0.00094094	0.00002818	0.01347244	0.04875837	0.00045657	0.00346752
A[T>A]C	0.00846067	0.00514330	0.00960399	0.00326474	0.00041041	0.00327130	0.00124090	0.00022840	0.00050430	0.00071459	0.00293791	0.00075541	0.00028737	0.00323502	0.00883722	0.00163184	0.00183553
A[T>A]G	0.00909230	0.01021981	0.01015683	0.00843363	0.00065669	0.00176432	0.00016881	0.00009133	0.00163017	0.00136069	0.00195269	0.00019695	0.00107121	0.00022858	0.04683484	0.00276272	0.00140436
A[T>A]T	0.00081698	0.00604334	0.00060502	0.00398935	0.00403534	0.00012162	0.00007570	0.00036344	0.00855950	0.00398640	0.02890613	0.00114858	0.00093032	0.06508726	0.00071443	0.03201862	0.04558496
A[T>C]A	0.08583108	0.03376495	0.01358940	0.00552765	0.00038746	0.00207687	0.00074001	0.00021155	0.00074632	0.00147852	0.02401819	0.00035586	0.00206211	0.00063162	0.04458321	0.00466161	0.00184451
A[T>C]C	0.02908547	0.01107800	0.00842624	0.00008829	0.00006025	0.00353062	0.00057066	0.00015415	0.00017296	0.00254453	0.00399362	0.01201663	0.00020742	0.00044751	0.00398188	0.00479326	0.00070416
A[T>C]G	0.06972486	0.02697844	0.01015931	0.00440450	0.00002792	0.00026201	0.00062491	0.00002890	0.00126393	0.00373677	0.03493299	0.00097034	0.00033578	0.00040425	0.01916963	0.01007210	0.00036982
A[T>C]T	0.06559697	0.03112247	0.01980582	0.00038916	0.00059998	0.00696387	0.00098802	0.00025058	0.00188352	0.00611552	0.00364964	0.00927094	0.00226243	0.00247629	0.01604392	0.04869843	0.00536393
A[T>G]A	0.00316904	0.01212085	0.00440068	0.00078762	0.00048445	0.00006547	0.00045641	0.00143150	0.00007755	0.00067034	0.00051722	0.00080227	0.00001448	0.01118298	0.00242966	0.00343607	0.00845072
A[T>G]C	0.00110041	0.01243087	0.00276347	0.00012473	0.00018512	0.00019443	0.00018780	0.00478354	0.00106296	0.00062923	0.00034806	0.00051605	0.00001411	0.00053117	0.00048026	0.00295144	0.00873413
A[T>G]G	0.00705839	0.01404785	0.00860785	0.00078522	0.00023243	0.00098127	0.00016213	0.00104220	0.00156509	0.00292198	0.00126370	0.00082964	0.00000985	0.00052868	0.00673825	0.00967669	0.00606828
A[T>G]T	0.00005908	0.02910269	0.00085406	0.00000743	0.00028471	0.00000000	0.00003614	0.06541258	0.00021536	0.00015105	0.00113594	0.01202375	0.00019682	0.00000805	0.00029882	0.01277110	0.05013019
C[C>A]A	0.00040048	0.01296922	0.02424363	0.09258379	0.00052660	0.00001134	0.00005935	0.00011953	0.00109503	0.08104153	0.00001321	0.00010323	0.00124651	0.00015510	0.00143538	0.01330319	0.00399701
C[C>A]C	0.00045350	0.00309661	0.02515600	0.09838589	0.00015409	0.00181436	0.00025664	0.00002710	0.00086367	0.00931627	0.02762059	0.00129384	0.00048515	0.00208014	0.00431595	0.00297817	0.00064505
C[C>A]G	0.00370570	0.00019520	0.00015342	0.02916452	0.00000627	0.00016918	0.00000056	0.00002599	0.00026730	0.01190635	0.00381269	0.00032741	0.00000802	0.00152271	0.00175321	0.00035779	0.00000101
C[C>A]T	0.00000000	0.00485392	0.00406601	0.08716995	0.00018469	0.00000000	0.00017551	0.00000400	0.00114035	0.02667550	0.08141548	0.00001892	0.00000000	0.01261387	0.00027961	0.00002833	0.00016462
C[C>G]A	0.00496466	0.00558987	0.03025753	0.00914673	0.00000285	0.00025007	0.00004685	0.00014564	0.00038508	0.00000000	0.00113736	0.00075764	0.00638903	0.00004297	0.00322149	0.00164085	0.00071750
C[C>G]C	0.00766385	0.01280486	0.02155155	0.00785367	0.00002155	0.00033784	0.00044914	0.00005801	0.00114545	0.00304430	0.00169024	0.00006857	0.00065808	0.00165164	0.00530223	0.00043267	0.00022779
C[C>G]G	0.00271512	0.00208478	0.00166560	0.00345874	0.00003036	0.00038218	0.00025620	0.00000099	0.00068779	0.00461766	0.00038685	0.00045805	0.00010358	0.00026767	0.00237350	0.00130648	0.00019323
C[C>G]T	0.00688401	0.01780805	0.03399575	0.00723430	0.00007226	0.00004247	0.00011456	0.00007222	0.00065563	0.00350764	0.00158435	0.00004269	0.00655854	0.00439465	0.00234518	0.00050157	0.00316009
C[C>T]A	0.00971425	0.02387385	0.01489488	0.01422520	0.06086561	0.00376134	0.00068907	0.00050157	0.12079155	0.00685585	0.00432198	0.00143943	0.00002499	0.00530937	0.00397214	0.04813542	0.00487034
C[C>T]C	0.00863429	0.01380485	0.01736458	0.01193191	0.06161298	0.00029036	0.00000000	0.00017271	0.21214267	0.00199043	0.00477052	0.00170896	0.00008592	0.00536157	0.00621950	0.00156096	0.00044404
C[C>T]G	0.01289415	0.00408024	0.00459097	0.00255099	0.00639615	0.18608936	0.00401506	0.00772282	0.02502779	0.01767553	0.01665137	0.00238772	0.00273399	0.00940385	0.01059814	0.00399501	0.01385482
C[C>T]T	0.01293677	0.02246014	0.02559962	0.01838662	0.06944304	0.00047368	0.00049743	0.00022600	0.14440182	0.00127592	0.00755703	0.00208821	0.00087695	0.02572859	0.00827479	0.00635098	0.00134730
C[T>A]A	0.00173137	0.00000431	0.00414157	0.00437365	0.00018051	0.00002396	0.00018412	0.00000491	0.00043784	0.00018034	0.00045792	0.00009828	0.00021670	0.00331392	0.08429394	0.00188317	0.00103715
C[T>A]C	0.00225472	0.00500926	0.01907259	0.00655787	0.00006363	0.00005177	0.00026827	0.00187826	0.00063680	0.00151759	0.00278168	0.03903546	0.00026937	0.01427079	0.04977628	0.00004734	0.00101045
C[T>A]G	0.00120493	0.00084303	0.00674047	0.02041114	0.00002157	0.00051475	0.00004751	0.00034604	0.00018584	0.00016220	0.00083261	0.01154583	0.00056605	0.00019685	0.13014937	0.00168950	0.00225995
C[T>A]T	0.00000000	0.00621380	0.00996507	0.00830109	0.00025551	0.00006083	0.00025416	0.00716871	0.00000071	0.00053266	0.00000998	0.07242701	0.00036383	0.04740517	0.04106930	0.00001592	0.00048024
C[T>C]A	0.02792071	0.01542587	0.00828098	0.00514885	0.00049361	0.00026898	0.00012671	0.00027945	0.00100639	0.00002968	0.01324455	0.01092084	0.00018911	0.00777341	0.00561481	0.01029375	0.00338801
C[T>C]C	0.01972882	0.00542860	0.01242350	0.00165880	0.00016707	0.00259838	0.00003326	0.00241867	0.00040436	0.00255093	0.00210855	0.17580426	0.00001438	0.00017430	0.00112284	0.00020279	0.00367737
C[T>C]G	0.03342459	0.01216128	0.00556712	0.00522882	0.00000057	0.00048830	0.00024138	0.00193693	0.00022610	0.00004877	0.03389706	0.09456393	0.00019323	0.00059353	0.00970344	0.00185701	0.00151388
C[T>C]T	0.01671881	0.00047308	0.00052720	0.00054952	0.00171826	0.00002549	0.00035851	0.00913919	0.00749670	0.00286700	0.00571962	0.41685957	0.00023193	0.02703242	0.00173252	0.03158974	0.00091052
C[T>G]A	0.00204709	0.00365455	0.00684379	0.00042034	0.00007178	0.00006257	0.00001894	0.00212881	0.00033664	0.00013832	0.00074164	0.00047913	0.00006097	0.00339386	0.00402118	0.00114536	0.01022678
C[T>G]C	0.00308935	0.00560433	0.01012764	0.00007330	0.00004546	0.00028754	0.00032019	0.03086728	0.00092548	0.00261503	0.00310789	0.00166474	0.00017548	0.00540660	0.00193705	0.00016345	0.01014024
C[T>G]G	0.00442891	0.00538423	0.01626274	0.00279220	0.00000035	0.00020222	0.00001066	0.01355300	0.00097771	0.00338593	0.00418111	0.00043652	0.00029168	0.00128809	0.00892360	0.00039198	0.00556858
C[T>G]T	0.00295077	0.00035730	0.00054744	0.00085410	0.00000000	0.00082795	0.00000000	0.54640291	0.00000000	0.00179558	0.00001268	0.00121756	0.00000000	0.00069152	0.00240029	0.00000658	0.01031284
G[C>A]A	0.00761730	0.01092595	0.00464213	0.02791555	0.00000153	0.00116862	0.00013377	0.00119884	0.00023035	0.14202553	0.00102423	0.00267512	0.00031345	0.00023872	0.00494875	0.00041664	0.00462947
G[C>A]C	0.01006882	0.00910249	0.01135557	0.04421320	0.00018322	0.00041618	0.00014739	0.00000068	0.00000224	0.01649221	0.00461606	0.00082459	0.00022513	0.00006404	0.00415953	0.00011406	0.00028512
G[C>A]G	0.00325310	0.00182533	0.00003780	0.01796748	0.00000764	0.00094294	0.00004756	0.00006680	0.00002132	0.00778193	0.00042845	0.00020688	0.00010841	0.00000424	0.00101027	0.00003471	0.00048866
G[C>A]T	0.00490970	0.00800705	0.01024293	0.01954722	0.00000000	0.00003945	0.00000000	0.00028913	0.00000000	0.08093417	0.01050478	0.00004537	0.00021562	0.00004763	0.00130069	0.00002688	0.00261534
G[C>G]A	0.00303404	0.00351267	0.02007358	0.00606473	0.00000000	0.00020836	0.00001818	0.00001223	0.00000105	0.00045027	0.00089381	0.00105774	0.00146104	0.00020216	0.00319656	0.00020774	0.00099728
G[C>G]C	0.00375552	0.00646007	0.01329410	0.00675439	0.00000217	0.00069791	0.00014342	0.00001032	0.00032267	0.00061142	0.00211452	0.00142071	0.00037317	0.00065423	0.00388386	0.00011406	0.00271251
G[C>G]G	0.00114221	0.00089810	0.00346963	0.00393010	0.00002139	0.00029542	0.00004506	0.00005166	0.00040018	0.00033934	0.00030972	0.00012127	0.00025260	0.00016841	0.00076652	0.00049323	0.00022877
G[C>G]T	0.00574958	0.00613645	0.02307290	0.00285323	0.00001983	0.00025931	0.00019840	0.00000690	0.00025690	0.00105693	0.00238377	0.00069168	0.00285818	0.00123253	0.00451899	0.00101993	0.00206093
G[C>T]A	0.01669089	0.01715817	0.01826506	0.00250890	0.00006146	0.00440401	0.00009091	0.00028049	0.00023845	0.00740476	0.08549480	0.00239444	0.00812250	0.00006354	0.00986613	0.00066991	0.00540741
G[C>T]C	0.01784851	0.01261092	0.01268333	0.00276646	0.01308385	0.00102771	0.00186759	0.00005336	0.02916373	0.00558854	0.07570677	0.00005029	0.00047246	0.00064928	0.01129401	0.00129642	0.00688146
G[C>T]G	0.00614395	0.00022295	0.00000000	0.00000000	0.00000000	0.21357849	0.00000105	0.00806803	0.00000000	0.01581212	0.05518760	0.00129460	0.00206313	0.00000000	0.00332753	0.00000130	0.01514028
G[C>T]T	0.01287436	0.01737971	0.00820843	0.00227130	0.02292267	0.00073880	0.00058846	0.00000474	0.00423372	0.00352681	0.06713591	0.00077076	0.00196009	0.00149355	0.01017142	0.03882153	0.00392243
G[T>A]A	0.00268149	0.00189725	0.00750238	0.00612039	0.00040831	0.00008897	0.00040531	0.00012819	0.00027424	0.00113420	0.00180772	0.00013832	0.00000979	0.00175009	0.03341900	0.00005898	0.00161390
G[T>A]C	0.00199902	0.00276160	0.01064236	0.00274152	0.00024327	0.00008158	0.00016744	0.00025223	0.00006857	0.00207110	0.00257613	0.00291745	0.00016309	0.00272166	0.00889214	0.00015242	0.00125957
G[T>A]G	0.00266189	0.00233828	0.01520963	0.01319984	0.00019487	0.00019303	0.00025306	0.00020696	0.00050187	0.00037338	0.00281755	0.00049598	0.00012397	0.00001490	0.02301972	0.00103419	0.00104024
G[T>A]T	0.00057057	0.00293473	0.01616827	0.00530166	0.00033377	0.00022340	0.00015083	0.00150359	0.00012015	0.00282064	0.00349156	0.00516706	0.00058437	0.02055911	0.00511276	0.00777584	0.00093046
G[T>C]A	0.03798561	0.00454642	0.01057897	0.00279231	0.00004478	0.00036201	0.00008549	0.00009752	0.00005128	0.00010103	0.02256109	0.00041196	0.00017110	0.00003329	0.00348022	0.00113258	0.00158168
G[T>C]C	0.01826586	0.00522940	0.00698153	0.00052410	0.00009708	0.00181899	0.00006275	0.00090435	0.00000397	0.00281354	0.00144980	0.01426307	0.00017305	0.00020281	0.00385120	0.00196764	0.00159189
G[T>C]G	0.03077966	0.00427268	0.01259292	0.00187879	0.00005049	0.00116643	0.00007270	0.00122846	0.00033325	0.00511825	0.01855208	0.00371221	0.00029247	0.00024823	0.00580587	0.00260304	0.00132898
G[T>C]T	0.01506079	0.00259596	0.00178868	0.00002787	0.00073084	0.00008939	0.00041042	0.00059742	0.00644670	0.00199916	0.00761622	0.00418086	0.00000001	0.00557584	0.00186557	0.28234439	0.00167994
G[T>G]A	0.00237333	0.00311359	0.00709093	0.00020385	0.00007509	0.00016939	0.00014844	0.00030753	0.00020851	0.00084506	0.00053095	0.00074894	0.00004379	0.00251582	0.00262716	0.00012635	0.00094268
G[T>G]C	0.00141980	0.00368941	0.00320532	0.00008541	0.00007625	0.00010063	0.00014697	0.00575120	0.00036001	0.00011587	0.00041284	0.00034571	0.00010694	0.00131269	0.00129745	0.00015224	0.00030818
G[T>G]G	0.00362294	0.00302366	0.01675101	0.00166444	0.00016857	0.00039999	0.00026827	0.00146463	0.00295052	0.00721188	0.00144410	0.00077762	0.00098275	0.00570280	0.00346381	0.00412382	0.00202719
G[T>G]T	0.00000723	0.00177908	0.00562706	0.00001766	0.00104805	0.00026094	0.00005861	0.11881770	0.00189439	0.00087078	0.00261814	0.00607763	0.00014417	0.00646939	0.00008518	0.00624008	0.00096672
T[C>A]A	0.00006419	0.03475116	0.00072256	0.04096157	0.00035653	0.00000436	0.00036956	0.00000281	0.00213798	0.08481238	0.00073831	0.00025912	0.07696683	0.00130988	0.00243730	0.01058243	0.00349740
T[C>A]C	0.00327786	0.02400462	0.01580259	0.05229371	0.00046602	0.00247589	0.00020461	0.00014706	0.00338743	0.04811480	0.00247660	0.00064513	0.03103393	0.01290292	0.00171451	0.00777023	0.00065056
T[C>A]G	0.00190097	0.00314120	0.00009185	0.01210436	0.00000609	0.00044189	0.00002878	0.00001088	0.00017542	0.01538745	0.00013087	0.00013513	0.01109223	0.00000999	0.00116923	0.00017056	0.00015888
T[C>A]T	0.00318144	0.02520636	0.00300930	0.03539801	0.00038664	0.00149778	0.00109807	0.00261694	0.00077631	0.15562752	0.01803595	0.00103376	0.03542931	0.00323789	0.00909110	0.00098298	0.00409840
T[C>G]A	0.00321849	0.00023930	0.01304594	0.00139939	0.00000000	0.00014287	0.00001678	0.00010466	0.00006382	0.00146545	0.00057566	0.00326149	0.29814151	0.00030077	0.00462521	0.00360373	0.00780247
T[C>G]C	0.00423622	0.01490804	0.02893450	0.00545097	0.00000332	0.00035440	0.00006693	0.00000669	0.00150410	0.00343857	0.00107012	0.00056097	0.06606711	0.00423701	0.00189905	0.00018195	0.00674532
T[C>G]G	0.00174595	0.00217294	0.00007134	0.00224115	0.00000000	0.00006486	0.00005965	0.00004178	0.00023671	0.00123703	0.00040229	0.00040691	0.01415292	0.00000544	0.00071393	0.00109955	0.00027002
T[C>G]T	0.00822158	0.01157507	0.02497281	0.00038061	0.00040688	0.00194101	0.00008404	0.00140653	0.00005414	0.00017728	0.00141488	0.00056920	0.38769605	0.01178208	0.00257232	0.00005507	0.00571384
T[C>T]A	0.00414499	0.02953694	0.00015542	0.00246247	0.13151243	0.00118046	0.56939663	0.00002465	0.00000000	0.00749491	0.00014351	0.00028136	0.00196095	0.01616883	0.00480106	0.00002121	0.01520075
T[C>T]C	0.00000000	0.01101174	0.00096478	0.00657390	0.45459645	0.00000411	0.07112395	0.00000000	0.15285533	0.00000000	0.00021597	0.00000000	0.00192389	0.01440824	0.00295588	0.08198340	0.00910140
T[C>T]G	0.01147488	0.00035525	0.00009792	0.00000000	0.09369877	0.10212505	0.04432366	0.00404205	0.05687466	0.01229988	0.00189226	0.00045498	0.00094581	0.00000000	0.00497207	0.00126892	0.00194410
T[C>T]T	0.00855037	0.02040160	0.00156431	0.00677235	0.03038232	0.00002017	0.28249754	0.00037791	0.11638503	0.00010007	0.00227915	0.00127184	0.00182787	0.00062424	0.01483546	0.03933561	0.04079838
T[T>A]A	0.00287920	0.00280978	0.00170697	0.00274490	0.00015600	0.00782068	0.00002573	0.00077503	0.00207812	0.01023570	0.00579905	0.00045622	0.00052387	0.02426263	0.04905672	0.01376905	0.07377021
T[T>A]C	0.00315483	0.01196376	0.01114062	0.00221446	0.00027415	0.00003743	0.00011967	0.00021699	0.00191263	0.00145782	0.00001815	0.00528928	0.00037470	0.03784368	0.01614301	0.00140612	0.00649657
T[T>A]G	0.00389175	0.00607324	0.00443243	0.00661998	0.00000000	0.00041061	0.00001182	0.00000160	0.00141758	0.00076589	0.00081498	0.00132984	0.00017832	0.01363426	0.03518769	0.00446908	0.00482514
T[T>A]T	0.00186705	0.01454816	0.00169412	0.00378856	0.00034893	0.00201969	0.00130266	0.00128138	0.00015658	0.00172341	0.01280658	0.00226553	0.00018650	0.26283562	0.01139836	0.02610737	0.00451398
T[T>C]A	0.04223287	0.00180544	0.01329000	0.00118708	0.00243333	0.00016998	0.00023725	0.00059241	0.00397050	0.00002180	0.01936982	0.00087673	0.00000000	0.03959566	0.00535800	0.07071893	0.03126010
T[T>C]C	0.02362135	0.00466429	0.00852437	0.00001579	0.00064056	0.00415950	0.00000235	0.00096888	0.00110378	0.00513220	0.00972386	0.01429347	0.00010318	0.02597958	0.00011839	0.01365505	0.01297440
T[T>C]G	0.02555077	0.00352267	0.00562034	0.00111123	0.00010178	0.00048197	0.00006163	0.00101525	0.00367826	0.00284863	0.01704307	0.00200538	0.00001544	0.01600362	0.00537928	0.02203761	0.01350124
T[T>C]T	0.03710950	0.00010943	0.01004577	0.00002620	0.00092648	0.00514914	0.00015135	0.00050594	0.00264709	0.00052084	0.03095998	0.01939647	0.00044658	0.09308581	0.00233151	0.03594768	0.01106893
T[T>G]A	0.00340692	0.00781005	0.00870874	0.00003564	0.00011014	0.00019540	0.00007790	0.00001436	0.00051007	0.00007160	0.00006206	0.00000055	0.00025214	0.02251779	0.00292673	0.00014808	0.05419410
T[T>G]C	0.00493086	0.01713864	0.00711471	0.00000096	0.00001729	0.00060462	0.00017832	0.00887799	0.00128551	0.00120668	0.00073394	0.00003896	0.00020887	0.01701187	0.00196728	0.00063928	0.03201293
T[T>G]G	0.00509377	0.01222891	0.01170240	0.00166783	0.00000369	0.00110163	0.00011327	0.00443599	0.00097281	0.00092782	0.00238766	0.00154227	0.00001767	0.00863967	0.00704068	0.00059483	0.01958479
T[T>G]T	0.00473325	0.00976367	0.00710210	0.00010156	0.00000474	0.00114578	0.00012289	0.12018718	0.00038478	0.00060506	0.00786625	0.00507122	0.00000000	0.01651867	0.00186896	0.00053150	0.32818312
