MutationsType	SBS96A	SBS96B	SBS96C	SBS96D	SBS96E	SBS96F	SBS96G	SBS96H	SBS96I	SBS96J	SBS96K	SBS96L	SBS96M	SBS96N	SBS96O	SBS96P	SBS96Q	SBS96R
A[C>A]A	0.00927762	0.02366415	0.04509454	0.04975926	0.00000796	0.00090896	0.00690271	0.00062905	0.00005512	0.05585192	0.00146072	0.00031984	0.00248645	0.00112907	0.00473944	0.00013548	0.00437189	0.00037078
A[C>A]C	0.01284566	0.02380854	0.01232116	0.04003029	0.00012629	0.00202786	0.00385863	0.00011115	0.00060095	0.01575337	0.00023368	0.00041850	0.00145157	0.00053100	0.00035455	0.00073444	0.00074994	0.00171780
A[C>A]G	0.00348821	0.00046400	0.00318169	0.01848317	0.00004015	0.00011381	0.00094589	0.00014167	0.00020831	0.00081995	0.00009648	0.00006440	0.00009958	0.00012143	0.00020705	0.00022883	0.00026044	0.00007341
A[C>A]T	0.00596299	0.01452774	0.01909380	0.03571543	0.00022561	0.00111446	0.00117146	0.00012507	0.00028232	0.02215544	0.00049623	0.00682951	0.00026353	0.00029651	0.00107815	0.00385561	0.00503564	0.00325336
A[C>G]A	0.01310838	0.03176676	0.01170626	0.00691350	0.00008180	0.00225287	0.00384424	0.00027579	0.00011351	0.00072827	0.00000000	0.00454458	0.00075688	0.00325876	0.00066951	0.00139913	0.00460941	0.00590283
A[C>G]C	0.00542418	0.01946163	0.01026653	0.00268136	0.00001055	0.00075059	0.00259235	0.00005747	0.00008378	0.00375763	0.00001664	0.00168043	0.00067151	0.00085873	0.00041157	0.00265940	0.00133269	0.00401107
A[C>G]G	0.00246174	0.00000000	0.00444373	0.00138626	0.00001811	0.00000086	0.00072092	0.00004598	0.00000923	0.00218332	0.00061017	0.00047140	0.00039840	0.00030444	0.00030210	0.00060182	0.00010302	0.00155203
A[C>G]T	0.01169101	0.02655565	0.02050029	0.00314765	0.00004735	0.00157059	0.00321037	0.00009241	0.00032205	0.00493618	0.00010872	0.00485650	0.00038557	0.00417950	0.00189303	0.00390605	0.00275116	0.00631311
A[C>T]A	0.05160443	0.01363079	0.02779784	0.00832251	0.00001998	0.02449441	0.01366131	0.00161227	0.00062703	0.00625769	0.00073435	0.09049339	0.00242608	0.00777837	0.00169170	0.00377638	0.01067093	0.00919867
A[C>T]C	0.02606639	0.01593459	0.01394746	0.00391419	0.02211899	0.00558766	0.00491405	0.00022216	0.00164842	0.00405681	0.03853065	0.02049742	0.00246156	0.00013895	0.00909564	0.00484579	0.00182881	0.00193880
A[C>T]G	0.00051446	0.00843545	0.00734675	0.00189654	0.00001037	0.37447905	0.00043787	0.00543650	0.00005043	0.00083840	0.00038800	0.00110095	0.00020126	0.00005906	0.00019629	0.00133081	0.00316386	0.00070125
A[C>T]T	0.03833459	0.01406247	0.02429634	0.00324285	0.00881227	0.00955022	0.00359083	0.00078554	0.00327927	0.00853193	0.01166117	0.02801144	0.00114250	0.00035551	0.00844175	0.02797805	0.00259493	0.00851991
A[T>A]A	0.00968723	0.00048658	0.01065331	0.00303992	0.00248373	0.00092598	0.00635182	0.00002599	0.00015858	0.00117785	0.00208528	0.00530090	0.00091014	0.00000435	0.01328013	0.00047500	0.05807861	0.00280146
A[T>A]C	0.00991802	0.00960221	0.00382026	0.00326686	0.00042809	0.00316933	0.00637935	0.00022539	0.00125161	0.00066914	0.00043911	0.00269000	0.00065091	0.00016401	0.00313835	0.00161970	0.00762447	0.00229283
A[T>A]G	0.01493219	0.00930569	0.00901303	0.00771200	0.00062600	0.00154690	0.00357553	0.00010052	0.00013409	0.00124591	0.00155077	0.00163829	0.00013504	0.00087022	0.00022773	0.00292786	0.05159868	0.00133656
A[T>A]T	0.00054275	0.00119756	0.00805175	0.00418019	0.00407372	0.00006629	0.00890403	0.00051689	0.00004826	0.00371895	0.00870009	0.02915122	0.00122266	0.00096776	0.06215281	0.03139229	0.00022094	0.04847433
A[T>C]A	0.09407314	0.01166278	0.02855574	0.00574847	0.00049992	0.00147530	0.05985911	0.00024174	0.00035192	0.00028943	0.00047560	0.02166905	0.00034665	0.00179812	0.00094515	0.00457303	0.02806566	0.00284959
A[T>C]C	0.01398816	0.00695151	0.01105746	0.00002911	0.00003683	0.00379272	0.03586469	0.00015039	0.00060013	0.00257026	0.00024496	0.00417381	0.01193375	0.00035874	0.00057786	0.00448154	0.00268893	0.00017449
A[T>C]G	0.05899638	0.00831932	0.02451175	0.00445114	0.00001802	0.00015526	0.06425773	0.00000367	0.00063946	0.00335969	0.00103753	0.03440934	0.00096960	0.00047076	0.00053769	0.00989488	0.00873459	0.00002744
A[T>C]T	0.06496552	0.01892582	0.02693540	0.00076815	0.00070488	0.00583563	0.05221641	0.00021033	0.00063357	0.00579951	0.00153147	0.00260882	0.00939339	0.00190295	0.00258234	0.04832880	0.00239361	0.00757232
A[T>G]A	0.00440918	0.00453155	0.01270383	0.00081828	0.00047362	0.00003013	0.00263842	0.00143513	0.00044068	0.00065772	0.00002841	0.00042446	0.00071139	0.00001123	0.01101698	0.00360975	0.00171102	0.00885323
A[T>G]C	0.00235163	0.00291123	0.01331797	0.00010229	0.00015815	0.00030260	0.00050702	0.00477760	0.00017236	0.00053198	0.00109930	0.00033222	0.00053053	0.00000277	0.00063341	0.00275232	0.00006262	0.00886455
A[T>G]G	0.01193130	0.00879858	0.01327605	0.00077360	0.00025744	0.00042556	0.00250655	0.00100841	0.00010514	0.00284811	0.00140584	0.00123243	0.00097077	0.00000157	0.00066197	0.00963130	0.00524655	0.00685595
A[T>G]T	0.00015039	0.00089957	0.03393562	0.00000486	0.00031026	0.00000000	0.00027163	0.06557953	0.00002219	0.00030983	0.00033044	0.00148234	0.01242889	0.00027325	0.00000000	0.01218845	0.00051497	0.05367088
C[C>A]A	0.00026528	0.02517127	0.01447596	0.09440840	0.00049203	0.00005390	0.00059857	0.00023892	0.00013910	0.08246331	0.00111117	0.00000009	0.00008331	0.00132582	0.00004494	0.01329046	0.00161152	0.00483149
C[C>A]C	0.00061290	0.02659717	0.00185426	0.09885948	0.00009555	0.00194768	0.00068229	0.00002118	0.00039873	0.01040481	0.00097068	0.02812140	0.00140225	0.00053070	0.00193053	0.00312378	0.00519763	0.00070195
C[C>A]G	0.00584105	0.00009832	0.00004739	0.02984153	0.00000829	0.00010830	0.00073100	0.00006020	0.00000000	0.01222160	0.00019550	0.00357929	0.00030176	0.00000000	0.00176908	0.00026901	0.00051110	0.00000203
C[C>A]T	0.00000000	0.00658877	0.00690133	0.08788131	0.00012287	0.00002710	0.00000113	0.00002894	0.00039553	0.02752158	0.00131536	0.08529793	0.00007235	0.00000000	0.01281821	0.00000585	0.00080093	0.00013495
C[C>G]A	0.00783859	0.03094519	0.00203229	0.00912803	0.00000145	0.00020606	0.00238985	0.00010649	0.00002832	0.00000000	0.00034079	0.00106553	0.00085263	0.00626225	0.00001538	0.00148414	0.00223184	0.00097438
C[C>G]C	0.01362205	0.02189604	0.01022492	0.00795518	0.00001515	0.00038408	0.00240213	0.00010435	0.00038474	0.00284569	0.00098671	0.00141997	0.00002479	0.00039984	0.00187986	0.00053399	0.00300528	0.00028264
C[C>G]G	0.00423605	0.00170217	0.00182889	0.00353817	0.00002946	0.00033359	0.00096716	0.00000149	0.00026911	0.00456275	0.00063985	0.00029035	0.00043501	0.00002412	0.00027399	0.00141435	0.00166795	0.00021761
C[C>G]T	0.00908119	0.03494206	0.01509087	0.00741172	0.00007026	0.00003620	0.00510391	0.00008343	0.00007561	0.00350379	0.00071465	0.00147240	0.00005950	0.00661706	0.00440394	0.00056769	0.00091443	0.00371797
C[C>T]A	0.01281504	0.01582049	0.02515473	0.01431232	0.06004498	0.00343017	0.00764157	0.00047433	0.00055665	0.00707072	0.12027934	0.00425880	0.00162566	0.00000148	0.00523038	0.04824398	0.00276314	0.00487665
C[C>T]C	0.00740050	0.01878167	0.01450897	0.01180897	0.05935329	0.00015284	0.00798926	0.00009456	0.00001763	0.00277857	0.21248067	0.00509218	0.00190478	0.00007180	0.00574065	0.00081061	0.00769838	0.00023715
C[C>T]G	0.02639169	0.00453147	0.00286328	0.00286203	0.00618150	0.18571577	0.00329648	0.00644635	0.00372142	0.01647605	0.02420923	0.01436239	0.00260310	0.00233955	0.00968607	0.00542755	0.00690621	0.01657779
C[C>T]T	0.02037758	0.02689654	0.02131776	0.01857095	0.06791054	0.00028405	0.00600101	0.00015013	0.00027379	0.00116462	0.14273354	0.00686196	0.00214110	0.00100183	0.02771561	0.01061622	0.00537083	0.00206849
C[T>A]A	0.00284001	0.00137840	0.00000101	0.00178094	0.00015739	0.00006846	0.00140329	0.00003915	0.00013320	0.00007751	0.00041914	0.00050824	0.00010712	0.00011930	0.00321115	0.00193030	0.10601702	0.00019318
C[T>A]C	0.00146343	0.01757034	0.00444831	0.00490334	0.00003823	0.00009901	0.00308808	0.00189783	0.00032357	0.00177380	0.00062131	0.00302366	0.03876359	0.00025271	0.01430887	0.00011171	0.06410594	0.00053381
C[T>A]G	0.00172040	0.00266609	0.00160411	0.01618918	0.00003464	0.00066020	0.00154576	0.00027247	0.00015885	0.00037243	0.00019865	0.00101275	0.01151825	0.00036357	0.00004994	0.00163609	0.16414822	0.00051251
C[T>A]T	0.00012055	0.00883602	0.00761767	0.00696616	0.00027304	0.00000773	0.00016002	0.00722658	0.00015654	0.00083485	0.00000263	0.00001745	0.07212784	0.00042070	0.04778501	0.00001205	0.05201577	0.00013453
C[T>C]A	0.01116584	0.00703148	0.01643017	0.00486441	0.00044686	0.00035950	0.03784971	0.00038825	0.00023139	0.00000782	0.00111114	0.01390802	0.01095171	0.00026803	0.00728818	0.00940700	0.00560224	0.00203533
C[T>C]C	0.00467974	0.01147278	0.00659194	0.00163483	0.00019272	0.00305183	0.02681980	0.00231590	0.00002149	0.00319871	0.00049096	0.00226996	0.17467782	0.00000912	0.00031914	0.00017172	0.00171816	0.00208962
C[T>C]G	0.02766753	0.00500733	0.01165477	0.00527520	0.00000000	0.00040152	0.03122517	0.00196148	0.00032761	0.00001129	0.00020319	0.03376999	0.09421170	0.00005869	0.00062380	0.00171978	0.00504681	0.00113449
C[T>C]T	0.01136251	0.00014208	0.00247210	0.00055305	0.00170743	0.00003211	0.01409977	0.00918065	0.00023880	0.00417539	0.00693434	0.00502176	0.41507630	0.00011447	0.02826326	0.03189627	0.00050744	0.00214928
C[T>G]A	0.00214478	0.00699533	0.00320638	0.00027068	0.00009729	0.00005772	0.00187293	0.00209142	0.00005579	0.00013949	0.00039042	0.00069839	0.00041245	0.00005757	0.00336117	0.00097702	0.00451859	0.01079445
C[T>G]C	0.00479131	0.01046630	0.00463740	0.00007167	0.00004536	0.00032144	0.00147552	0.03119320	0.00027185	0.00244343	0.00088426	0.00299854	0.00174920	0.00011754	0.00557938	0.00014233	0.00128351	0.01140401
C[T>G]G	0.00736119	0.01650997	0.00342981	0.00277726	0.00000060	0.00020757	0.00182216	0.01376314	0.00001096	0.00297675	0.00101324	0.00401481	0.00048555	0.00009976	0.00128957	0.00026148	0.00863898	0.00645539
C[T>G]T	0.00426647	0.00015463	0.00057776	0.00084359	0.00000000	0.00057326	0.00135572	0.55125389	0.00000000	0.00121790	0.00000000	0.00004386	0.00158394	0.00000000	0.00106095	0.00000378	0.00152644	0.01157933
G[C>A]A	0.01127401	0.00497643	0.01358848	0.02977359	0.00000000	0.00110637	0.00312703	0.00110085	0.00023105	0.14243035	0.00032702	0.00078033	0.00258724	0.00040275	0.00013492	0.00020727	0.00299675	0.00652316
G[C>A]C	0.01156877	0.01158474	0.00914699	0.04405181	0.00019275	0.00058702	0.00679950	0.00001572	0.00012875	0.01667862	0.00000000	0.00429797	0.00084947	0.00024467	0.00007665	0.00014610	0.00310521	0.00039977
G[C>A]G	0.00422094	0.00000766	0.00213845	0.01827006	0.00000526	0.00084190	0.00148316	0.00008040	0.00005866	0.00796905	0.00000805	0.00032798	0.00012532	0.00006037	0.00000668	0.00000341	0.00024303	0.00092670
G[C>A]T	0.00569897	0.01110607	0.00886568	0.02070354	0.00000000	0.00002994	0.00315271	0.00031364	0.00000000	0.08138141	0.00000000	0.01065216	0.00002891	0.00016906	0.00006066	0.00011626	0.00038183	0.00362041
G[C>G]A	0.00525393	0.02043497	0.00110439	0.00620158	0.00001160	0.00012406	0.00119607	0.00006144	0.00004839	0.00038274	0.00000895	0.00080127	0.00114144	0.00127381	0.00008854	0.00033140	0.00209883	0.00182346
G[C>G]C	0.00608416	0.01361701	0.00491201	0.00679716	0.00000627	0.00068533	0.00181651	0.00004166	0.00010786	0.00058309	0.00030389	0.00204023	0.00140688	0.00036826	0.00062817	0.00012682	0.00269754	0.00319236
G[C>G]G	0.00203692	0.00348786	0.00052324	0.00394741	0.00000974	0.00022622	0.00020559	0.00004290	0.00000912	0.00034824	0.00034217	0.00027358	0.00011328	0.00025634	0.00018269	0.00067483	0.00044308	0.00030637
G[C>G]T	0.00855010	0.02364742	0.00300808	0.00295874	0.00000320	0.00027323	0.00310499	0.00000403	0.00018417	0.00094280	0.00024465	0.00238146	0.00073706	0.00274651	0.00121550	0.00108699	0.00311098	0.00311410
G[C>T]A	0.02741573	0.02074831	0.01371871	0.00294533	0.00004828	0.00394188	0.00815885	0.00024759	0.00006957	0.00673533	0.00018274	0.08575163	0.00252739	0.00772636	0.00011496	0.00075318	0.00421256	0.00655740
G[C>T]C	0.03188533	0.01468099	0.00897575	0.00323003	0.01308155	0.00039957	0.00650295	0.00011013	0.00145742	0.00472689	0.02853508	0.07478863	0.00006913	0.00021052	0.00076215	0.00260822	0.00435902	0.00899831
G[C>T]G	0.01228914	0.00000000	0.00000000	0.00000000	0.00000027	0.21415268	0.00429262	0.00652871	0.00000938	0.01597927	0.00000000	0.05646100	0.00159484	0.00180684	0.00000000	0.00003459	0.00316411	0.01682694
G[C>T]T	0.02490067	0.00994427	0.01515949	0.00264837	0.02292815	0.00062843	0.00432327	0.00000368	0.00030879	0.00278620	0.00422207	0.06657462	0.00093907	0.00185589	0.00163084	0.03965661	0.00457863	0.00539536
G[T>A]A	0.00376612	0.00656176	0.00144483	0.00532658	0.00039837	0.00005983	0.00195879	0.00013786	0.00035878	0.00101615	0.00030523	0.00177341	0.00012453	0.00000169	0.00166285	0.00000881	0.04031637	0.00127909
G[T>A]C	0.00244154	0.01075187	0.00171996	0.00247743	0.00023273	0.00003281	0.00178342	0.00027210	0.00013583	0.00207224	0.00009990	0.00268160	0.00294606	0.00023216	0.00256693	0.00030458	0.01071578	0.00133251
G[T>A]G	0.00315711	0.01485320	0.00105980	0.01253168	0.00024497	0.00011737	0.00195182	0.00019661	0.00017344	0.00041204	0.00045810	0.00294544	0.00059518	0.00008140	0.00003960	0.00119076	0.02850538	0.00086831
G[T>A]T	0.00107947	0.01631862	0.00178132	0.00522024	0.00036601	0.00020585	0.00084747	0.00151525	0.00015094	0.00273875	0.00008575	0.00350766	0.00508541	0.00060039	0.02094086	0.00778107	0.00637289	0.00116487
G[T>C]A	0.00954450	0.00874755	0.00411899	0.00252191	0.00005870	0.00050145	0.05415062	0.00003496	0.00011832	0.00018244	0.00002853	0.02443781	0.00029536	0.00013730	0.00003010	0.00085494	0.00408306	0.00104580
G[T>C]C	0.00785686	0.00593471	0.00513184	0.00045694	0.00008272	0.00206882	0.02319915	0.00092726	0.00007136	0.00283192	0.00000597	0.00149917	0.01420656	0.00026085	0.00018537	0.00194287	0.00373283	0.00092681
G[T>C]G	0.01759604	0.01192302	0.00248342	0.00181732	0.00003075	0.00137167	0.03464320	0.00118461	0.00011637	0.00513969	0.00039421	0.01889458	0.00368498	0.00029206	0.00025608	0.00258925	0.00345457	0.00138435
G[T>C]T	0.00599733	0.00154954	0.00291881	0.00002251	0.00068852	0.00002367	0.02169152	0.00062089	0.00030245	0.00197997	0.00651229	0.00744940	0.00463547	0.00000000	0.00563737	0.27494852	0.00141289	0.00188294
G[T>G]A	0.00275692	0.00714490	0.00226990	0.00022072	0.00007992	0.00019291	0.00193705	0.00036431	0.00011963	0.00088085	0.00022169	0.00047937	0.00072944	0.00001464	0.00238451	0.00027049	0.00239672	0.00110738
G[T>G]C	0.00230737	0.00332073	0.00344562	0.00006588	0.00011169	0.00007535	0.00072991	0.00584609	0.00010886	0.00011841	0.00036347	0.00028102	0.00029498	0.00009105	0.00132220	0.00008793	0.00098626	0.00032734
G[T>G]G	0.00559843	0.01721269	0.00100103	0.00191001	0.00018335	0.00037952	0.00198270	0.00142127	0.00024333	0.00691255	0.00276304	0.00126831	0.00079601	0.00090395	0.00583323	0.00415345	0.00221532	0.00262540
G[T>G]T	0.00000422	0.00571597	0.00192382	0.00002419	0.00104575	0.00019796	0.00007569	0.11999188	0.00005152	0.00094266	0.00188570	0.00282931	0.00613490	0.00013811	0.00639245	0.00642239	0.00012391	0.00109837
T[C>A]A	0.00045040	0.00118760	0.04195346	0.04197292	0.00024869	0.00000000	0.00217411	0.00005037	0.00064421	0.08549600	0.00224838	0.00115508	0.00026968	0.07730504	0.00144639	0.01019584	0.00368662	0.00136863
T[C>A]C	0.00614529	0.01670971	0.02649091	0.05295784	0.00044278	0.00257503	0.00190489	0.00015561	0.00019010	0.04840448	0.00323432	0.00229660	0.00060894	0.03122894	0.01316594	0.00805544	0.00127906	0.00004256
T[C>A]G	0.00368324	0.00008313	0.00366825	0.01249155	0.00000401	0.00043813	0.00033571	0.00005017	0.00001428	0.01522275	0.00013122	0.00004663	0.00012494	0.01101245	0.00000423	0.00012401	0.00028284	0.00000996
T[C>A]T	0.00740143	0.00384647	0.03021063	0.03761835	0.00040720	0.00155827	0.00128095	0.00270135	0.00114548	0.15638421	0.00072177	0.01829302	0.00072959	0.03575766	0.00348362	0.00073921	0.00780582	0.00371101
T[C>G]A	0.00179122	0.01397027	0.00037870	0.00139393	0.00000000	0.00007159	0.00982273	0.00012415	0.00003145	0.00155045	0.00004730	0.00124405	0.00310912	0.29977484	0.00092436	0.00346778	0.00572175	0.00192887
T[C>G]C	0.00453419	0.03005215	0.01326816	0.00548706	0.00000010	0.00057857	0.00623035	0.00001298	0.00003449	0.00331315	0.00143233	0.00120379	0.00069670	0.06606563	0.00427530	0.00027355	0.00170119	0.00666297
T[C>G]G	0.00261540	0.00008270	0.00227905	0.00225062	0.00000000	0.00004077	0.00112728	0.00001549	0.00006677	0.00107286	0.00023378	0.00031322	0.00049589	0.01423172	0.00000000	0.00102527	0.00016621	0.00011044
T[C>G]T	0.00292505	0.02616934	0.01222390	0.00050971	0.00043324	0.00223991	0.02010696	0.00133681	0.00002875	0.00015835	0.00003806	0.00238975	0.00037927	0.38973106	0.01227386	0.00002787	0.00370428	0.00548099
T[C>T]A	0.00184946	0.00008264	0.03769394	0.00238030	0.13843118	0.00147536	0.01516829	0.00001114	0.57593091	0.00750057	0.00017549	0.00083294	0.00019901	0.00190623	0.01607657	0.00009144	0.00430016	0.00104605
T[C>T]C	0.00000000	0.00107297	0.01621063	0.00663435	0.45259404	0.00001429	0.01025401	0.00006830	0.07182911	0.00003297	0.15966172	0.00001946	0.00000000	0.00271404	0.01462766	0.08682762	0.00314350	0.00038286
T[C>T]G	0.02197905	0.00000000	0.00000000	0.00000000	0.09416325	0.10062413	0.00180510	0.00327071	0.04421138	0.01225859	0.05586628	0.00098142	0.00054972	0.00084880	0.00000000	0.00618649	0.00136322	0.00340426
T[C>T]T	0.00723181	0.00167105	0.02453781	0.00690486	0.02971077	0.00001553	0.05505968	0.00031852	0.27855249	0.00001689	0.11566337	0.00285382	0.00137379	0.00127680	0.00020013	0.03992364	0.01436977	0.00618762
T[T>A]A	0.00223344	0.00033698	0.00477044	0.00156007	0.00015357	0.00749767	0.01115097	0.00073290	0.00001307	0.01042475	0.00217383	0.00596227	0.00063286	0.00038068	0.02117665	0.01354258	0.05982489	0.07564817
T[T>A]C	0.00047291	0.01060802	0.01331371	0.00133766	0.00024244	0.00010208	0.00676788	0.00024342	0.00019008	0.00162809	0.00203576	0.00000714	0.00533784	0.00053857	0.03719430	0.00105392	0.02268521	0.00584642
T[T>A]G	0.00592051	0.00336391	0.00622496	0.00581371	0.00000000	0.00036137	0.00310229	0.00001556	0.00000289	0.00062648	0.00137017	0.00076697	0.00137752	0.00008054	0.01354770	0.00448603	0.04167624	0.00481255
T[T>A]T	0.00117118	0.00046727	0.02009257	0.00350083	0.00033580	0.00193447	0.00502162	0.00134343	0.00142045	0.00126866	0.00007748	0.01244239	0.00241997	0.00009395	0.26645987	0.02573510	0.01487910	0.00414413
T[T>C]A	0.00816200	0.01107598	0.00251614	0.00081305	0.00235168	0.00025338	0.06849180	0.00066881	0.00037254	0.00010012	0.00497400	0.02097797	0.00092339	0.00000191	0.03712139	0.06620348	0.00713651	0.02932122
T[T>C]C	0.00413670	0.00761091	0.00556115	0.00000298	0.00064922	0.00464723	0.03672482	0.00095187	0.00000112	0.00543480	0.00143349	0.01061799	0.01426004	0.00015979	0.02487878	0.01214006	0.00015622	0.01135751
T[T>C]G	0.01244965	0.00464382	0.00343562	0.00103839	0.00005591	0.00050578	0.03367553	0.00107700	0.00002759	0.00275603	0.00383539	0.01791652	0.00197690	0.00000047	0.01501310	0.02099516	0.00352422	0.01278494
T[T>C]T	0.01533192	0.00892584	0.00000006	0.00006021	0.00087628	0.00544884	0.05059931	0.00044478	0.00023700	0.00042178	0.00314745	0.03188716	0.01937780	0.00040161	0.09233589	0.03326393	0.00029972	0.01164758
T[T>G]A	0.00439036	0.00877275	0.00773943	0.00001530	0.00013293	0.00012713	0.00526512	0.00000000	0.00005057	0.00001719	0.00041306	0.00001433	0.00000000	0.00022660	0.02215419	0.00011246	0.00240680	0.05694828
T[T>G]C	0.00679378	0.00720897	0.01799891	0.00000036	0.00002388	0.00064590	0.00432849	0.00874942	0.00015111	0.00116585	0.00120084	0.00064347	0.00002578	0.00009474	0.01711076	0.00066432	0.00093962	0.03386360
T[T>G]G	0.00877466	0.01210783	0.01130584	0.00184219	0.00000154	0.00075934	0.00355817	0.00442388	0.00007015	0.00085771	0.00085484	0.00232906	0.00159675	0.00000000	0.00864320	0.00053784	0.00475032	0.02118393
T[T>G]T	0.00148053	0.00757326	0.01288451	0.00019452	0.00002192	0.00076428	0.00722421	0.11896450	0.00019094	0.00042347	0.00021880	0.00811602	0.00576527	0.00000000	0.01624854	0.00064238	0.00026749	0.35841228
