MutationsType	ID83A	ID83B	ID83C	ID83D	ID83E	ID83F	ID83G	ID83H	ID83I	ID83J
1:Del:C:0	0.00217991	0.00000000	0.00303458	0.00276897	0.03025447	0.08603006	0.02366694	0.37592823	0.01216467	0.00303747
1:Del:C:1	0.00000000	0.00000829	0.00288279	0.00554524	0.01985343	0.23000814	0.00153392	0.09596263	0.00069140	0.00006081
1:Del:C:2	0.00000000	0.00000000	0.00324183	0.00862462	0.00009789	0.20953395	0.00378625	0.00000000	0.00140685	0.00000000
1:Del:C:3	0.00208313	0.00184889	0.00879448	0.00608965	0.00478915	0.07460777	0.00003170	0.01040474	0.00095987	0.00053058
1:Del:C:4	0.00332116	0.00049789	0.00544530	0.00033154	0.00028973	0.04365269	0.00167271	0.01434928	0.00225741	0.00131264
1:Del:C:5	0.01405790	0.00197699	0.01745318	0.00023443	0.00026934	0.02587298	0.00097467	0.00035072	0.00267583	0.00358797
1:Del:T:0	0.00507203	0.00085531	0.10733241	0.08240064	0.03452634	0.02510925	0.00046592	0.11798237	0.00459265	0.01605810
1:Del:T:1	0.00000000	0.00000001	0.00431441	0.34419345	0.01098668	0.00319070	0.00002090	0.00843850	0.01107561	0.00000134
1:Del:T:2	0.00596146	0.00003768	0.12072266	0.08449125	0.00450773	0.00380261	0.00800482	0.08969344	0.00118658	0.00559702
1:Del:T:3	0.01693845	0.00116936	0.10986498	0.08142690	0.00301984	0.00388108	0.01974318	0.11569065	0.00492864	0.01298478
1:Del:T:4	0.03808938	0.00243806	0.13769062	0.02691559	0.00064366	0.00306535	0.01404511	0.10553246	0.00416366	0.01041258
1:Del:T:5	0.84525976	0.00027606	0.01595003	0.00253717	0.00013744	0.00060068	0.00014910	0.01018644	0.00051383	0.06583879
1:Ins:C:0	0.00000001	0.00000001	0.00000003	0.00000015	0.00000014	0.00000013	0.00000001	0.00000024	0.00000009	0.52709364
1:Ins:C:1	0.00018190	0.00000738	0.00636345	0.00423681	0.00203923	0.00554098	0.00141109	0.00000000	0.00004303	0.01411951
1:Ins:C:2	0.00000394	0.00000011	0.00493597	0.00424067	0.00167500	0.00397528	0.00001236	0.00000284	0.00004660	0.00042979
1:Ins:C:3	0.00036845	0.00074538	0.00146253	0.00052175	0.00018851	0.00864927	0.00000005	0.00000615	0.00062388	0.00073562
1:Ins:C:4	0.00255021	0.00126191	0.00458026	0.00000391	0.00043201	0.00810296	0.00026491	0.00007500	0.00012671	0.00072471
1:Ins:C:5	0.00698074	0.02053836	0.03406505	0.00001865	0.00192558	0.00800505	0.00001155	0.00008374	0.00128401	0.00253879
1:Ins:T:0	0.00097014	0.00226265	0.00248748	0.01989573	0.00372528	0.01683553	0.00627762	0.01425429	0.00480388	0.03796668
1:Ins:T:1	0.00000000	0.00000001	0.00700586	0.01374306	0.00479775	0.06632626	0.00021893	0.00396816	0.00019251	0.00290311
1:Ins:T:2	0.00042717	0.00000780	0.02749393	0.02092298	0.00023192	0.05571024	0.00000000	0.00000000	0.00005876	0.00127458
1:Ins:T:3	0.00088855	0.00341642	0.02216325	0.01954494	0.00069722	0.03161779	0.00002496	0.00007126	0.00031037	0.00027155
1:Ins:T:4	0.00289514	0.01432101	0.02581475	0.01352971	0.00349766	0.00828089	0.00042423	0.00202694	0.00124294	0.00484990
1:Ins:T:5	0.00270746	0.91654500	0.06103361	0.00118290	0.00535058	0.00254573	0.00716898	0.00396684	0.00164323	0.17201450
2:Del:R:0	0.00004097	0.00014855	0.01359322	0.02731352	0.00772832	0.00891325	0.00010777	0.01242761	0.09157971	0.00066190
2:Del:R:1	0.00270859	0.00011091	0.01483457	0.01050616	0.00740029	0.01211751	0.00034212	0.00038564	0.20266333	0.00608588
2:Del:R:2	0.00162644	0.00039797	0.00279526	0.00211159	0.00003450	0.01326485	0.00159582	0.00001011	0.04574808	0.00221372
2:Del:R:3	0.00092271	0.00013545	0.00027933	0.00000000	0.00000805	0.00611068	0.00038795	0.00000803	0.01024947	0.00011146
2:Del:R:4	0.00091215	0.00000889	0.00073706	0.00018259	0.00020417	0.00326338	0.00010096	0.00019165	0.00335803	0.00031271
2:Del:R:5	0.00000000	0.00000000	0.01499684	0.02072703	0.00009760	0.00066777	0.00000245	0.00003681	0.00112083	0.00000000
3:Del:R:0	0.00000033	0.00001685	0.00963742	0.01701836	0.01427795	0.00187166	0.00089292	0.00076860	0.00471963	0.00142630
3:Del:R:1	0.00376644	0.00364576	0.01376817	0.00014765	0.00106276	0.00000713	0.00392445	0.00101152	0.10283783	0.00452586
3:Del:R:2	0.00190325	0.00052286	0.00301706	0.00040315	0.00016822	0.00000160	0.00046330	0.00052275	0.01451976	0.00153071
3:Del:R:3	0.00041642	0.00026707	0.00151525	0.00019892	0.00029472	0.00003683	0.00011387	0.00022200	0.00375436	0.00032434
3:Del:R:4	0.00000000	0.00000001	0.00435103	0.00476342	0.00002030	0.00001592	0.00000001	0.00000000	0.00045022	0.00000251
3:Del:R:5	0.00000000	0.00000001	0.00681853	0.00707231	0.00001639	0.00034117	0.00003905	0.00000438	0.00029404	0.00003188
4:Del:R:0	0.00000201	0.00004616	0.00420992	0.01305997	0.00769485	0.00060841	0.00234829	0.00039824	0.00608938	0.00027160
4:Del:R:1	0.00173082	0.00043894	0.00354214	0.00006405	0.00035469	0.00099783	0.00244138	0.00239015	0.05679400	0.00032411
4:Del:R:2	0.00047938	0.00000000	0.00009164	0.00000714	0.00000039	0.00000000	0.00051683	0.00004077	0.01068814	0.00047561
4:Del:R:3	0.00000000	0.00000000	0.00209029	0.00356723	0.00001468	0.00010036	0.00011942	0.00000172	0.00386840	0.00001740
4:Del:R:4	0.00000000	0.00000003	0.00362112	0.00374848	0.00010773	0.00013563	0.00001006	0.00000000	0.00016235	0.00000000
4:Del:R:5	0.00014580	0.00002243	0.00153834	0.00114462	0.00000451	0.00007031	0.00008750	0.00000000	0.00068694	0.00003300
5:Del:R:0	0.00000000	0.00000000	0.00345257	0.01887532	0.30111173	0.00101232	0.01446602	0.00004857	0.00202483	0.00085813
5:Del:R:1	0.00323333	0.00000074	0.00042594	0.00046943	0.00000463	0.00000000	0.00735971	0.00024231	0.01210256	0.00029566
5:Del:R:2	0.00041107	0.00008932	0.00052048	0.00024106	0.00030127	0.00002575	0.00042369	0.00005131	0.00289854	0.00001426
5:Del:R:3	0.00011582	0.00000236	0.00045455	0.00010878	0.00000040	0.00001991	0.00018843	0.00008403	0.00093921	0.00007752
5:Del:R:4	0.00005980	0.00000169	0.00024313	0.00002627	0.00001186	0.00003334	0.00009077	0.00005656	0.00015391	0.00001495
5:Del:R:5	0.00002394	0.00001616	0.00045078	0.00071413	0.00000649	0.00000430	0.00000000	0.00003013	0.00012069	0.00000316
2:Ins:R:0	0.00018542	0.00055180	0.00415532	0.00975890	0.00190601	0.00225408	0.00198312	0.00080595	0.00102562	0.02560755
2:Ins:R:1	0.00023168	0.00000272	0.01576199	0.01508598	0.00136189	0.00327566	0.00009547	0.00084165	0.00024162	0.00000000
2:Ins:R:2	0.00089466	0.00021044	0.00761452	0.00526568	0.00027702	0.00143132	0.00038224	0.00033421	0.00006911	0.00109623
2:Ins:R:3	0.00038739	0.00041397	0.00199920	0.00107007	0.00045930	0.00083318	0.00033037	0.00042330	0.00029599	0.00092007
2:Ins:R:4	0.00192202	0.00236444	0.00479455	0.00000639	0.00066371	0.00021533	0.00005905	0.00009144	0.00021780	0.00358781
2:Ins:R:5	0.01358029	0.01450154	0.04243170	0.00041465	0.00611187	0.00000000	0.00003384	0.00015754	0.00139815	0.00021332
3:Ins:R:0	0.00000011	0.00004609	0.00308025	0.00329424	0.00037046	0.00026388	0.00101412	0.00042675	0.00012262	0.00791329
3:Ins:R:1	0.00095442	0.00034049	0.00636347	0.00614258	0.00046058	0.00032378	0.00005098	0.00053727	0.00036287	0.00301487
3:Ins:R:2	0.00015695	0.00003678	0.00136483	0.00105055	0.00001327	0.00014062	0.00082671	0.00000428	0.00107578	0.00029326
3:Ins:R:3	0.00000647	0.00014009	0.00007030	0.00004164	0.00004402	0.00000377	0.00030379	0.00003604	0.00000531	0.00029934
3:Ins:R:4	0.00010796	0.00009561	0.00026634	0.00000270	0.00011058	0.00001806	0.00015088	0.00004573	0.00012412	0.00086861
3:Ins:R:5	0.00202485	0.00099784	0.00311080	0.00000262	0.00019249	0.00000366	0.00000000	0.00000526	0.00005318	0.00198467
4:Ins:R:0	0.00000592	0.00000001	0.00107951	0.00321401	0.00070741	0.00010780	0.00169757	0.00000857	0.00033394	0.00517524
4:Ins:R:1	0.00102450	0.00058787	0.00524123	0.00479538	0.00089415	0.00001143	0.00068500	0.00106512	0.00168031	0.00184276
4:Ins:R:2	0.00000000	0.00003781	0.00021367	0.00029551	0.00016231	0.00016497	0.00041334	0.00001654	0.00003746	0.00006984
4:Ins:R:3	0.00023636	0.00006283	0.00010104	0.00000006	0.00000031	0.00000000	0.00040159	0.00000386	0.00009595	0.00077689
4:Ins:R:4	0.00013926	0.00037972	0.00039969	0.00001984	0.00014157	0.00000054	0.00000462	0.00015867	0.00025684	0.00140957
4:Ins:R:5	0.00205245	0.00077568	0.00362905	0.00078655	0.00116548	0.00000755	0.00003896	0.00001547	0.00014313	0.00013562
5:Ins:R:0	0.00000000	0.00000002	0.00327997	0.00455686	0.00001131	0.00006265	0.00872089	0.00000430	0.00004984	0.00270285
5:Ins:R:1	0.00003674	0.00175741	0.00134456	0.01059151	0.01138112	0.00029129	0.00580024	0.00100893	0.00242049	0.02433000
5:Ins:R:2	0.00000381	0.00022851	0.00039833	0.00028776	0.00004898	0.00000668	0.00132518	0.00000721	0.00003858	0.00050972
5:Ins:R:3	0.00007389	0.00021992	0.00052066	0.00008437	0.00005910	0.00006875	0.00007204	0.00013414	0.00002032	0.00009280
5:Ins:R:4	0.00000246	0.00019308	0.00029280	0.00009211	0.00005850	0.00001488	0.00002798	0.00012532	0.00000000	0.00001696
5:Ins:R:5	0.00006325	0.00017422	0.00073399	0.00046593	0.00041149	0.00006212	0.00000362	0.00000734	0.00001123	0.00000000
2:Del:M:1	0.00000712	0.00004650	0.01493509	0.01676696	0.00026216	0.01004993	0.00000970	0.00009979	0.20952305	0.00241646
3:Del:M:1	0.00000000	0.00000140	0.00462462	0.01605952	0.01216756	0.00182776	0.00091909	0.00082359	0.00606992	0.00138849
3:Del:M:2	0.00227047	0.00134550	0.01207773	0.00460856	0.00318244	0.00060163	0.00388173	0.00028522	0.04277819	0.00330737
4:Del:M:1	0.00004336	0.00002530	0.00703676	0.00671050	0.00546042	0.00027566	0.00253804	0.00176613	0.01216587	0.00004488
4:Del:M:2	0.00046728	0.00005222	0.00449845	0.00281316	0.00071191	0.00035311	0.00954851	0.00152687	0.03138419	0.00061267
4:Del:M:3	0.00048309	0.00000359	0.00199272	0.00054644	0.00004983	0.00000326	0.00483359	0.00131589	0.04875819	0.00157282
5:Del:M:1	0.00052834	0.00000145	0.00025301	0.00190731	0.34009370	0.00009508	0.06868319	0.00000001	0.00009941	0.00162840
5:Del:M:2	0.00000000	0.00000002	0.00056844	0.00269243	0.11424962	0.00109507	0.26909977	0.00000004	0.00000112	0.00153503
5:Del:M:3	0.00000000	0.00000000	0.00223788	0.00178659	0.02083731	0.00059032	0.24163850	0.00000876	0.00021382	0.00005813
5:Del:M:4	0.00036162	0.00000000	0.00055871	0.00006336	0.00007116	0.00098098	0.13697349	0.00000098	0.00336255	0.00000498
5:Del:M:5	0.00231177	0.00031845	0.00185076	0.00284739	0.00103790	0.00000000	0.11152012	0.00000000	0.00074622	0.00061240
