10403 624 -1518196675 1300386266 22912403
1988797880 -1658254247 -69703610 299699727 -1781922556
973813813 1158394738 -1779598261 -1698212080 1746700241
1502568286 1594172487 2117904348 -755722451 -256419830
1783890435 1801634664 -982859191 1151617398 -1732259457
-524470860 -923654875 1525653410 -1667232069 -1683600704
1622514625 1175946894 -650512969 -627372404 -59522531
-877991366 -1342406029 1111969048 -15010759 -1690995034
2004644079 1901171300 1965379093 32217042 405814571
250030704 -692802639 -954828354 183247655 -536338116
-244406003 -1656747926 891166435 798180040 -703028695
1411313622 -557192097 -1793975532 1710469893 -1220371454
-1102772325 -431688160 -606554207 -981518098 -709710697
-546381844 1830046717 -1390824806 -1639983277 -832461704
-570242023 -1196182266 -1122024497 1279905732 -1502850059
418884658 1044737547 -767906352 27312017 923059230
283415047 -1267053924 106146541 -73733942 1101573059
-796036568 -1573359095 923190838 783513407 -100421516
358494437 365807714 -1319604101 -234663552 1229702017
1310333774 -107424905 1972724044 534496733 1910942458
-1755341773 -1364087848 -1780968455 -1846860954 -310540625
336248100 1431849429 491253906 174395115 -2087067344
332972913 -1443742082 -1566150425 602612732 -669279027
299890986 -1456756573 1479102856 63058409 284413078
-1053527521 -756419116 -1129734459 1336485058 -2045621925
-1816568608 302432097 -2038420050 1688496727 1533448876
-113102915 640275290 -2104241901 -485530824 -23835687
-1334591034 -280020593 -504604028 1163997109 -1376492302
449257419 -1378040688 877967185 -327751458 1307164615
45264220 -381780307 1915173258 -1595992701 1010753768
1353572809 1367212790 -1425744641 253553460 2102262949
1240248610 -391474629 -1942022080 -1694389439 -515280882
-1836224201 -80055284 -1715500643 1643850682 1662285299
-682440040 1814950841 -370831322 -2058593169 -79255580
1979647381 1981090130 -1448894293 -941926416 -2045994191
-1758805186 -60391769 -785848644 2016694413 982034922
2046489187 1587945544 1525907881 -1271043754 -589514785
-906719084 -1262269819 -172987006 559500059 -2006154336
1161070369 -1660034450 1527506967 1802044780 1573639037
1232253978 1478068947 1666441720 -1365406823 1608027782
1311567695 -781081276 581553013 750902706 -1926065781
879598416 670592785 245747102 -204165753 -1146761188
2138378861 354175562 -1581826237 221712296 1888162185
1086980022 594805439 1254680052 -58619803 1342986722
341210107 555327232 1838633729 -999979826 -237515017
1850361548 1574899037 -1935119238 -1663365197 -890590888
299570041 2145696998 -995560913 29708964 -1025932971
-1793924590 934015595 1114345136 890254065 -2088761346
-705934233 -1702794884 -1250376627 939137706 -1588855773
29994760 1533841769 1253819926 662879647 82963284
704689733 1645770306 1104809179 -618763680 1830948577
770201390 -425122345 1916155948 1852913469 1739871450
-2003762029 -1108401992 1574865753 60955462 1064854799
1436135428 168175413 2116032114 -1220033717 749548048
-1001658671 -229543330 -1603970233 -233590052 -1934137811
1698306826 502343939 1647705704 1636827465 1907014774
1841358975 -1748524876 1320735781 1089258146 -971237957
659744192 -1731413311 2083412366 624422071 -1853564532
536498461 -1565627078 -1905038989 1480149016 -694160583
-257381978 -246200337 -1035551388 -408437483 -1023313198
-1237449685 436897136 -391935311 598871230 -1393042905
-223040452 866711565 -353088662 -656488989 -1068237368
1156407593 -1590762794 1457947487 -828242412 -1205739003
228671234 1498713755 1653543200 1099912865 500141038
-180608105 -1836176660 -1091413251 -1850821222 1035615827
564207480 1008159513 -1735366650 -386819377 1763998404
-2026487051 1255083826 2059842827 492538064 -1324409199
-1405495522 -1319384825 2025608604 -1798997523 -1556042806
-1353919805 435924264 1132245257 283130166 531336767
-1596384396 -273424411 -179442846 1337685883 -710218624
-1268653439 1298394702 -93468041 -408277940 1406227677
348990970 1100841779 234792664 -901999879 -1729014170
285957551 -1752504284 1344911573 144757650 -417737237
897072176 679912049 -327102082 -1085724697 209891068
1451551693 -197706710 -1703719005 -653980536 389411049
1146535830 -523761377 834986196 -1159279163 822790082
-1719087013 -1250002976 977034849 293830830 881123671
-1355752020 -1559281987 -1742612902 1632974867 2099895864
956811993 -614239034 811110543 -959314556 -436592971
-74528782 2037343947 1295556496 1442977361 287243230
1148712647 -497043364 -614511187 -806355830 -1349895037
-750248984 -166649655 187332086 -1896614913 -792897996
456305573 99603490 -1024157381 585216832 404146753
1019626254 -13014985 -1283834100 757340317 331656890
-2145821453 989513112 -1133448519 -1786854618 -376360081
-1672359196 673150101 783346770 1275029419 997503728
1014594097 313284158 178271655 -626298436 1103929229
-1266488086 533305699 1251793736 -1845083991 -2131534762
-85504289 -115704940 1309636997 -988475262 -197733861
715955872 -1897322975 1841575278 306405143 1792954476
780657277 198031130 -1658719789 2135514360 74451609
1222328710 -1150466481 -379432892 840022645 -1189134158
352442507 -1023117744 -622539247 -1245650786 930735239
-2118264036 1682235757 -1408758454 946431555 -321172824
420302985 222917302 -782624321 1379160308 -856344731
-879592222 -242779397 -977847808 -609521151 253056974
-2124757513 -139128372 -1615684515 -1873481862 -744032589
-303193000 1023218297 -1022300186 10799407 -1420067420
1531506773 -1108228846 648984939 -1832916560 742134257
-1963681026 1287455591 267318396 -650112179 1284988330
1654760227 -740595192 891179113 1673836822 -1694215009
-1352477100 1297868101 -2105534142 454988763 -656833184
928361953 1464969774 -1137206057 676758316 891045437
1030903770 1524657043 -1765827656 235932249 498585158
-269501425 194337540 926750261 1816164722 1866336843
1165954320 662128081 -287341218 673288775 1771486684
-214551251 -1203184118 598364163 -2055915160 204554313
-2080559242 -1130496129 268307380 -1061453019 1593173410
1832131771 887849152 -689972799 1225862286 -1903041609
1998234764 1597825053 993914938 -2046406541 -174636264
-1683951047 -1100489562 -1677320465 1600645220 -1788466155
-14459438 2028456747 1645863024 -1081185871 169451454
56594727 520959804 -1063303411 -1657500054 482045155
-209667896 1077813289 -1182083626 1994332767 -1621233388
1418465541 -502537726 -2147478117 -1765463008 -347998815
-1293164818 539073175 173635052 1250716157 1037023386
-1001347757 -229860744 -2052601319 1454971654 -207621681
673916356 -2126761483 -1112378830 1776548875 1533567952
-478577263 -784668130 1949237255 1823105180 200493293
896691914 185399747 2077616168 -281219063 -1677349834
-427842241 -1260747148 1917161189 -1730539934 -2017821061
-1489074304 -1586232959 796508494 -190922377 -1268058292
-545070115 -2059423494 -1594398157 -524836392 -400780807
-465335962 -1049283409 322376484 1110910933 -83511662
74095851 -1874684112 2117108081 81486974 1816649447
986069500
