MutationsType	ID83A	ID83B	ID83C	ID83D	ID83E	ID83F	ID83G	ID83H	ID83I	ID83J
1:Del:C:0	0.00217227	0.00000171	0.00294034	0.03197304	0.08795691	0.00450174	0.02313801	0.36921271	0.01245392	0.00339475
1:Del:C:1	0.00000000	0.00002302	0.00389075	0.02065755	0.23154201	0.00554946	0.00126365	0.09341881	0.00086596	0.00011520
1:Del:C:2	0.00000000	0.00000000	0.00431292	0.00023995	0.21041453	0.00833300	0.00378567	0.00000000	0.00157999	0.00000000
1:Del:C:3	0.00215821	0.00181622	0.00800739	0.00489174	0.07505969	0.00598752	0.00002780	0.01015176	0.00108576	0.00052659
1:Del:C:4	0.00328450	0.00050691	0.00438042	0.00031922	0.04409627	0.00090545	0.00164317	0.01425363	0.00222814	0.00133035
1:Del:C:5	0.01421788	0.00180289	0.01477388	0.00026509	0.02626396	0.00162529	0.00101412	0.00054871	0.00290751	0.00349940
1:Del:T:0	0.00547811	0.00088633	0.10619308	0.03564976	0.02425618	0.07404545	0.00044326	0.11774783	0.00511897	0.01623900
1:Del:T:1	0.00000000	0.00000001	0.00559905	0.01036085	0.00336357	0.38558588	0.00002784	0.00660405	0.00991196	0.00000228
1:Del:T:2	0.00633543	0.00007179	0.12070382	0.00574263	0.00354453	0.07222335	0.00820537	0.08931007	0.00201679	0.00533744
1:Del:T:3	0.01767811	0.00140261	0.10016002	0.00416559	0.00373429	0.07852833	0.01985496	0.11540628	0.00550131	0.01265262
1:Del:T:4	0.03981314	0.00266007	0.10969929	0.00111220	0.00316876	0.02972557	0.01427187	0.10599581	0.00700223	0.01002195
1:Del:T:5	0.84129969	0.00044473	0.01205516	0.00047028	0.00071668	0.00223702	0.00018000	0.00967818	0.00059500	0.05944964
1:Ins:C:0	0.00000000	0.00000001	0.00000004	0.00000012	0.00000013	0.00000005	0.00000002	0.00000024	0.00000010	0.52546566
1:Ins:C:1	0.00020395	0.00000791	0.00747583	0.00217849	0.00488942	0.00301243	0.00137675	0.00000000	0.00140460	0.01422733
1:Ins:C:2	0.00000490	0.00000533	0.00594088	0.00172658	0.00361279	0.00330764	0.00001261	0.00000249	0.00102021	0.00042165
1:Ins:C:3	0.00036513	0.00071279	0.00179337	0.00006641	0.00846146	0.00043058	0.00000000	0.00003271	0.00105594	0.00070719
1:Ins:C:4	0.00249141	0.00122826	0.00454691	0.00012675	0.00814750	0.00033297	0.00024844	0.00018837	0.00045298	0.00070077
1:Ins:C:5	0.00699377	0.01969331	0.03240011	0.00109397	0.00825225	0.00148987	0.00001702	0.00153901	0.00349920	0.00233518
1:Ins:T:0	0.00098346	0.00220059	0.00253539	0.00381461	0.01722834	0.02251722	0.00625309	0.01372852	0.00458466	0.03853879
1:Ins:T:1	0.00000000	0.00000043	0.00965838	0.00483707	0.06496823	0.01218250	0.00018316	0.00407689	0.00297133	0.00292633
1:Ins:T:2	0.00044624	0.00001059	0.03000299	0.00066255	0.05500888	0.01737579	0.00000000	0.00000750	0.00174539	0.00131043
1:Ins:T:3	0.00090006	0.00332439	0.02407512	0.00073610	0.03096936	0.01770162	0.00003781	0.00027358	0.00181925	0.00019753
1:Ins:T:4	0.00297904	0.01405043	0.02578621	0.00116339	0.00812057	0.01329793	0.00036607	0.00293073	0.00262324	0.00490049
1:Ins:T:5	0.00265611	0.91881511	0.07303847	0.00664312	0.00254683	0.00082054	0.00589082	0.00913491	0.00845737	0.16794542
2:Del:R:0	0.00002562	0.00012879	0.01551506	0.00796970	0.00876745	0.02658030	0.00009853	0.01212800	0.09009312	0.00181543
2:Del:R:1	0.00282340	0.00009176	0.01529202	0.00794029	0.01189149	0.01005943	0.00041294	0.00054091	0.19196296	0.00878994
2:Del:R:2	0.00160814	0.00044088	0.00255228	0.00007668	0.01327487	0.00238807	0.00160173	0.00006551	0.04448457	0.00279051
2:Del:R:3	0.00091536	0.00012660	0.00041930	0.00000849	0.00618961	0.00003898	0.00036742	0.00001676	0.01007862	0.00031335
2:Del:R:4	0.00087214	0.00000633	0.00077483	0.00021260	0.00325057	0.00020777	0.00010804	0.00017826	0.00328323	0.00032182
2:Del:R:5	0.00000000	0.00000000	0.01601818	0.00051263	0.00080099	0.01816055	0.00000099	0.00000000	0.00119989	0.00000000
3:Del:R:0	0.00001135	0.00002145	0.01296237	0.01429336	0.00159532	0.01345834	0.00076273	0.00105123	0.00459544	0.00155134
3:Del:R:1	0.00383824	0.00350507	0.01260995	0.00051341	0.00000591	0.00086423	0.00393600	0.00154978	0.10212279	0.00602592
3:Del:R:2	0.00192377	0.00049454	0.00248341	0.00016762	0.00000300	0.00078617	0.00049160	0.00063386	0.01387987	0.00173123
3:Del:R:3	0.00044732	0.00025623	0.00133929	0.00029224	0.00002875	0.00026827	0.00010874	0.00021036	0.00361673	0.00034651
3:Del:R:4	0.00000000	0.00000001	0.00456082	0.00011200	0.00004352	0.00422789	0.00000001	0.00000000	0.00053982	0.00000485
3:Del:R:5	0.00000000	0.00000001	0.00690672	0.00016161	0.00034236	0.00627740	0.00003219	0.00000000	0.00039071	0.00001394
4:Del:R:0	0.00000240	0.00003682	0.00775694	0.00754356	0.00031166	0.01019991	0.00233293	0.00043071	0.00580721	0.00023961
4:Del:R:1	0.00176037	0.00041693	0.00289215	0.00050413	0.00099892	0.00025098	0.00250536	0.00252350	0.05575309	0.00117760
4:Del:R:2	0.00046358	0.00000000	0.00005305	0.00000351	0.00000000	0.00002636	0.00050857	0.00002796	0.01070975	0.00060954
4:Del:R:3	0.00000000	0.00000000	0.00247001	0.00006636	0.00011890	0.00321527	0.00011844	0.00000002	0.00366622	0.00007342
4:Del:R:4	0.00000000	0.00000004	0.00338247	0.00021160	0.00021700	0.00373092	0.00001261	0.00000000	0.00014712	0.00000000
4:Del:R:5	0.00015640	0.00001956	0.00151476	0.00002066	0.00005179	0.00103755	0.00008188	0.00000126	0.00074359	0.00004470
5:Del:R:0	0.00000000	0.00000000	0.00469562	0.30068044	0.00101498	0.01762552	0.01338226	0.00017253	0.00213486	0.00076881
5:Del:R:1	0.00315976	0.00000000	0.00061275	0.00000719	0.00000000	0.00071599	0.00745161	0.00013310	0.01210746	0.00052434
5:Del:R:2	0.00039323	0.00008647	0.00050567	0.00032858	0.00001823	0.00028388	0.00042933	0.00007781	0.00268887	0.00004260
5:Del:R:3	0.00011478	0.00000961	0.00038070	0.00000498	0.00001945	0.00010549	0.00017963	0.00009428	0.00098998	0.00007723
5:Del:R:4	0.00008465	0.00000075	0.00016316	0.00000009	0.00003230	0.00003881	0.00007195	0.00008817	0.00010960	0.00001757
5:Del:R:5	0.00003953	0.00001108	0.00049361	0.00002484	0.00000583	0.00060206	0.00000000	0.00003865	0.00011914	0.00004708
2:Ins:R:0	0.00020527	0.00051458	0.00449767	0.00187705	0.00218778	0.00986442	0.00199414	0.00089262	0.00095691	0.02550946
2:Ins:R:1	0.00023758	0.00000626	0.01759366	0.00159313	0.00314098	0.01237600	0.00006965	0.00104910	0.00028567	0.00001289
2:Ins:R:2	0.00093399	0.00022654	0.00757203	0.00035081	0.00135516	0.00442063	0.00040003	0.00038488	0.00007768	0.00105169
2:Ins:R:3	0.00040325	0.00041697	0.00178178	0.00031463	0.00086006	0.00107894	0.00034741	0.00051811	0.00030529	0.00097105
2:Ins:R:4	0.00191702	0.00233313	0.00426989	0.00014834	0.00025135	0.00022000	0.00004686	0.00024662	0.00048651	0.00350556
2:Ins:R:5	0.01362003	0.01360304	0.04122242	0.00212144	0.00000079	0.00286000	0.00003349	0.00171404	0.00417053	0.00021982
3:Ins:R:0	0.00002351	0.00004053	0.00369503	0.00036704	0.00018447	0.00247914	0.00103880	0.00054828	0.00013781	0.00774741
3:Ins:R:1	0.00097602	0.00032503	0.00632662	0.00051750	0.00037692	0.00581494	0.00006756	0.00065284	0.00057487	0.00293824
3:Ins:R:2	0.00016505	0.00003228	0.00142442	0.00001637	0.00012627	0.00085891	0.00082412	0.00001309	0.00109231	0.00027658
3:Ins:R:3	0.00001696	0.00013758	0.00018644	0.00003365	0.00000424	0.00005718	0.00030053	0.00002590	0.00000624	0.00026925
3:Ins:R:4	0.00011878	0.00008872	0.00022421	0.00010467	0.00001989	0.00000047	0.00015185	0.00006177	0.00013104	0.00087891
3:Ins:R:5	0.00198846	0.00094804	0.00319862	0.00011766	0.00000707	0.00016566	0.00000000	0.00010393	0.00023797	0.00189155
4:Ins:R:0	0.00002266	0.00000060	0.00170700	0.00063551	0.00007640	0.00281356	0.00172662	0.00000136	0.00051442	0.00517176
4:Ins:R:1	0.00104495	0.00059387	0.00475402	0.00075069	0.00001057	0.00498394	0.00067294	0.00121939	0.00172649	0.00184847
4:Ins:R:2	0.00000155	0.00003807	0.00029385	0.00014619	0.00013368	0.00024347	0.00043378	0.00002751	0.00004127	0.00006135
4:Ins:R:3	0.00025228	0.00006163	0.00012298	0.00000003	0.00000225	0.00000000	0.00037341	0.00000366	0.00007084	0.00073369
4:Ins:R:4	0.00014895	0.00037461	0.00029062	0.00012850	0.00000022	0.00002308	0.00000477	0.00017272	0.00028713	0.00140767
4:Ins:R:5	0.00208427	0.00074366	0.00327227	0.00101536	0.00000681	0.00095918	0.00003966	0.00010111	0.00022078	0.00017025
5:Ins:R:0	0.00000000	0.00000002	0.00330545	0.00006551	0.00005895	0.00453002	0.00881423	0.00001900	0.00006234	0.00271291
5:Ins:R:1	0.00004807	0.00166772	0.00207316	0.01113127	0.00022951	0.01129711	0.00576214	0.00129954	0.00236122	0.02447342
5:Ins:R:2	0.00000938	0.00022801	0.00047607	0.00002698	0.00000327	0.00028145	0.00131565	0.00002428	0.00005876	0.00052804
5:Ins:R:3	0.00008628	0.00022689	0.00048795	0.00004117	0.00008258	0.00007551	0.00005889	0.00014996	0.00003982	0.00008429
5:Ins:R:4	0.00000677	0.00020313	0.00025737	0.00001971	0.00000935	0.00007164	0.00001792	0.00016349	0.00000299	0.00001803
5:Ins:R:5	0.00007351	0.00017879	0.00074518	0.00038166	0.00006359	0.00045046	0.00000501	0.00001064	0.00002885	0.00000000
2:Del:M:1	0.00001389	0.00005152	0.01661859	0.00067950	0.00993985	0.01606657	0.00003146	0.00018183	0.20250512	0.00508545
3:Del:M:1	0.00000037	0.00001340	0.00888892	0.01197910	0.00136233	0.01183951	0.00090110	0.00102330	0.00604887	0.00126423
3:Del:M:2	0.00228070	0.00128554	0.01153412	0.00328463	0.00066482	0.00436591	0.00390764	0.00032764	0.04182143	0.00396203
4:Del:M:1	0.00004980	0.00003510	0.00757457	0.00565502	0.00026014	0.00571145	0.00258460	0.00177281	0.01232953	0.00019026
4:Del:M:2	0.00049816	0.00004320	0.00469230	0.00087447	0.00029078	0.00250618	0.00962246	0.00153263	0.03009926	0.00103238
4:Del:M:3	0.00050833	0.00000125	0.00214955	0.00008946	0.00000222	0.00052427	0.00490502	0.00142959	0.04683762	0.00222079
5:Del:M:1	0.00051511	0.00000000	0.00154192	0.33875369	0.00008973	0.00230624	0.06753611	0.00003604	0.00018024	0.00177193
5:Del:M:2	0.00000000	0.00000002	0.00078801	0.11374365	0.00121048	0.00284705	0.27084143	0.00001788	0.00000704	0.00160799
5:Del:M:3	0.00000000	0.00000001	0.00205203	0.02140082	0.00067873	0.00139953	0.24324413	0.00001356	0.00037530	0.00004538
5:Del:M:4	0.00036839	0.00000016	0.00127546	0.00023726	0.00100277	0.00002712	0.13804130	0.00000103	0.00309381	0.00004614
5:Del:M:5	0.00227924	0.00026181	0.00678088	0.00084389	0.00000000	0.00361309	0.11064823	0.00005437	0.00069763	0.00071786
