10403 624 608822845 -1239713830 -1326511213
-560612424 -1809339815 1371729478 1299733519 -2111997180
736015925 651008370 484485707 853093648 -331160111
2098111838 -2004995513 -404562468 332125485 154795530
1398861827 -1596761752 -567222199 1221611382 844013439
-426890316 63251237 717948322 -1719747397 382574784
1418951105 -1324856178 2081850295 107922572 -1959100387
-159969222 2036658291 1182622488 864588345 -972882778
-1277247761 402655332 1087884309 -1371505198 1306159915
-628883344 -1339422287 1037615038 1208758567 -2123802820
1376053005 -726290838 1036127459 1542379720 -1743929303
904787414 987740767 1006506260 40218885 -965672446
-1483033189 -944288736 -2000317023 611516142 100022935
-2118281748 458885629 -2087135078 -50379437 -733824392
392129049 -102483194 -305622577 718489028 1266536949
-1453354446 237411339 -421362736 -404415087 1921649182
-986996729 -1156153188 1982392557 -1685877046 -983328317
-1185675224 -1260613623 -1745302474 550520127 529180276
-219205915 -573624734 1386552955 -1354717312 1187488129
1922097486 -87858825 467605324 -1121942563 -1650929414
-956954061 -608321064 1537487353 -352409242 -974269265
1743729444 -1823946795 1799542418 536689899 -1228097744
2121015665 -608533378 -241926425 2101500412 112188109
599498538 -1015179613 -2099583096 -829075479 1384698518
-589807585 344714196 2061081797 167611074 1792407387
1648472800 -1215193759 33158062 976615511 1395345580
352710077 277805402 2122399507 482769208 -1739658791
-487962682 -486111345 -1465134972 -1682920011 1392659186
-510243381 -1793418608 1521947985 100806366 452906439
1548018524 1175567533 -1082794102 759694211 -295995672
-80740407 -1791620874 1135586047 -900079308 2073885349
-267118814 1550139451 1636986432 1804609 88487438
393015 1375349260 -2088613987 882069946 -421993485
-1019944808 -514354759 2000623142 -943019409 -228516380
606962581 -877269166 1294585515 -1197199888 1606285617
1241057598 -350057305 -1737089860 851873421 1288327146
335208547 -1649559992 -861626455 -610767018 101615071
474777236 313608325 1093325698 797636891 436918688
1096639777 2064492654 -471108073 -291259540 621646205
-306324966 -550176557 1726019576 -961140327 -1986718586
-755876529 1986468676 674711925 1282786226 -118505589
1145139536 1819856145 -868805730 1740094343 506332700
-2025435027 902885450 -1529991869 -1633049176 1357590409
-314047050 -1330851649 297524212 -1718712731 -1168523294
-2004934149 -461179648 -1739640575 770198222 -643932937
-1417675572 -769668259 -1406758278 1657634227 195215192
1415754105 1199850214 1060454447 -1844066140 -549060779
1482278930 387981419 1187669168 1541378289 2102676990
-227124633 -2050711684 -1173814707 1889648810 687467043
1797735688 301707113 -572732394 -1404925025 -570433196
-1515408315 616094786 -1485194533 97697888 501804257
-1267851986 819377111 -1226379732 523302205 1810201306
-1998949741 559036088 307571033 715432262 592163599
-825940476 -1127111371 2121923698 1978855755 -1156118512
82461905 434681950 1226205511 328329436 -41507795
2136260874 95819523 -385969048 365829961 216973942
1032304255 -529492300 142856741 1432365218 1756545979
-1361953856 -417163071 1899437966 -1790149961 -349139060
1555631901 -1257073862 -2070685837 -2084086248 75862329
-124899418 1911395823 -506645660 1884437269 1508794578
2141205035 -2013308048 982575281 713839294 -2058360793
-1209146820 1077360141 1879175530 -1137003549 1778881480
-564494551 638970070 -2060168865 -1536820204 -812916731
761767170 1147288731 -61249760 83113121 -1831120402
246919575 -827006740 -1758455555 -1681532006 -1523471277
2061120888 -1427379943 -1025970682 -103618353 -1400508220
-448806667 -1848707790 979362571 -2141495600 -875856751
64429342 484103943 254839708 747812845 -591310390
-373309245 -1407565016 1771622153 552222518 -2147460033
-516419212 1144839653 -1712893598 1321215355 -146783616
-2074754943 334672974 13654135 -1815354804 -1760685347
-1072212998 1441526067 -1167934248 25178361 -417538970
1706273711 1011310116 1125267157 -650921582 1214907371
1661145648 -2087583631 -966715522 -512805401 1639048444
688990669 -341122518 1199390115 -653352312 830541545
1090766230 111400735 2050938580 -334574651 -1812517438
939818587 -1805726240 1849637985 -1156233554 726560599
416125868 -523567939 1310653530 502965779 1647899704
-2143655719 250739398 1011342991 -899056764 -314467147
-281760270 -403270453 -624003696 685536337 1589789150
12911815 -1547047332 1479183277 1322689162 -1431623037
-2034454040 738934473 368737270 -841563649 2127711284
-2005292635 548354594 1281836859 -1265825472 -945248191
450562318 -1444284873 -401476340 -1260464483 -34286406
-1600795917 -30090344 454201529 804276518 -532184721
-1136375580 -2092567915 -1628843438 -214067797 2123729136
2124601393 -2053989314 76825511 1976608700 -1739137651
1146917610 75597667 -1224969912 -886088023 2070307414
1716591839 709521812 385185669 1361540738 1948287003
614659232 -1853225951 -1847854226 -195367657 938542700
264347773 330358042 -1661640749 -2043776264 1107339417
-1951414394 -1872063409 -1557150140 -526960523 -1083496782
-529070453 -785363888 1138568209 -1083562338 -761990521
605950236 -2079449235 -1772833974 1647858755 -676994904
-52072823 -1730185034 1019930559 -469809420 -788908699
1115153122 862464251 -1653043200 -925151231 1253055950
-564571145 -356333620 -1444193699 1600853370 -296655693
1576909400 -520310663 -1345817114 1734940463 1015280548
481128021 869313298 -1042618517 1098301360 864251889
1558241534 -1400958617 -1492505988 1908953421 -1697184854
-318271197 -1030684664 723873385 -503464170 -1711529313
1061735508 738190149 498630466 -1435090469 -1008346272
1721011169 1005547566 -1751307561 -1897973460 -137100227
1027309018 -1948132973 1434104248 1610524761 1976718406
1543178767 1905840388 -1962896331 -349020302 1168193611
708895504 76391377 2056178526 806002759 -1561529380
1945989933 872121354 -366526973 -1114255512 1005018697
374945142 -1566782081 -75562572 -646020827 402738082
-1786590533 683857600 1605220289 674361998 -1411485257
1587436172 703831581 -1791355334 -1998668173 -1468180200
-1560375239 56976038 1087925487 1472618084 -1157060075
-525843502 -1241384661 -765020560 1777584049 17556926
1458544423 1746824508 1495631117 -807783318 -1160815901
2056015560 -1859961303 1099553750 1466230879 66709268
-957477115 1919567874 1288029083 1223131680 -1524706399
-1643141906 47523991 1079520236 750921725 -612442470
343937875 -19025800 167012377 -904290042 -994492465
811899844 2017308661 457857074 -113956341 1824537040
313383825 -1527762914 1994788359 -218720612 -1413970195
1753945290 -600315965 390889000 147918345 -1155026378
-1794346177 1880194164 499551461 2047571042 -998822789
-1926505088 601874305 -132085938 -533115017 -966480564
-1464360483 270653178 2046679091 1819523032 1893216249
-2021191834 1918206639 1758169380 -904419883 -1372545902
-1854747925 405105968 -1447829647 -422335874 1101393127
-338857988
