MutationsType	ID83A	ID83B	ID83C	ID83D	ID83E	ID83F	ID83G	ID83H	ID83I	ID83J
1:Del:C:0	0.00204781	0.00000000	0.00295380	0.00208063	0.03116449	0.08651950	0.02345947	0.37424662	0.01269417	0.00332463
1:Del:C:1	0.00000000	0.00001425	0.00238505	0.00524289	0.01986075	0.23028637	0.00146392	0.09682099	0.00086362	0.00012137
1:Del:C:2	0.00000000	0.00000000	0.00265542	0.00876824	0.00031529	0.20999757	0.00377427	0.00000000	0.00131308	0.00000000
1:Del:C:3	0.00211877	0.00178875	0.00818921	0.00637394	0.00508215	0.07488361	0.00002834	0.01038663	0.00084263	0.00054859
1:Del:C:4	0.00330477	0.00047932	0.00491274	0.00046179	0.00060315	0.04366190	0.00166829	0.01419544	0.00230860	0.00132902
1:Del:C:5	0.01425595	0.00188826	0.01585348	0.00087309	0.00088021	0.02591725	0.00099271	0.00029020	0.00267531	0.00341391
1:Del:T:0	0.00523233	0.00083354	0.10833630	0.08074659	0.03568455	0.02463932	0.00047450	0.11860283	0.00454987	0.01607205
1:Del:T:1	0.00000000	0.00000000	0.00261256	0.33754810	0.01415437	0.00382833	0.00003614	0.00609733	0.01176835	0.00000592
1:Del:T:2	0.00612190	0.00003797	0.12223929	0.08250744	0.00591902	0.00353466	0.00807259	0.08982750	0.00128022	0.00554094
1:Del:T:3	0.01696190	0.00122185	0.10888398	0.08001947	0.00546378	0.00355192	0.01944500	0.11560720	0.00528802	0.01271557
1:Del:T:4	0.03820643	0.00245636	0.13092123	0.02792796	0.00380109	0.00276345	0.01383015	0.10681548	0.00554995	0.01025689
1:Del:T:5	0.84446383	0.00020803	0.01526270	0.00259996	0.00063350	0.00066346	0.00018372	0.01115750	0.00055157	0.06307924
1:Ins:C:0	0.00000000	0.00000001	0.00000072	0.00000004	0.00000012	0.00000012	0.00000001	0.00000026	0.00000010	0.52798987
1:Ins:C:1	0.00020221	0.00000663	0.00642548	0.00405059	0.00210983	0.00567163	0.00141211	0.00000000	0.00002476	0.01429621
1:Ins:C:2	0.00000598	0.00000690	0.00509214	0.00431817	0.00167972	0.00396703	0.00001469	0.00001019	0.00003049	0.00047603
1:Ins:C:3	0.00036399	0.00070814	0.00184334	0.00059804	0.00012746	0.00864344	0.00000057	0.00000202	0.00068130	0.00072778
1:Ins:C:4	0.00251772	0.00115651	0.00520514	0.00029282	0.00033719	0.00813611	0.00024147	0.00005923	0.00022010	0.00075358
1:Ins:C:5	0.00699250	0.01977044	0.03571019	0.00376340	0.00309399	0.00804015	0.00001357	0.00002538	0.00214229	0.00221700
1:Ins:T:0	0.00095092	0.00223005	0.00259029	0.01934799	0.00379474	0.01697165	0.00635370	0.01426739	0.00468273	0.03852464
1:Ins:T:1	0.00000000	0.00000011	0.00732170	0.01413628	0.00481819	0.06637263	0.00025410	0.00403232	0.00024757	0.00290514
1:Ins:T:2	0.00042149	0.00000183	0.02858977	0.02040325	0.00067735	0.05559340	0.00000000	0.00000000	0.00004553	0.00136028
1:Ins:T:3	0.00088473	0.00332004	0.02354081	0.01928061	0.00096235	0.03158716	0.00003394	0.00005720	0.00051317	0.00027562
1:Ins:T:4	0.00291255	0.01405616	0.02817381	0.01461049	0.00187449	0.00814238	0.00047342	0.00177511	0.00127400	0.00494839
1:Ins:T:5	0.00277396	0.91956318	0.04620379	0.00370821	0.01393482	0.00211426	0.00637726	0.00458850	0.00649458	0.16985417
2:Del:R:0	0.00001831	0.00013391	0.01455927	0.02681360	0.00799478	0.00885824	0.00013868	0.01229144	0.09117406	0.00109980
2:Del:R:1	0.00274478	0.00008290	0.01576764	0.01076292	0.00770692	0.01209883	0.00043032	0.00051632	0.19602586	0.00690259
2:Del:R:2	0.00159668	0.00038326	0.00287327	0.00222703	0.00010254	0.01323596	0.00161160	0.00001397	0.04533734	0.00243966
2:Del:R:3	0.00094256	0.00013311	0.00034122	0.00002543	0.00000000	0.00615214	0.00037508	0.00000310	0.01020809	0.00018144
2:Del:R:4	0.00090937	0.00000649	0.00066819	0.00018617	0.00022715	0.00325070	0.00011299	0.00015801	0.00335215	0.00031879
2:Del:R:5	0.00000000	0.00000001	0.01391390	0.02174778	0.00043748	0.00082660	0.00000149	0.00000000	0.00096645	0.00000000
3:Del:R:0	0.00000821	0.00002214	0.01203492	0.01523139	0.01394828	0.00172184	0.00092081	0.00095432	0.00463927	0.00151842
3:Del:R:1	0.00377413	0.00350184	0.01448924	0.00106797	0.00101251	0.00001184	0.00381696	0.00090165	0.10387889	0.00495862
3:Del:R:2	0.00189382	0.00049277	0.00302224	0.00051714	0.00025750	0.00000172	0.00046246	0.00052331	0.01426792	0.00155505
3:Del:R:3	0.00044177	0.00024599	0.00152951	0.00024586	0.00028657	0.00004350	0.00012470	0.00021058	0.00374119	0.00036176
3:Del:R:4	0.00000000	0.00000001	0.00424328	0.00488800	0.00009654	0.00003708	0.00000001	0.00000000	0.00045616	0.00000554
3:Del:R:5	0.00000000	0.00000001	0.00629812	0.00732964	0.00023371	0.00039501	0.00004055	0.00000000	0.00026655	0.00002440
4:Del:R:0	0.00000205	0.00003867	0.00693329	0.01110815	0.00729422	0.00029494	0.00243351	0.00042835	0.00594558	0.00022345
4:Del:R:1	0.00170792	0.00041850	0.00343353	0.00020619	0.00057138	0.00105445	0.00241329	0.00240457	0.05631043	0.00063103
4:Del:R:2	0.00046482	0.00000000	0.00013091	0.00001330	0.00000684	0.00000000	0.00051605	0.00003292	0.01083762	0.00047955
4:Del:R:3	0.00000000	0.00000000	0.00242994	0.00347083	0.00005654	0.00010199	0.00011281	0.00000001	0.00367091	0.00003722
4:Del:R:4	0.00000000	0.00000004	0.00338604	0.00407184	0.00018638	0.00017125	0.00001013	0.00000000	0.00011390	0.00000000
4:Del:R:5	0.00014233	0.00002161	0.00160870	0.00111812	0.00003226	0.00008453	0.00008765	0.00000005	0.00070926	0.00003388
5:Del:R:0	0.00000000	0.00000000	0.00280323	0.02143358	0.29346435	0.00099432	0.01717929	0.00009147	0.00205917	0.00086239
5:Del:R:1	0.00318542	0.00000006	0.00045764	0.00043437	0.00005957	0.00000000	0.00730066	0.00020653	0.01239834	0.00040674
5:Del:R:2	0.00040591	0.00008613	0.00051013	0.00027357	0.00028449	0.00002942	0.00043938	0.00005211	0.00272920	0.00002126
5:Del:R:3	0.00011239	0.00000839	0.00040859	0.00011942	0.00001163	0.00002291	0.00017365	0.00008071	0.00096545	0.00007435
5:Del:R:4	0.00007929	0.00000051	0.00023513	0.00003179	0.00000053	0.00002663	0.00008495	0.00006396	0.00011370	0.00001089
5:Del:R:5	0.00004279	0.00000918	0.00048592	0.00065125	0.00001945	0.00000281	0.00000000	0.00003636	0.00011287	0.00005740
2:Ins:R:0	0.00019159	0.00052238	0.00447606	0.00943179	0.00203059	0.00224699	0.00198329	0.00081162	0.00098574	0.02556650
2:Ins:R:1	0.00022363	0.00000777	0.01703210	0.01438600	0.00158668	0.00317098	0.00008139	0.00080678	0.00023266	0.00000863
2:Ins:R:2	0.00091967	0.00018701	0.00764832	0.00523643	0.00033661	0.00136015	0.00038938	0.00035124	0.00004483	0.00116896
2:Ins:R:3	0.00039823	0.00040891	0.00206863	0.00105832	0.00037822	0.00084392	0.00033048	0.00042167	0.00027273	0.00096202
2:Ins:R:4	0.00193225	0.00232987	0.00468513	0.00042421	0.00042439	0.00021431	0.00005691	0.00006259	0.00026523	0.00353443
2:Ins:R:5	0.01367163	0.01364140	0.04710332	0.00390249	0.00349204	0.00000001	0.00003348	0.00004663	0.00230519	0.00011244
3:Ins:R:0	0.00001950	0.00003641	0.00366229	0.00282081	0.00039607	0.00020079	0.00101372	0.00052008	0.00010082	0.00774151
3:Ins:R:1	0.00097584	0.00030687	0.00659794	0.00602014	0.00056401	0.00036976	0.00004483	0.00050757	0.00050076	0.00293849
3:Ins:R:2	0.00015048	0.00004536	0.00150948	0.00098387	0.00002001	0.00014617	0.00082380	0.00000442	0.00106242	0.00023978
3:Ins:R:3	0.00001687	0.00014560	0.00015649	0.00006317	0.00003852	0.00000296	0.00030922	0.00002495	0.00000496	0.00024249
3:Ins:R:4	0.00010882	0.00009395	0.00025937	0.00001623	0.00009089	0.00001704	0.00015122	0.00005011	0.00012378	0.00085851
3:Ins:R:5	0.00204787	0.00098295	0.00325588	0.00024180	0.00024355	0.00000398	0.00000000	0.00000515	0.00013979	0.00197835
4:Ins:R:0	0.00002281	0.00000006	0.00160273	0.00283803	0.00070681	0.00005064	0.00167183	0.00000168	0.00043043	0.00506588
4:Ins:R:1	0.00102559	0.00056823	0.00508538	0.00480336	0.00092644	0.00000968	0.00068933	0.00111641	0.00166520	0.00182510
4:Ins:R:2	0.00000147	0.00003721	0.00025890	0.00028308	0.00015221	0.00015057	0.00043373	0.00001760	0.00004585	0.00006544
4:Ins:R:3	0.00024821	0.00005680	0.00013474	0.00001388	0.00000715	0.00000207	0.00039435	0.00000186	0.00006385	0.00075396
4:Ins:R:4	0.00014096	0.00037406	0.00043612	0.00006131	0.00013180	0.00000178	0.00000424	0.00017424	0.00024344	0.00139805
4:Ins:R:5	0.00204096	0.00076822	0.00364651	0.00094369	0.00113738	0.00000483	0.00005514	0.00000017	0.00025072	0.00013429
5:Ins:R:0	0.00000000	0.00000002	0.00307736	0.00471050	0.00012055	0.00012096	0.00862104	0.00000412	0.00007907	0.00268689
5:Ins:R:1	0.00005077	0.00167035	0.00160727	0.01064887	0.01101525	0.00027415	0.00579885	0.00119223	0.00250538	0.02443727
5:Ins:R:2	0.00000688	0.00023145	0.00046756	0.00032616	0.00001787	0.00000391	0.00131039	0.00001096	0.00003982	0.00052518
5:Ins:R:3	0.00009224	0.00022302	0.00047480	0.00009136	0.00006042	0.00008166	0.00005683	0.00015876	0.00001433	0.00009270
5:Ins:R:4	0.00000556	0.00019872	0.00030110	0.00010819	0.00004391	0.00000956	0.00002938	0.00012949	0.00000729	0.00002062
5:Ins:R:5	0.00006399	0.00018404	0.00074021	0.00050412	0.00039453	0.00005130	0.00000465	0.00000420	0.00001418	0.00000002
2:Del:M:1	0.00001406	0.00002457	0.01620519	0.01648284	0.00063608	0.01004688	0.00001979	0.00006247	0.20759382	0.00308951
3:Del:M:1	0.00000091	0.00001100	0.00737445	0.01396204	0.01177261	0.00156270	0.00097444	0.00084685	0.00616366	0.00130989
3:Del:M:2	0.00223293	0.00123347	0.01263225	0.00490656	0.00337476	0.00062072	0.00385033	0.00029122	0.04244507	0.00358208
4:Del:M:1	0.00004425	0.00003174	0.00727094	0.00659287	0.00542474	0.00027230	0.00253297	0.00177508	0.01242843	0.00008984
4:Del:M:2	0.00049935	0.00003709	0.00444718	0.00289130	0.00090282	0.00031514	0.00946588	0.00146427	0.03093137	0.00081215
4:Del:M:3	0.00049109	0.00000088	0.00214106	0.00054371	0.00007244	0.00000151	0.00483292	0.00128933	0.04838933	0.00172456
5:Del:M:1	0.00053231	0.00000000	0.00006994	0.00391115	0.32996337	0.00011812	0.07192125	0.00000558	0.00014985	0.00188497
5:Del:M:2	0.00000000	0.00000002	0.00060984	0.00282659	0.11053953	0.00114923	0.26853168	0.00000018	0.00000374	0.00152633
5:Del:M:3	0.00000006	0.00000027	0.00194780	0.00158502	0.02056823	0.00067953	0.23993410	0.00000542	0.00026362	0.00002078
5:Del:M:4	0.00035736	0.00000008	0.00056250	0.00003606	0.00023362	0.00099168	0.13571055	0.00000000	0.00323245	0.00001861
5:Del:M:5	0.00225964	0.00030639	0.00198441	0.00270870	0.00093169	0.00000000	0.11054768	0.00000000	0.00067776	0.00064272
