MutationsType	SBS96A	SBS96B	SBS96C	SBS96D	SBS96E	SBS96F	SBS96G	SBS96H	SBS96I	SBS96J	SBS96K	SBS96L	SBS96M
A[C>A]A	0.00045951	0.03068757	0.00000000	0.00070143	0.01095044	0.02628963	0.00245952	0.00073344	0.06881262	0.00037305	0.00308571	0.00232224	0.00466136
A[C>A]C	0.00002290	0.01995034	0.00064675	0.00297066	0.00507982	0.03799599	0.00150841	0.00273626	0.01925890	0.00053748	0.00055121	0.00111424	0.00140055
A[C>A]G	0.00002109	0.00073805	0.00018986	0.00182367	0.00283671	0.01902724	0.00014037	0.00016404	0.00438831	0.00004815	0.00007170	0.00035965	0.00023847
A[C>A]T	0.00015287	0.01440343	0.00055265	0.00111237	0.00694341	0.02878692	0.00595329	0.00080890	0.03046599	0.00025362	0.00290568	0.00040412	0.00148437
A[C>G]A	0.00003230	0.02588833	0.00018942	0.00319168	0.00776524	0.00928477	0.00463097	0.00177719	0.00171519	0.00009478	0.00076214	0.00411512	0.00133451
A[C>G]C	0.00001725	0.01680255	0.00017228	0.00073670	0.00509512	0.00324116	0.00141348	0.00110713	0.00298960	0.00000910	0.00106522	0.00126707	0.00052800
A[C>G]G	0.00017168	0.00117701	0.00007458	0.00155297	0.00430915	0.00052824	0.00031768	0.00030823	0.00289616	0.00000053	0.00018456	0.00040513	0.00027016
A[C>G]T	0.00001270	0.02590242	0.00034759	0.00237130	0.01174763	0.00345186	0.00480898	0.00159493	0.00365847	0.00028063	0.00207971	0.00466549	0.00060780
A[C>T]A	0.00010909	0.02224141	0.00051236	0.03275423	0.01420570	0.00851666	0.09251692	0.03238368	0.00341368	0.00140067	0.00190218	0.00916620	0.00125756
A[C>T]C	0.03085574	0.01943947	0.00206217	0.01339884	0.01682550	0.00394574	0.02024776	0.00897728	0.00221287	0.00050232	0.00451909	0.00052856	0.00181752
A[C>T]G	0.00001678	0.00372988	0.00000824	0.00000000	0.00119190	0.00254625	0.00191558	0.32720597	0.00015452	0.00049351	0.00111870	0.00090050	0.00293111
A[C>T]T	0.01144024	0.02150011	0.00269044	0.01944495	0.01668606	0.00226986	0.03383821	0.01350926	0.00627031	0.00055878	0.01590924	0.00148489	0.00013078
A[T>A]A	0.00235880	0.00496344	0.00077979	0.00871902	0.01368728	0.01463204	0.00748874	0.00138607	0.00109861	0.00025935	0.00884720	0.00014133	0.00038434
A[T>A]C	0.00045243	0.00960305	0.00093886	0.00670539	0.00353904	0.00567020	0.00395600	0.00260860	0.00029536	0.00030215	0.00251400	0.00024483	0.00144669
A[T>A]G	0.00093060	0.01274100	0.00034852	0.00861916	0.00608020	0.01935429	0.00324635	0.00204617	0.00195938	0.00018502	0.00088313	0.00085146	0.00011175
A[T>A]T	0.00603327	0.00098754	0.00021903	0.00308473	0.02265949	0.00357498	0.02359367	0.00133243	0.00362488	0.00062346	0.06308776	0.00067086	0.00119786
A[T>C]A	0.00010171	0.02666758	0.00107288	0.09128001	0.02370269	0.01162166	0.02319057	0.00475795	0.00092130	0.00021363	0.00082953	0.00392353	0.00038524
A[T>C]C	0.00021609	0.01106052	0.00018823	0.02855313	0.00947779	0.00051826	0.00225021	0.00325941	0.00175068	0.00008885	0.00068486	0.00046462	0.01156436
A[T>C]G	0.00022837	0.02026500	0.00070927	0.07740261	0.01698404	0.00565521	0.02803648	0.00119281	0.00232881	0.00000000	0.00174491	0.00199846	0.00149526
A[T>C]T	0.00158966	0.02817988	0.00090752	0.07052197	0.02899890	0.00029119	0.00241296	0.00742410	0.00490700	0.00037173	0.01464956	0.00283775	0.00690394
A[T>G]A	0.00008655	0.00394306	0.00062129	0.00231060	0.02408664	0.00142150	0.00177558	0.00004099	0.00021341	0.00091055	0.01008745	0.00010282	0.00104309
A[T>G]C	0.00046009	0.00481779	0.00013424	0.00102595	0.01376741	0.00000347	0.00068907	0.00015634	0.00078299	0.00426058	0.00195404	0.00002395	0.00118308
A[T>G]G	0.00100920	0.01126931	0.00010013	0.00688073	0.01124093	0.00083148	0.00102869	0.00116176	0.00254930	0.00107349	0.00298801	0.00078575	0.00086015
A[T>G]T	0.00043092	0.00554778	0.00065096	0.00091308	0.03764703	0.00000001	0.00205263	0.00003619	0.00119540	0.07151077	0.00523979	0.00006079	0.01364826
C[C>A]A	0.00098476	0.01437102	0.00005802	0.00075945	0.00214962	0.07480922	0.00039327	0.00057207	0.08748618	0.00009959	0.00541908	0.00147550	0.00220179
C[C>A]C	0.00049684	0.01232783	0.00001319	0.00077077	0.00042103	0.09934192	0.02378400	0.00061656	0.02286763	0.00006388	0.00315536	0.00074106	0.00149081
C[C>A]G	0.00009121	0.00000000	0.00000492	0.00457778	0.00013276	0.02460640	0.00344207	0.00027074	0.01460433	0.00008625	0.00095441	0.00004567	0.00007175
C[C>A]T	0.00043653	0.00002858	0.00033582	0.00263493	0.00058597	0.07338151	0.06520097	0.00068349	0.04498446	0.00005660	0.01029481	0.00000000	0.00041109
C[C>G]A	0.00007002	0.02087901	0.00000025	0.00136216	0.00046321	0.01235743	0.00171734	0.00004345	0.00063152	0.00014329	0.00067134	0.00512615	0.00064470
C[C>G]C	0.00035172	0.02083734	0.00007356	0.00337640	0.00421618	0.00894732	0.00193567	0.00070576	0.00233076	0.00012026	0.00129903	0.00139784	0.00027425
C[C>G]G	0.00033471	0.00228179	0.00004760	0.00272559	0.00067877	0.00272767	0.00032666	0.00087121	0.00412202	0.00013017	0.00052246	0.00052989	0.00043101
C[C>G]T	0.00017504	0.02987322	0.00002074	0.00113272	0.00619145	0.00849606	0.00191286	0.00002694	0.00335152	0.00010550	0.00299555	0.00626396	0.00015700
C[C>T]A	0.08573577	0.02231925	0.00457006	0.00833036	0.03693606	0.01155966	0.01176718	0.00380876	0.01114847	0.00027766	0.00936312	0.00007584	0.00179509
C[C>T]C	0.12063933	0.02229202	0.00000122	0.00396377	0.04935390	0.01228922	0.01464830	0.00138579	0.00477746	0.00003869	0.00194444	0.00103893	0.00171763
C[C>T]G	0.01349448	0.00410960	0.00087482	0.01377198	0.01018436	0.00217943	0.01702102	0.19112961	0.00681676	0.00240367	0.00701764	0.00182224	0.00105888
C[C>T]T	0.09870669	0.02879625	0.00126910	0.00849640	0.04265346	0.01837834	0.01494042	0.00153348	0.00406131	0.00001492	0.01566838	0.00163051	0.00252510
C[T>A]A	0.00034057	0.00293255	0.00012362	0.00414034	0.00065454	0.02635515	0.00377134	0.00032012	0.00001099	0.00027936	0.00309611	0.00017902	0.00028704
C[T>A]C	0.00028979	0.01573353	0.00017576	0.00016056	0.00061177	0.02127476	0.00415212	0.00018640	0.00092289	0.00149746	0.00904650	0.00046337	0.03838447
C[T>A]G	0.00025800	0.00523128	0.00002414	0.00446060	0.00042168	0.05378740	0.00557756	0.00129865	0.00139289	0.00081084	0.00023843	0.00012975	0.01148903
C[T>A]T	0.00007206	0.00946958	0.00046276	0.00000000	0.00399046	0.01888163	0.00133208	0.00009775	0.00153476	0.00715259	0.03157439	0.00037543	0.06455519
C[T>C]A	0.00063932	0.00940077	0.00030378	0.02979148	0.01555584	0.00696199	0.01145987	0.00000157	0.00030675	0.00026956	0.00902032	0.00031236	0.01082800
C[T>C]C	0.00008119	0.01159526	0.00019098	0.01923290	0.00337123	0.00275775	0.00236235	0.00135866	0.00092723	0.00413997	0.00000701	0.00029881	0.17373151
C[T>C]G	0.00000379	0.00993416	0.00026189	0.04001393	0.00738908	0.00679007	0.03054911	0.00079555	0.00062336	0.00388822	0.00002315	0.00059567	0.08103180
C[T>C]T	0.00394878	0.00000000	0.00000694	0.02690806	0.00363402	0.00266098	0.00485725	0.00003056	0.00027753	0.01369883	0.03801565	0.00007344	0.42129089
C[T>G]A	0.00012233	0.00380657	0.00002341	0.00148497	0.01097879	0.00149780	0.00170103	0.00000000	0.00000029	0.00203393	0.00297846	0.00005832	0.00014996
C[T>G]C	0.00031645	0.00908032	0.00015575	0.00250949	0.00493152	0.00018201	0.00303490	0.00061253	0.00107586	0.03005893	0.00336201	0.00015215	0.00171568
C[T>G]G	0.00026062	0.01201054	0.00000000	0.00342722	0.00696002	0.00571685	0.00488410	0.00075963	0.00064577	0.01341703	0.00056705	0.00013269	0.00050549
C[T>G]T	0.00001594	0.00004756	0.00005114	0.00313989	0.00075905	0.00179817	0.00030531	0.00000722	0.00003545	0.54831396	0.00023091	0.00035984	0.00307759
G[C>A]A	0.00013943	0.00875179	0.00000488	0.00649868	0.00061025	0.00184804	0.00120918	0.00393281	0.11466050	0.00191030	0.00072774	0.00151010	0.00393813
G[C>A]C	0.00004040	0.01023813	0.00026146	0.00579159	0.00500352	0.03873923	0.00528822	0.00004711	0.02537187	0.00006823	0.00012129	0.00066128	0.00087753
G[C>A]G	0.00000000	0.00030887	0.00012022	0.00294038	0.00108075	0.01465632	0.00092798	0.00057138	0.01099663	0.00026475	0.00000000	0.00034253	0.00023072
G[C>A]T	0.00000417	0.01045009	0.00001220	0.00214728	0.00068609	0.00400356	0.01051545	0.00058305	0.06983911	0.00079368	0.00021915	0.00045870	0.00151121
G[C>G]A	0.00001683	0.01413317	0.00005457	0.00064102	0.00064104	0.00803689	0.00149490	0.00007230	0.00039116	0.00006220	0.00009602	0.00168728	0.00070646
G[C>G]C	0.00011239	0.01169805	0.00002982	0.00227896	0.00246897	0.00784667	0.00193703	0.00037343	0.00133414	0.00031928	0.00028850	0.00084119	0.00028668
G[C>G]G	0.00013478	0.00278624	0.00003301	0.00089278	0.00033557	0.00407991	0.00021267	0.00037318	0.00058727	0.00003534	0.00026489	0.00029016	0.00006708
G[C>G]T	0.00005296	0.01817631	0.00005343	0.00200177	0.00444675	0.00458124	0.00298236	0.00014633	0.00052390	0.00000000	0.00110702	0.00275505	0.00086274
G[C>T]A	0.00016494	0.01955604	0.00000010	0.01430463	0.00597604	0.00370376	0.08449266	0.01110122	0.00197040	0.00000000	0.00000494	0.00790043	0.00159577
G[C>T]C	0.02002574	0.01548643	0.00013898	0.01955793	0.01061299	0.00432397	0.07662512	0.00683920	0.00118774	0.00021285	0.00008075	0.00151575	0.00049432
G[C>T]G	0.00000000	0.00025159	0.00001048	0.00978753	0.00016431	0.00019783	0.03652042	0.20725976	0.00070435	0.00326388	0.00001534	0.00000265	0.00021085
G[C>T]T	0.01836309	0.01314660	0.00494674	0.01702062	0.00989843	0.00295812	0.05746451	0.00473775	0.00194516	0.00000088	0.01292237	0.00161504	0.00089325
G[T>A]A	0.00047101	0.00569743	0.00013343	0.00280175	0.00185569	0.01663869	0.00349859	0.00058773	0.00039651	0.00012859	0.00111569	0.00010979	0.00000182
G[T>A]C	0.00017148	0.00795094	0.00019386	0.00082965	0.00119791	0.00560768	0.00263573	0.00036013	0.00072597	0.00041797	0.00173459	0.00012173	0.00285260
G[T>A]G	0.00047607	0.01035490	0.00001813	0.00162976	0.00043474	0.02007109	0.00342582	0.00076193	0.00069381	0.00037689	0.00010470	0.00001734	0.00044389
G[T>A]T	0.00030787	0.01107375	0.00009242	0.00008955	0.00130295	0.00854595	0.00336662	0.00006105	0.00172839	0.00132258	0.01742162	0.00019116	0.00472853
G[T>C]A	0.00003587	0.00937899	0.00011540	0.03983027	0.00246960	0.00403095	0.01675355	0.00043972	0.00000000	0.00001705	0.00009888	0.00055396	0.00026632
G[T>C]C	0.00000047	0.00711293	0.00022233	0.01802663	0.00437911	0.00094239	0.00062838	0.00175284	0.00178338	0.00136082	0.00025201	0.00028628	0.01486925
G[T>C]G	0.00013064	0.01198405	0.00002285	0.03358753	0.00047576	0.00262081	0.01384572	0.00152208	0.00140635	0.00081893	0.00044951	0.00059874	0.00495765
G[T>C]T	0.01009832	0.00004197	0.00005935	0.03658606	0.00274093	0.00051259	0.00542755	0.00000364	0.00067335	0.00078131	0.11498934	0.00002002	0.00329423
G[T>G]A	0.00007482	0.00500200	0.00016378	0.00149007	0.00514084	0.00082981	0.00072901	0.00025384	0.00009785	0.00040730	0.00149289	0.00013576	0.00035913
G[T>G]C	0.00011206	0.00291196	0.00011779	0.00089354	0.00416529	0.00035510	0.00040185	0.00000983	0.00005190	0.00713018	0.00120464	0.00003635	0.00011818
G[T>G]G	0.00096795	0.01221485	0.00006171	0.00278085	0.00201379	0.00202160	0.00097657	0.00115149	0.00366013	0.00169646	0.00544130	0.00042567	0.00097679
G[T>G]T	0.00139444	0.00317102	0.00001575	0.00017732	0.00458033	0.00008206	0.00206457	0.00008424	0.00052201	0.11392617	0.00775410	0.00000028	0.00764628
T[C>A]A	0.00118786	0.00526154	0.00004371	0.00044807	0.01840583	0.00791980	0.00347155	0.00000000	0.11158777	0.00002037	0.00583593	0.07608106	0.00118345
T[C>A]C	0.00137307	0.01622197	0.00036491	0.00137025	0.00632287	0.03633709	0.00326470	0.00208438	0.06416953	0.00000049	0.01281338	0.02939194	0.00001424
T[C>A]G	0.00007410	0.00049197	0.00001663	0.00239713	0.00050126	0.00737747	0.00029792	0.00019985	0.01739634	0.00017341	0.00000078	0.01135601	0.00018862
T[C>A]T	0.00058201	0.00967519	0.00050818	0.00346878	0.01417180	0.00138850	0.01634191	0.00041156	0.15007606	0.00260628	0.00256236	0.03555004	0.00131734
T[C>G]A	0.00008003	0.00076304	0.00001750	0.00206609	0.00059097	0.00357187	0.00656517	0.00010501	0.00033351	0.00015682	0.00205068	0.31489133	0.00320512
T[C>G]C	0.00037216	0.02378150	0.00000075	0.00014337	0.00456939	0.00673873	0.00200651	0.00002465	0.00420784	0.00000368	0.00317801	0.05939339	0.00085124
T[C>G]G	0.00013423	0.00059009	0.00001346	0.00169552	0.00204626	0.00141605	0.00048737	0.00019594	0.00147089	0.00009970	0.00013223	0.01445051	0.00019593
T[C>G]T	0.00000575	0.01441458	0.00088152	0.00165056	0.00791261	0.00205125	0.00460156	0.00097132	0.00267168	0.00146999	0.00820096	0.36231414	0.00001163
T[C>T]A	0.04833059	0.00184531	0.53961273	0.00176155	0.00737541	0.00388633	0.00173710	0.00166481	0.00265762	0.00006568	0.00748972	0.00457316	0.00304971
T[C>T]C	0.36189221	0.00254765	0.11741561	0.00010720	0.03994189	0.00610467	0.01081378	0.00000009	0.00000001	0.00069705	0.00580443	0.00033735	0.00263823
T[C>T]G	0.07736369	0.00001175	0.04511309	0.01222527	0.01287469	0.00000000	0.00379114	0.10782495	0.00085341	0.00073864	0.00010515	0.00021326	0.00071219
T[C>T]T	0.05776795	0.00883024	0.26390613	0.00897643	0.03385729	0.00826247	0.00974432	0.00011133	0.00011972	0.00051343	0.01926180	0.00281955	0.00182111
T[T>A]A	0.00107865	0.00260896	0.00005117	0.00485283	0.02505143	0.01376647	0.00895403	0.00745846	0.00533063	0.00183704	0.02288642	0.00039344	0.00015347
T[T>A]C	0.00075090	0.01263943	0.00004866	0.00042515	0.00874841	0.00658862	0.00081595	0.00000000	0.00173191	0.00004765	0.02736632	0.00035102	0.00531374
T[T>A]G	0.00044004	0.00482713	0.00002299	0.00407254	0.01200682	0.01563115	0.00309437	0.00036043	0.00026459	0.00001440	0.01084622	0.00031277	0.00150660
T[T>A]T	0.00032317	0.00348194	0.00133585	0.00372163	0.02836489	0.00713235	0.01250787	0.00160438	0.00269470	0.00129180	0.18694275	0.00005556	0.00009103
T[T>C]A	0.00497682	0.01115083	0.00000000	0.04651913	0.00922402	0.00271676	0.01208255	0.00000512	0.00030967	0.00052424	0.05438515	0.00023263	0.00206236
T[T>C]C	0.00099888	0.00787651	0.00001986	0.02290478	0.00946702	0.00000000	0.00589028	0.00312124	0.00297553	0.00093532	0.02084806	0.00031333	0.01491140
T[T>C]G	0.00140601	0.00618426	0.00008214	0.02917843	0.00580756	0.00090495	0.01387480	0.00010113	0.00256752	0.00160200	0.01777921	0.00054365	0.00237270
T[T>C]T	0.00175483	0.00524267	0.00004944	0.04243724	0.01822091	0.00011288	0.02835215	0.00263892	0.00000557	0.00051087	0.07314735	0.00066543	0.01843425
T[T>G]A	0.00007210	0.00594391	0.00016272	0.00184446	0.03322721	0.00059857	0.00301896	0.00000488	0.00001327	0.00001636	0.01560300	0.00020927	0.00031845
T[T>G]C	0.00036063	0.01063497	0.00006365	0.00236032	0.02101178	0.00000319	0.00113567	0.00091534	0.00114664	0.00860983	0.01166508	0.00047878	0.00080087
T[T>G]G	0.00025010	0.01135086	0.00000617	0.00421269	0.01572943	0.00305580	0.00228258	0.00140671	0.00087292	0.00421989	0.00513173	0.00049826	0.00149779
T[T>G]T	0.00005271	0.01188108	0.00021389	0.00532746	0.06315569	0.00000343	0.01089444	0.00193789	0.00249084	0.12507605	0.01292501	0.00037911	0.00844715
