MutationsType	SBS96A	SBS96B	SBS96C	SBS96D	SBS96E	SBS96F	SBS96G	SBS96H	SBS96I	SBS96J	SBS96K	SBS96L	SBS96M	SBS96N	SBS96O	SBS96P
A[C>A]A	0.00003576	0.00001570	0.00157209	0.03797784	0.04325393	0.00682694	0.00102292	0.00062009	0.05700218	0.00060565	0.01756673	0.00440167	0.00184220	0.00042627	0.00101831	0.00270133
A[C>A]C	0.00007078	0.00070923	0.00036714	0.01655693	0.03708464	0.00815032	0.00131038	0.00138764	0.01812837	0.00008933	0.02009483	0.00023009	0.00139750	0.00073685	0.00068181	0.00164826
A[C>A]G	0.00003172	0.00018494	0.00013941	0.00298055	0.01789425	0.00246720	0.00031012	0.00009069	0.00199196	0.00010387	0.00015387	0.00007315	0.00004088	0.00029702	0.00013139	0.00034639
A[C>A]T	0.00019567	0.00035498	0.00074529	0.01789596	0.03323453	0.00306767	0.00660401	0.00082135	0.02351004	0.00022988	0.01122888	0.00094629	0.00022752	0.00397921	0.00025011	0.00493618
A[C>G]A	0.00004461	0.00024390	0.00000154	0.01868716	0.00702837	0.00758621	0.00494624	0.00224998	0.00131179	0.00026762	0.02807788	0.00078607	0.00066155	0.00168566	0.00348589	0.00364077
A[C>G]C	0.00000189	0.00013521	0.00006613	0.01348638	0.00223340	0.00311740	0.00176463	0.00092141	0.00357072	0.00011172	0.01640110	0.00050189	0.00040371	0.00251482	0.00091442	0.00292873
A[C>G]G	0.00001592	0.00000084	0.00065080	0.00307072	0.00109665	0.00166698	0.00055601	0.00002292	0.00256989	0.00004107	0.00000459	0.00033088	0.00052281	0.00066373	0.00027735	0.00173208
A[C>G]T	0.00000952	0.00036716	0.00016244	0.02272690	0.00262804	0.00620293	0.00511550	0.00174928	0.00562932	0.00008424	0.02202543	0.00220927	0.00041505	0.00395703	0.00443591	0.00457649
A[C>T]A	0.00000131	0.00054559	0.00116446	0.02840610	0.00854631	0.03590199	0.08550565	0.02750899	0.00715915	0.00173239	0.00808266	0.00184998	0.00277912	0.00425783	0.00893430	0.00820951
A[C>T]C	0.02293922	0.00223639	0.03840630	0.01751677	0.00343424	0.01679285	0.02073296	0.00631527	0.00406682	0.00004828	0.01246174	0.00738593	0.00264098	0.00301902	0.00024107	0.00171225
A[C>T]G	0.00000235	0.00002369	0.00049416	0.00555793	0.00207957	0.00016775	0.00156176	0.35453999	0.00280076	0.00543373	0.00637400	0.00021290	0.00093572	0.00101078	0.00035990	0.00108866
A[C>T]T	0.00851680	0.00432767	0.01297885	0.02459059	0.00250639	0.02379060	0.02850410	0.01156516	0.00878380	0.00090167	0.00957195	0.00756335	0.00126463	0.02521537	0.00042180	0.00744355
A[T>A]A	0.00259088	0.00024186	0.00210081	0.00751899	0.01042885	0.00920157	0.00667351	0.00181888	0.00112194	0.00004737	0.00727750	0.01368777	0.00107596	0.00521238	0.00001560	0.00273054
A[T>A]C	0.00047620	0.00109146	0.00048135	0.00640812	0.00395394	0.00859073	0.00334073	0.00350635	0.00048841	0.00025869	0.00981020	0.00296441	0.00069283	0.00236983	0.00045611	0.00100198
A[T>A]G	0.00070237	0.00015726	0.00185217	0.00954144	0.01361342	0.01088550	0.00407036	0.00182487	0.00204505	0.00009393	0.01523859	0.00016134	0.00034976	0.00721071	0.00111842	0.00165139
A[T>A]T	0.00410072	0.00003653	0.00894044	0.00512140	0.00374051	0.00255036	0.02759350	0.00095420	0.00435911	0.00046495	0.00020474	0.06633910	0.00121615	0.02919579	0.00077919	0.02556598
A[T>C]A	0.00031224	0.00091833	0.00081149	0.03262684	0.00862302	0.08825275	0.02651821	0.00228974	0.00108049	0.00016944	0.01479548	0.00064694	0.00043420	0.00729127	0.00226149	0.00187950
A[T>C]C	0.00003390	0.00062710	0.00029304	0.01086422	0.00015984	0.02529433	0.00454382	0.00329386	0.00242586	0.00012998	0.00790655	0.00039999	0.01190264	0.00460938	0.00031643	0.00086383
A[T>C]G	0.00002401	0.00055169	0.00144576	0.02558104	0.00538436	0.06759554	0.03496374	0.00076439	0.00314505	0.00000087	0.00897182	0.00032428	0.00103608	0.01001303	0.00069701	0.00122034
A[T>C]T	0.00048707	0.00106766	0.00319824	0.03016355	0.00076938	0.06512455	0.00568339	0.00676546	0.00503661	0.00020888	0.01772067	0.00255292	0.00956131	0.04445906	0.00193985	0.00486400
A[T>G]A	0.00040275	0.00065279	0.00007499	0.01028763	0.00092290	0.00317818	0.00073154	0.00002782	0.00088766	0.00146542	0.00311785	0.01092123	0.00090630	0.00327311	0.00002651	0.01032305
A[T>G]C	0.00017828	0.00020682	0.00111144	0.00990892	0.00007376	0.00111866	0.00031594	0.00035051	0.00074377	0.00454197	0.00147891	0.00070863	0.00055505	0.00256408	0.00000591	0.01362683
A[T>G]G	0.00017368	0.00032794	0.00180706	0.01295674	0.00102716	0.00787128	0.00184679	0.00079280	0.00289020	0.00096050	0.00739762	0.00042863	0.00097601	0.00940160	0.00000542	0.00834406
A[T>G]T	0.00028642	0.00005210	0.00067945	0.02014986	0.00001717	0.00008070	0.00086808	0.00007187	0.00047888	0.06613246	0.00029933	0.00000330	0.01151628	0.01120952	0.00012523	0.07809636
C[C>A]A	0.00046228	0.00015880	0.00174736	0.01472193	0.08443754	0.00017049	0.00015496	0.00000437	0.08394331	0.00019922	0.02229195	0.00000156	0.00001492	0.01280423	0.00134865	0.00377628
C[C>A]C	0.00022514	0.00016319	0.00102162	0.00997159	0.09645668	0.00024547	0.02520892	0.00180331	0.01415038	0.00004975	0.02303135	0.00158634	0.00105920	0.00349022	0.00036917	0.00060889
C[C>A]G	0.00000542	0.00000000	0.00037777	0.00032384	0.02805382	0.00439663	0.00378536	0.00030284	0.01292142	0.00002282	0.00041362	0.00155958	0.00037179	0.00030667	0.00000032	0.00001202
C[C>A]T	0.00011708	0.00029397	0.00142258	0.00625487	0.08362489	0.00048681	0.07725214	0.00157643	0.03042140	0.00000189	0.00083839	0.01229859	0.00000361	0.00003491	0.00000000	0.00048918
C[C>G]A	0.00000088	0.00002307	0.00041334	0.01105705	0.00907430	0.00415942	0.00141065	0.00012117	0.00000000	0.00014915	0.02842523	0.00000082	0.00071305	0.00179701	0.00623475	0.00036832
C[C>G]C	0.00002052	0.00037519	0.00112700	0.01478413	0.00753657	0.00773595	0.00217946	0.00043876	0.00345006	0.00008934	0.01950173	0.00173826	0.00005495	0.00083855	0.00066705	0.00062153
C[C>G]G	0.00004375	0.00021200	0.00076152	0.00196681	0.00320747	0.00298302	0.00059428	0.00052828	0.00458839	0.00000033	0.00186070	0.00024075	0.00051783	0.00151414	0.00008370	0.00009971
C[C>G]T	0.00007107	0.00002336	0.00069092	0.02201922	0.00671224	0.00551750	0.00180201	0.00000954	0.00389673	0.00005861	0.02925327	0.00431919	0.00003998	0.00073541	0.00662441	0.00242193
C[C>T]A	0.06399778	0.00026968	0.11762420	0.02327011	0.01350021	0.00977218	0.00514347	0.00374368	0.00762934	0.00039843	0.01163160	0.00459559	0.00172274	0.04416802	0.00003496	0.00662723
C[C>T]C	0.06542997	0.00000000	0.20434358	0.01624395	0.01206979	0.00741472	0.00541018	0.00026542	0.00215835	0.00013762	0.01495752	0.00497276	0.00187098	0.00147696	0.00007593	0.00106354
C[C>T]G	0.00702989	0.00359842	0.02422631	0.00434633	0.00225436	0.01641904	0.01494883	0.18411003	0.01434201	0.00679523	0.00450417	0.00941416	0.00295132	0.00455638	0.00244565	0.00976045
C[C>T]T	0.07191360	0.00079670	0.13999791	0.02501945	0.01883589	0.01283537	0.00796653	0.00053637	0.00212026	0.00024454	0.02155089	0.02348241	0.00222886	0.00713567	0.00067470	0.00194094
C[T>A]A	0.00025549	0.00006350	0.00073752	0.00026067	0.01450679	0.00313547	0.00331246	0.00009132	0.00004914	0.00004048	0.01705548	0.00343927	0.00017164	0.01014114	0.00012362	0.00002245
C[T>A]C	0.00005050	0.00040010	0.00071061	0.00686087	0.01253033	0.00223888	0.00419717	0.00014407	0.00166997	0.00181376	0.02553414	0.01426291	0.03890229	0.00529743	0.00022930	0.00090330
C[T>A]G	0.00006917	0.00014141	0.00063215	0.00062257	0.03658054	0.00334073	0.00523550	0.00099305	0.00055007	0.00041884	0.02633770	0.00031201	0.01168604	0.01537304	0.00046294	0.00115710
C[T>A]T	0.00030309	0.00042122	0.00000000	0.00541003	0.01365200	0.00000000	0.00172586	0.00000721	0.00088740	0.00724955	0.01544768	0.04726548	0.07230462	0.00490628	0.00045648	0.00031175
C[T>C]A	0.00052654	0.00006056	0.00123364	0.01448516	0.00568659	0.02376309	0.01331371	0.00033467	0.00007572	0.00037556	0.00727261	0.00747076	0.01085811	0.00950136	0.00015177	0.00314700
C[T>C]C	0.00025795	0.00000000	0.00058080	0.00803690	0.00201245	0.01456674	0.00294752	0.00224917	0.00223447	0.00188624	0.01196330	0.00000972	0.17417527	0.00027928	0.00000064	0.00360178
C[T>C]G	0.00000000	0.00021446	0.00045273	0.01227067	0.00609385	0.03166174	0.03256543	0.00093024	0.00003327	0.00189467	0.00524895	0.00039742	0.09299663	0.00194432	0.00023589	0.00188126
C[T>C]T	0.00165706	0.00058937	0.00870328	0.00114330	0.00122671	0.01413861	0.00710670	0.00005777	0.00354910	0.00774403	0.00176514	0.02613809	0.41557818	0.02932115	0.00016269	0.00014874
C[T>G]A	0.00008998	0.00002385	0.00036876	0.00441513	0.00080269	0.00194516	0.00086135	0.00006116	0.00005152	0.00198758	0.00671627	0.00355893	0.00046344	0.00130189	0.00005620	0.01048316
C[T>G]C	0.00002328	0.00036756	0.00093107	0.00663981	0.00004060	0.00313142	0.00287180	0.00061274	0.00184318	0.03110934	0.00923263	0.00548789	0.00173612	0.00019764	0.00015973	0.01174691
C[T>G]G	0.00000242	0.00000116	0.00111393	0.00770297	0.00332401	0.00448560	0.00418263	0.00031812	0.00316865	0.01380469	0.01601277	0.00137933	0.00029456	0.00101356	0.00020103	0.00640737
C[T>G]T	0.00000020	0.00000489	0.00000000	0.00133190	0.00093940	0.00383560	0.00023254	0.00064187	0.00179715	0.54974467	0.00405528	0.00253940	0.00152272	0.00032739	0.00000000	0.01148451
G[C>A]A	0.00000000	0.00017696	0.00060269	0.00606233	0.01566556	0.00981298	0.00153554	0.00144815	0.13638331	0.00113943	0.00740684	0.00026884	0.00278627	0.00044878	0.00057990	0.00350250
G[C>A]C	0.00018521	0.00019473	0.00000000	0.01019897	0.04194881	0.00994997	0.00454955	0.00034827	0.01871901	0.00000286	0.00976422	0.00000940	0.00074436	0.00036378	0.00019811	0.00067909
G[C>A]G	0.00000704	0.00010628	0.00000880	0.00172848	0.01695190	0.00345523	0.00054624	0.00071529	0.00870089	0.00008777	0.00002230	0.00000000	0.00015706	0.00005879	0.00005796	0.00077416
G[C>A]T	0.00000017	0.00000000	0.00000000	0.00621945	0.01203032	0.00552533	0.01037801	0.00012415	0.07807125	0.00050070	0.01069067	0.00019506	0.00001759	0.00011012	0.00019997	0.00192478
G[C>G]A	0.00001003	0.00006117	0.00000490	0.00717362	0.00604785	0.00266637	0.00099904	0.00023648	0.00051409	0.00002012	0.01878465	0.00013150	0.00097321	0.00056890	0.00141488	0.00036693
G[C>G]C	0.00000234	0.00011033	0.00033904	0.00801865	0.00682053	0.00382061	0.00215413	0.00076512	0.00074115	0.00001541	0.01206957	0.00060839	0.00140265	0.00049192	0.00058172	0.00218165
G[C>G]G	0.00001922	0.00002122	0.00043311	0.00164725	0.00383930	0.00117233	0.00042709	0.00029840	0.00045417	0.00005014	0.00324855	0.00007803	0.00010602	0.00059885	0.00022503	0.00009279
G[C>G]T	0.00000033	0.00010664	0.00032673	0.01013799	0.00294279	0.00536063	0.00271226	0.00026515	0.00095208	0.00000664	0.02105969	0.00127191	0.00062683	0.00132205	0.00307544	0.00076795
G[C>T]A	0.00006760	0.00009716	0.00029674	0.01815440	0.00240948	0.01863515	0.08050049	0.00556537	0.00703562	0.00021249	0.01517505	0.00011028	0.00240068	0.00099854	0.00795799	0.00530374
G[C>T]C	0.01381627	0.00167069	0.02815833	0.01389155	0.00314239	0.02092774	0.07035490	0.00404158	0.00451048	0.00011847	0.01058674	0.00032530	0.00001097	0.00226780	0.00036189	0.00561209
G[C>T]G	0.00000456	0.00000000	0.00000000	0.00074955	0.00000760	0.00848274	0.05001716	0.21189038	0.00952474	0.00699644	0.00002077	0.00000000	0.00155329	0.00002986	0.00218447	0.01007553
G[C>T]T	0.02260453	0.00108021	0.00563469	0.01588696	0.00265930	0.01564912	0.06373089	0.00172138	0.00395535	0.00001610	0.00614878	0.00178005	0.00121692	0.03609574	0.00187940	0.00376529
G[T>A]A	0.00043067	0.00039575	0.00034916	0.00269437	0.00990073	0.00319138	0.00284578	0.00023090	0.00120498	0.00014861	0.01221816	0.00176991	0.00011359	0.00340065	0.00000272	0.00110968
G[T>A]C	0.00023947	0.00018055	0.00009216	0.00435033	0.00342022	0.00187749	0.00276105	0.00005493	0.00204473	0.00034735	0.01111336	0.00266870	0.00296250	0.00108807	0.00022251	0.00042338
G[T>A]G	0.00024930	0.00021064	0.00050947	0.00493732	0.01565460	0.00248570	0.00351043	0.00013408	0.00108076	0.00019690	0.01767670	0.00000000	0.00054595	0.00332600	0.00006725	0.00059667
G[T>A]T	0.00033106	0.00014366	0.00021620	0.00539548	0.00559627	0.00035253	0.00356317	0.00016510	0.00287183	0.00148419	0.01556481	0.02036347	0.00490202	0.00776219	0.00057839	0.00052932
G[T>C]A	0.00011049	0.00005203	0.00002104	0.00661796	0.00302186	0.03113118	0.02168109	0.00020847	0.00003396	0.00004066	0.01148954	0.00000497	0.00032639	0.00113221	0.00010622	0.00131934
G[T>C]C	0.00009415	0.00005905	0.00000980	0.00576871	0.00065637	0.01549061	0.00186422	0.00183370	0.00261180	0.00099356	0.00724344	0.00012777	0.01416300	0.00216498	0.00022267	0.00092672
G[T>C]G	0.00004357	0.00003721	0.00040535	0.00678711	0.00177257	0.02719584	0.01766137	0.00144493	0.00448995	0.00110774	0.01318364	0.00020340	0.00375379	0.00281843	0.00020855	0.00101235
G[T>C]T	0.00038336	0.00057367	0.01435639	0.00097432	0.00005948	0.01603679	0.01064149	0.00004443	0.00237505	0.00060269	0.00483763	0.00624009	0.00482015	0.25562563	0.00000000	0.00240445
G[T>G]A	0.00008818	0.00009452	0.00022167	0.00389252	0.00041300	0.00222469	0.00063114	0.00012483	0.00072607	0.00033226	0.00659923	0.00244344	0.00075528	0.00038077	0.00004432	0.00051362
G[T>G]C	0.00012135	0.00014644	0.00034806	0.00356319	0.00016451	0.00144604	0.00044961	0.00007216	0.00018394	0.00598694	0.00274474	0.00130670	0.00028118	0.00015115	0.00017086	0.00057493
G[T>G]G	0.00029487	0.00011376	0.00289413	0.00563071	0.00122052	0.00363268	0.00139718	0.00069432	0.00656268	0.00147224	0.01626884	0.00555708	0.00073562	0.00408025	0.00121978	0.00149409
G[T>G]T	0.00109617	0.00005747	0.00197053	0.00279755	0.00000978	0.00001837	0.00266784	0.00035152	0.00073948	0.12054909	0.00529399	0.00653296	0.00591191	0.00621296	0.00009888	0.00096734
T[C>A]A	0.00036787	0.00041524	0.00262691	0.02394434	0.03279774	0.00025941	0.00133483	0.00001054	0.08636647	0.00004023	0.00041111	0.00169517	0.00019778	0.00996808	0.07752404	0.00732163
T[C>A]C	0.00049060	0.00028829	0.00363732	0.02236799	0.04664512	0.00324556	0.00284223	0.00202441	0.04935300	0.00018232	0.01193879	0.01272966	0.00082929	0.00752455	0.03126162	0.00134213
T[C>A]G	0.00000986	0.00000508	0.00023597	0.00233907	0.01064518	0.00236672	0.00025945	0.00058540	0.01518478	0.00001534	0.00007267	0.00000000	0.00005144	0.00020894	0.01120743	0.00011554
T[C>A]T	0.00054564	0.00070573	0.00104619	0.01541088	0.02213402	0.00539952	0.01726905	0.00285333	0.15179279	0.00276043	0.00578463	0.00361617	0.00148304	0.00194098	0.03479611	0.00385137
T[C>G]A	0.00000000	0.00003100	0.00021577	0.00326063	0.00157444	0.00146818	0.00199240	0.00006310	0.00179684	0.00018284	0.01140707	0.00170488	0.00355991	0.00387271	0.29978906	0.00066971
T[C>G]C	0.00001374	0.00000210	0.00145929	0.01796402	0.00490224	0.00272587	0.00156492	0.00020159	0.00415629	0.00000062	0.02480822	0.00461975	0.00062143	0.00038751	0.06666664	0.00381910
T[C>G]G	0.00000051	0.00002697	0.00033609	0.00174730	0.00207486	0.00189220	0.00040565	0.00017691	0.00135927	0.00002858	0.00004993	0.00000000	0.00045758	0.00098429	0.01382682	0.00019392
T[C>G]T	0.00050506	0.00000335	0.00002455	0.01440092	0.00039328	0.00504314	0.00319746	0.00208530	0.00018116	0.00143227	0.02038472	0.01359385	0.00080207	0.00028983	0.38249795	0.00428124
T[C>T]A	0.12229515	0.57017350	0.00005812	0.02599188	0.00242901	0.00767876	0.00040348	0.00119962	0.00759958	0.00001265	0.00077466	0.01970025	0.00036727	0.00026810	0.00218587	0.00921107
T[C>T]C	0.45411092	0.07516525	0.15265066	0.01032049	0.00672415	0.00000000	0.00008203	0.00002431	0.00016129	0.00004267	0.00060024	0.01450060	0.00000012	0.07996398	0.00170119	0.01792143
T[C>T]G	0.09471633	0.04436132	0.05529038	0.00176650	0.00000000	0.01422816	0.00108269	0.10142744	0.00785595	0.00360843	0.00036744	0.00000000	0.00053800	0.00107654	0.00117514	0.00129181
T[C>T]T	0.02756187	0.27692119	0.11266291	0.01407343	0.00680470	0.01119349	0.00344957	0.00003372	0.00016615	0.00045225	0.00044722	0.00157306	0.00152559	0.03362515	0.00406536	0.06758726
T[T>A]A	0.00014467	0.00001529	0.00255015	0.00176151	0.00786992	0.00563365	0.00704202	0.00928147	0.00909259	0.00081155	0.01028013	0.02684442	0.00038124	0.01717692	0.00024533	0.05505117
T[T>A]C	0.00030795	0.00016052	0.00195871	0.01105010	0.00395857	0.00260065	0.00081268	0.00001888	0.00179708	0.00020398	0.01175155	0.03672355	0.00552676	0.00282094	0.00035954	0.00459965
T[T>A]G	0.00000234	0.00000000	0.00168919	0.00496572	0.01073649	0.00481433	0.00242279	0.00053650	0.00115205	0.00000259	0.00904392	0.01391294	0.00169956	0.00776963	0.00011789	0.00321865
T[T>A]T	0.00041470	0.00164501	0.00034275	0.00726055	0.00543330	0.00395357	0.01332121	0.00221260	0.00215124	0.00136828	0.00181364	0.25451405	0.00270290	0.02503033	0.00009185	0.00653844
T[T>C]A	0.00229072	0.00040772	0.00548033	0.00442106	0.00172355	0.03605295	0.01960979	0.00006998	0.00014027	0.00063877	0.01624213	0.03998429	0.00093035	0.06491952	0.00000000	0.01617406
T[T>C]C	0.00065452	0.00000042	0.00139368	0.00581814	0.00000769	0.01947224	0.00936108	0.00478213	0.00357461	0.00095476	0.00854455	0.02531339	0.01414693	0.01189074	0.00003068	0.00773608
T[T>C]G	0.00008300	0.00004499	0.00408749	0.00463857	0.00122914	0.02320635	0.01681656	0.00061385	0.00242451	0.00104823	0.00677979	0.01601374	0.00199541	0.02021484	0.00000526	0.00825186
T[T>C]T	0.00092420	0.00030597	0.00340381	0.00161681	0.00016054	0.03264371	0.03031208	0.00476351	0.00036372	0.00055189	0.01152216	0.09009713	0.01937378	0.03332854	0.00042844	0.00597537
T[T>G]A	0.00013454	0.00003320	0.00044783	0.00798130	0.00016142	0.00403688	0.00014397	0.00026055	0.00014520	0.00003758	0.00850414	0.02373051	0.00000000	0.00026529	0.00030633	0.04672219
T[T>G]C	0.00002736	0.00011231	0.00123626	0.01479911	0.00000000	0.00516115	0.00073432	0.00073820	0.00116528	0.00870389	0.00539329	0.01710869	0.00000580	0.00047215	0.00035358	0.03608024
T[T>G]G	0.00000412	0.00001281	0.00095421	0.01224969	0.00221168	0.00564165	0.00256076	0.00156489	0.00068210	0.00456627	0.01086456	0.00889736	0.00139729	0.00122238	0.00000356	0.01723621
T[T>G]T	0.00000722	0.00019334	0.00024897	0.00682939	0.00013290	0.00687775	0.00590597	0.00155755	0.00009130	0.11958456	0.01183625	0.01902806	0.00454614	0.00024365	0.00000240	0.35767403
