MutationsType	SBS96A	SBS96B	SBS96C	SBS96D	SBS96E	SBS96F	SBS96G	SBS96H	SBS96I	SBS96J	SBS96K	SBS96L	SBS96M
A[C>A]A	0.00044434	0.03079300	0.00000000	0.00070488	0.01098224	0.02550996	0.00196994	0.06926882	0.00075120	0.00037884	0.00320513	0.00229545	0.00467110
A[C>A]C	0.00002265	0.01977440	0.00064316	0.00304385	0.00529395	0.03801923	0.00107350	0.01943056	0.00284355	0.00050890	0.00058712	0.00109079	0.00138598
A[C>A]G	0.00001882	0.00069911	0.00019742	0.00183571	0.00301402	0.01911088	0.00006496	0.00457938	0.00017081	0.00005106	0.00007070	0.00035476	0.00020427
A[C>A]T	0.00014575	0.01442403	0.00055438	0.00106334	0.00711031	0.02844637	0.00603592	0.03083826	0.00078345	0.00024604	0.00287753	0.00040933	0.00149260
A[C>G]A	0.00003272	0.02578738	0.00018694	0.00308884	0.00812523	0.00933326	0.00437969	0.00183825	0.00175202	0.00010069	0.00081554	0.00411810	0.00138975
A[C>G]C	0.00002462	0.01683162	0.00016794	0.00069819	0.00529161	0.00319309	0.00125416	0.00308386	0.00106431	0.00001316	0.00103323	0.00122708	0.00055503
A[C>G]G	0.00016763	0.00114541	0.00007811	0.00155842	0.00456211	0.00050662	0.00026174	0.00289829	0.00033034	0.00000225	0.00018675	0.00039720	0.00026453
A[C>G]T	0.00001062	0.02594275	0.00035663	0.00233334	0.01210783	0.00335061	0.00456126	0.00379637	0.00154525	0.00026739	0.00213254	0.00464078	0.00064718
A[C>T]A	0.00011043	0.02263330	0.00048971	0.03151844	0.01473947	0.00821896	0.09759580	0.00370024	0.03186093	0.00143344	0.00180154	0.00920402	0.00144365
A[C>T]C	0.03061676	0.01962651	0.00202923	0.01313408	0.01683705	0.00392809	0.02190904	0.00222518	0.00885624	0.00049104	0.00466442	0.00052997	0.00185252
A[C>T]G	0.00001492	0.00356556	0.00001456	0.00000000	0.00133603	0.00255741	0.00174189	0.00025863	0.32834737	0.00047723	0.00106134	0.00082397	0.00321912
A[C>T]T	0.01147267	0.02171722	0.00262477	0.01910729	0.01716476	0.00205251	0.03558487	0.00651354	0.01325254	0.00054262	0.01516128	0.00147642	0.00015504
A[T>A]A	0.00236046	0.00489672	0.00077876	0.00886079	0.01365935	0.01505055	0.00544155	0.00103038	0.00142128	0.00025704	0.00921203	0.00015055	0.00041837
A[T>A]C	0.00044798	0.00952883	0.00094851	0.00676804	0.00367992	0.00574949	0.00335056	0.00028451	0.00259142	0.00030448	0.00261754	0.00022912	0.00145398
A[T>A]G	0.00092899	0.01255594	0.00033533	0.00886792	0.00644938	0.01972980	0.00132787	0.00197287	0.00207778	0.00017475	0.00087386	0.00085130	0.00015072
A[T>A]T	0.00604983	0.00099960	0.00023930	0.00272419	0.02119943	0.00350644	0.02486822	0.00369130	0.00116512	0.00061157	0.06349760	0.00066006	0.00136289
A[T>C]A	0.00010701	0.02685304	0.00104694	0.09211271	0.02503636	0.01188938	0.02172137	0.00083755	0.00484683	0.00024236	0.00076556	0.00396154	0.00036601
A[T>C]C	0.00021274	0.01111335	0.00018900	0.02895780	0.00993612	0.00055090	0.00161314	0.00167378	0.00332093	0.00010573	0.00059809	0.00044642	0.01158813
A[T>C]G	0.00021042	0.02054750	0.00070644	0.07781804	0.01791576	0.00572701	0.02838488	0.00228683	0.00123835	0.00000000	0.00150444	0.00200232	0.00150091
A[T>C]T	0.00161526	0.02818807	0.00085910	0.07162654	0.03054367	0.00026222	0.00065218	0.00490847	0.00762359	0.00035561	0.01348307	0.00286242	0.00687817
A[T>G]A	0.00009811	0.00400956	0.00060755	0.00231311	0.02433922	0.00149747	0.00033245	0.00019850	0.00005412	0.00092301	0.01053828	0.00010620	0.00102146
A[T>G]C	0.00045318	0.00480715	0.00014829	0.00102087	0.01435809	0.00000000	0.00051118	0.00079219	0.00015625	0.00427953	0.00195602	0.00001843	0.00117679
A[T>G]G	0.00101813	0.01128916	0.00006491	0.00694046	0.01183171	0.00084330	0.00063409	0.00252522	0.00121889	0.00108572	0.00284110	0.00079831	0.00083168
A[T>G]T	0.00046253	0.00537023	0.00064073	0.00089660	0.03977932	0.00000000	0.00166405	0.00118785	0.00002229	0.07145122	0.00507263	0.00006940	0.01353026
C[C>A]A	0.00099733	0.01402432	0.00005654	0.00080752	0.00209737	0.07467132	0.00019749	0.08772380	0.00062200	0.00009696	0.00509477	0.00141699	0.00230464
C[C>A]C	0.00050230	0.01211450	0.00000903	0.00046150	0.00031689	0.09957617	0.02503021	0.02354777	0.00047943	0.00006888	0.00311390	0.00069953	0.00156531
C[C>A]G	0.00008685	0.00000000	0.00000419	0.00451265	0.00010558	0.02463368	0.00356373	0.01472333	0.00026588	0.00007235	0.00098966	0.00003348	0.00009311
C[C>A]T	0.00045580	0.00001932	0.00030545	0.00163920	0.00014383	0.07259486	0.06936457	0.04556988	0.00040948	0.00006073	0.01059075	0.00000000	0.00042162
C[C>G]A	0.00007059	0.02066934	0.00000000	0.00139529	0.00046438	0.01244334	0.00118883	0.00064860	0.00004882	0.00015396	0.00062901	0.00514546	0.00071598
C[C>G]C	0.00034587	0.02080778	0.00005801	0.00341680	0.00429928	0.00892266	0.00166330	0.00242722	0.00067994	0.00012830	0.00138983	0.00135901	0.00027954
C[C>G]G	0.00032545	0.00228833	0.00003935	0.00278126	0.00067954	0.00271449	0.00025242	0.00408607	0.00090566	0.00013682	0.00047723	0.00053181	0.00044514
C[C>G]T	0.00016984	0.02978456	0.00001679	0.00113569	0.00618652	0.00850106	0.00159732	0.00348611	0.00002011	0.00010948	0.00318255	0.00617587	0.00022691
C[C>T]A	0.08526773	0.02248883	0.00452103	0.00828142	0.03703231	0.01126964	0.01398003	0.01154383	0.00368929	0.00026391	0.00896688	0.00007445	0.00177009
C[C>T]C	0.11919357	0.02236740	0.00000353	0.00385038	0.04924260	0.01214432	0.01857797	0.00502627	0.00131973	0.00003015	0.00216486	0.00101354	0.00162505
C[C>T]G	0.01328942	0.00412308	0.00093910	0.01362606	0.01016985	0.00213599	0.01817009	0.00672974	0.19169401	0.00237945	0.00708818	0.00178870	0.00126956
C[C>T]T	0.09794458	0.02893231	0.00122724	0.00839019	0.04222179	0.01820531	0.01756654	0.00440943	0.00145969	0.00001607	0.01635983	0.00159004	0.00244208
C[T>A]A	0.00034048	0.00260855	0.00011775	0.00441628	0.00055952	0.02719843	0.00103180	0.00002962	0.00035380	0.00030307	0.00323274	0.00018489	0.00030132
C[T>A]C	0.00029625	0.01556700	0.00014823	0.00015933	0.00015709	0.02160579	0.00310324	0.00096250	0.00018656	0.00158239	0.00937131	0.00046036	0.03839525
C[T>A]G	0.00027055	0.00482679	0.00001550	0.00477888	0.00041047	0.05503321	0.00175995	0.00147191	0.00139858	0.00083829	0.00025426	0.00013787	0.01153116
C[T>A]T	0.00007746	0.00952326	0.00044677	0.00000000	0.00228574	0.01917117	0.00033034	0.00160712	0.00012815	0.00720529	0.03271473	0.00033666	0.06485462
C[T>C]A	0.00064046	0.00939632	0.00029054	0.02999760	0.01609501	0.00709377	0.01140434	0.00027275	0.00000218	0.00029015	0.00909012	0.00031456	0.01085169
C[T>C]C	0.00006901	0.01157765	0.00019172	0.01968683	0.00324408	0.00287287	0.00211577	0.00082375	0.00138802	0.00433701	0.00000618	0.00024469	0.17344317
C[T>C]G	0.00000067	0.01008361	0.00023852	0.04002568	0.00770026	0.00686455	0.03187738	0.00053820	0.00076928	0.00398327	0.00000000	0.00056859	0.08082987
C[T>C]T	0.00393679	0.00000002	0.00000173	0.02777169	0.00181754	0.00281509	0.00512826	0.00021516	0.00001938	0.01397453	0.03774219	0.00005167	0.42105001
C[T>G]A	0.00012933	0.00384613	0.00001595	0.00148507	0.01119647	0.00156481	0.00051147	0.00000185	0.00000022	0.00201815	0.00309415	0.00005943	0.00017042
C[T>G]C	0.00030690	0.00910519	0.00015123	0.00243155	0.00501036	0.00018530	0.00302753	0.00106339	0.00057640	0.03003259	0.00349021	0.00013575	0.00174558
C[T>G]G	0.00025732	0.01193075	0.00000000	0.00336531	0.00729129	0.00578785	0.00425544	0.00066952	0.00077769	0.01342966	0.00059749	0.00012478	0.00051259
C[T>G]T	0.00001331	0.00008382	0.00005080	0.00319973	0.00083020	0.00184567	0.00016012	0.00003499	0.00001348	0.54799782	0.00012973	0.00035167	0.00225631
G[C>A]A	0.00013643	0.00868024	0.00000113	0.00655153	0.00070340	0.00154423	0.00081623	0.11273490	0.00411204	0.00192311	0.00077760	0.00147554	0.00401934
G[C>A]C	0.00004414	0.01010930	0.00026189	0.00577380	0.00529508	0.03886081	0.00508860	0.02554165	0.00008695	0.00007423	0.00013682	0.00065754	0.00087446
G[C>A]G	0.00000070	0.00026250	0.00011297	0.00296143	0.00122608	0.01464813	0.00089451	0.01104777	0.00058477	0.00025168	0.00000000	0.00033196	0.00022926
G[C>A]T	0.00000384	0.01048285	0.00001108	0.00190818	0.00076704	0.00340684	0.01085843	0.06907973	0.00048469	0.00078525	0.00021811	0.00042257	0.00154200
G[C>G]A	0.00001766	0.01397671	0.00005456	0.00064521	0.00071665	0.00812532	0.00111576	0.00039678	0.00007219	0.00005925	0.00008368	0.00164632	0.00074697
G[C>G]C	0.00010788	0.01166766	0.00002453	0.00225509	0.00256705	0.00786798	0.00179340	0.00138612	0.00038737	0.00031599	0.00029972	0.00080862	0.00031613
G[C>G]G	0.00013286	0.00274535	0.00003262	0.00091148	0.00036504	0.00414034	0.00009811	0.00058805	0.00040367	0.00003945	0.00023579	0.00027789	0.00007167
G[C>G]T	0.00005565	0.01807693	0.00004929	0.00196242	0.00460201	0.00465040	0.00251814	0.00051562	0.00015574	0.00000061	0.00118265	0.00274691	0.00090712
G[C>T]A	0.00015674	0.01986977	0.00000000	0.01295926	0.00624312	0.00347721	0.08934174	0.00211056	0.01040060	0.00000028	0.00000737	0.00793426	0.00171697
G[C>T]C	0.01988165	0.01575533	0.00012428	0.01829002	0.01084546	0.00415734	0.08152135	0.00125424	0.00636504	0.00024151	0.00008453	0.00153452	0.00056674
G[C>T]G	0.00000000	0.00020681	0.00001093	0.00949706	0.00021356	0.00016643	0.03868840	0.00058173	0.20753531	0.00330258	0.00000521	0.00000000	0.00044314
G[C>T]T	0.01873862	0.01339955	0.00484301	0.01624138	0.01022546	0.00282026	0.06060416	0.00199932	0.00438466	0.00000135	0.01206085	0.00169086	0.00095112
G[T>A]A	0.00049000	0.00550377	0.00010662	0.00290650	0.00194726	0.01705704	0.00185952	0.00038499	0.00059639	0.00014283	0.00116656	0.00013161	0.00000259
G[T>A]C	0.00017837	0.00790950	0.00018083	0.00080718	0.00117487	0.00565655	0.00230921	0.00075328	0.00033452	0.00040684	0.00180891	0.00011484	0.00291483
G[T>A]G	0.00048816	0.01019630	0.00001429	0.00166904	0.00045153	0.02043837	0.00228654	0.00074112	0.00078593	0.00037751	0.00009613	0.00001799	0.00046205
G[T>A]T	0.00030748	0.01097072	0.00009698	0.00005948	0.00082119	0.00858229	0.00305714	0.00173780	0.00004719	0.00131070	0.01761384	0.00017573	0.00477595
G[T>C]A	0.00003872	0.00946940	0.00011215	0.04002774	0.00268540	0.00404805	0.01715052	0.00000000	0.00040278	0.00001778	0.00004299	0.00054540	0.00024791
G[T>C]C	0.00000041	0.00710570	0.00020251	0.01828598	0.00468165	0.00099354	0.00022778	0.00165282	0.00182432	0.00135282	0.00020214	0.00028160	0.01486441
G[T>C]G	0.00013213	0.01204789	0.00001782	0.03379990	0.00048759	0.00266787	0.01410670	0.00136044	0.00152338	0.00087301	0.00034404	0.00056633	0.00495203
G[T>C]T	0.01049493	0.00000537	0.00000864	0.03759379	0.00274150	0.00048797	0.00568557	0.00068742	0.00000000	0.00079462	0.10696123	0.00002049	0.00315479
G[T>G]A	0.00007245	0.00496852	0.00015902	0.00151892	0.00530037	0.00085548	0.00015744	0.00008913	0.00026494	0.00040363	0.00158389	0.00013453	0.00038193
G[T>G]C	0.00010455	0.00288384	0.00012696	0.00090024	0.00429088	0.00035418	0.00025751	0.00005965	0.00001090	0.00711046	0.00125806	0.00003791	0.00013287
G[T>G]G	0.00095574	0.01209689	0.00004058	0.00283298	0.00191604	0.00200236	0.00063945	0.00364294	0.00119393	0.00168864	0.00544770	0.00040615	0.00098778
G[T>G]T	0.00140728	0.00319355	0.00001118	0.00012620	0.00459895	0.00007109	0.00213690	0.00054138	0.00005273	0.11389037	0.00758849	0.00000024	0.00745450
T[C>A]A	0.00118325	0.00531547	0.00003560	0.00044059	0.01882120	0.00688470	0.00197192	0.11120174	0.00000000	0.00001246	0.00574583	0.07657738	0.00121916
T[C>A]C	0.00135646	0.01618474	0.00037003	0.00141340	0.00583540	0.03582033	0.00293106	0.06435419	0.00212465	0.00000036	0.01285338	0.02927814	0.00000109
T[C>A]G	0.00007303	0.00047784	0.00001805	0.00243096	0.00049523	0.00725809	0.00009682	0.01739378	0.00021542	0.00017430	0.00000000	0.01137309	0.00017247
T[C>A]T	0.00058057	0.00978538	0.00052200	0.00303293	0.01462506	0.00040331	0.01629010	0.14848431	0.00028990	0.00260372	0.00273436	0.03555572	0.00153253
T[C>G]A	0.00007989	0.00071306	0.00001285	0.00210953	0.00047741	0.00365245	0.00089357	0.00033205	0.00015543	0.00013699	0.00210989	0.31687506	0.00325197
T[C>G]C	0.00036370	0.02380637	0.00000110	0.00011301	0.00455799	0.00668015	0.00134231	0.00433902	0.00001789	0.00000241	0.00329569	0.05918386	0.00090469
T[C>G]G	0.00013164	0.00060631	0.00001490	0.00172674	0.00214673	0.00141412	0.00029641	0.00149965	0.00020747	0.00008067	0.00010699	0.01442829	0.00018625
T[C>G]T	0.00000153	0.01451653	0.00087498	0.00160097	0.00760625	0.00199269	0.00299267	0.00285542	0.00101604	0.00145958	0.00857416	0.36090417	0.00000471
T[C>T]A	0.04915530	0.00199288	0.54041052	0.00171072	0.00733983	0.00408499	0.00157328	0.00205592	0.00159634	0.00007497	0.00722647	0.00445507	0.00280172
T[C>T]C	0.36530835	0.00270679	0.11629052	0.00010313	0.03952790	0.00611920	0.01334997	0.00000000	0.00000000	0.00071216	0.00587728	0.00052865	0.00242754
T[C>T]G	0.07752330	0.00000942	0.04506760	0.01243280	0.01285780	0.00000000	0.00473986	0.00068727	0.10823209	0.00070283	0.00015322	0.00021407	0.00072499
T[C>T]T	0.05583521	0.00896369	0.26494928	0.00895458	0.03377685	0.00828425	0.01253719	0.00006055	0.00010587	0.00049607	0.01786993	0.00270947	0.00160834
T[T>A]A	0.00107664	0.00243085	0.00005306	0.00494022	0.02497104	0.01430559	0.00626211	0.00498161	0.00753763	0.00181886	0.02334703	0.00040299	0.00027709
T[T>A]C	0.00072245	0.01269145	0.00004858	0.00043078	0.00771358	0.00662219	0.00026171	0.00184642	0.00000000	0.00005029	0.02836608	0.00034097	0.00536866
T[T>A]G	0.00042454	0.00470281	0.00001589	0.00421959	0.01191544	0.01605334	0.00081406	0.00025306	0.00039803	0.00001174	0.01127598	0.00032223	0.00152100
T[T>A]T	0.00029070	0.00367842	0.00135580	0.00364309	0.02142189	0.00695541	0.01262966	0.00312830	0.00152857	0.00129353	0.19249549	0.00006342	0.00010461
T[T>C]A	0.00503880	0.01117841	0.00000000	0.04719148	0.00850010	0.00276241	0.01222683	0.00029038	0.00000504	0.00054094	0.05291300	0.00020828	0.00199386
T[T>C]C	0.00100844	0.00788342	0.00001739	0.02319568	0.00916471	0.00000000	0.00590069	0.00287348	0.00318810	0.00092764	0.02097998	0.00031419	0.01484925
T[T>C]G	0.00139907	0.00626462	0.00006010	0.02934672	0.00568482	0.00089300	0.01433865	0.00252002	0.00011430	0.00162302	0.01731047	0.00053634	0.00237101
T[T>C]T	0.00177239	0.00533395	0.00005541	0.04252624	0.01644937	0.00009307	0.02892727	0.00000000	0.00261759	0.00054627	0.07373018	0.00064330	0.01833178
T[T>G]A	0.00007416	0.00609721	0.00016353	0.00177812	0.03324168	0.00064216	0.00039055	0.00003998	0.00000310	0.00001560	0.01643566	0.00021653	0.00035001
T[T>G]C	0.00035074	0.01068473	0.00006304	0.00230275	0.02133738	0.00000000	0.00081675	0.00115704	0.00092560	0.00859699	0.01209668	0.00050269	0.00083074
T[T>G]G	0.00024036	0.01133420	0.00001020	0.00419477	0.01622278	0.00311199	0.00182620	0.00085927	0.00137908	0.00419432	0.00540157	0.00048692	0.00147162
T[T>G]T	0.00002868	0.01178868	0.00022895	0.00506698	0.06559151	0.00000163	0.01058481	0.00246545	0.00182918	0.12474690	0.01356651	0.00039563	0.00831716
