MutationsType	SBS96A	SBS96B	SBS96C	SBS96D	SBS96E	SBS96F	SBS96G	SBS96H	SBS96I	SBS96J	SBS96K	SBS96L	SBS96M	SBS96N	SBS96O	SBS96P	SBS96Q	SBS96R	SBS96S	SBS96T	SBS96U	SBS96V
A[C>A]A	0.00002906	0.00194165	0.04454191	0.00802865	0.02447332	0.03980306	0.00045989	0.00059602	0.00103496	0.00067531	0.00486835	0.00426982	0.05808527	0.01051962	0.05619184	0.00228085	0.00011575	0.00179451	0.00804260	0.00688437	0.00153390	0.00480320
A[C>A]C	0.00018344	0.00021524	0.03425088	0.01075907	0.01802353	0.01252231	0.00036615	0.00018264	0.00232715	0.00057597	0.00098289	0.00228727	0.01482275	0.00271078	0.05086296	0.00111144	0.00082524	0.00072936	0.00185661	0.03590985	0.00107771	0.00469557
A[C>A]G	0.00006397	0.00011088	0.01691975	0.00136983	0.00074745	0.00296916	0.00015465	0.00008033	0.00018302	0.00001491	0.00038119	0.00052368	0.00114809	0.00077305	0.01917281	0.00009956	0.00019379	0.00023591	0.00105097	0.00092115	0.00005611	0.00099346
A[C>A]T	0.00022782	0.00049731	0.03273179	0.00383246	0.01302913	0.01923731	0.00032305	0.00047782	0.00132356	0.00587440	0.00200473	0.00084564	0.02241280	0.00727758	0.03051030	0.00015470	0.00383958	0.00032550	0.00271190	0.01561016	0.00095878	0.00622122
A[C>G]A	0.00004202	0.00000094	0.00748574	0.01737681	0.02935794	0.01241551	0.00033068	0.00017411	0.00201469	0.00389739	0.00102192	0.00288085	0.00111014	0.00546790	0.00901300	0.00115983	0.00124067	0.00391936	0.00295307	0.00602893	0.00643797	0.00068086
A[C>G]C	0.00001206	0.00013780	0.00284217	0.00890354	0.01731441	0.01079472	0.00031699	0.00007987	0.00134038	0.00065703	0.00026206	0.00144375	0.00255068	0.00312443	0.00601781	0.00063997	0.00259340	0.00093944	0.00092025	0.00559224	0.00396513	0.00053674
A[C>G]G	0.00005289	0.00046341	0.00157158	0.00314874	0.00000000	0.00451441	0.00007946	0.00001379	0.00012709	0.00018143	0.00003582	0.00041863	0.00210416	0.00100629	0.00103280	0.00019411	0.00090493	0.00021201	0.00012720	0.00089324	0.00150752	0.00019308
A[C>G]T	0.00007757	0.00019998	0.00360900	0.01473526	0.02493560	0.01947515	0.00042009	0.00034621	0.00117789	0.00405940	0.00190411	0.00259345	0.00404056	0.01077522	0.00767616	0.00014657	0.00297824	0.00392109	0.00097109	0.01088197	0.01006313	0.00061656
A[C>T]A	0.00006551	0.00099712	0.00975090	0.06698758	0.01492789	0.02886381	0.00097208	0.00145193	0.02505188	0.08906828	0.00167908	0.01349120	0.00694697	0.01897148	0.00983528	0.00193158	0.00377044	0.00723518	0.00446125	0.00611131	0.01050448	0.00253648
A[C>T]C	0.01855933	0.03876392	0.00384801	0.03101179	0.01567623	0.01437284	0.00151525	0.00026739	0.00644085	0.01772445	0.00786866	0.00584715	0.00333964	0.01187856	0.01176835	0.00201439	0.00276727	0.00010597	0.00195015	0.00929521	0.00245801	0.00403271
A[C>T]G	0.00000858	0.00038465	0.00132025	0.00184938	0.00682394	0.00380458	0.00015326	0.01290241	0.36360858	0.01560523	0.00037227	0.00026379	0.00363587	0.00282415	0.00172704	0.00020049	0.00099707	0.00252534	0.00244267	0.00202261	0.00128539	0.00688282
A[C>T]T	0.00794236	0.01031463	0.00461393	0.04200965	0.01399714	0.02520481	0.00236159	0.00047861	0.00956592	0.03041614	0.00780563	0.00598431	0.00736141	0.01457472	0.00856505	0.00109444	0.03260182	0.00040991	0.00244314	0.00845233	0.00582038	0.00623472
A[T>A]A	0.00198593	0.00258821	0.00336178	0.00570871	0.00171709	0.00899817	0.00024083	0.00008023	0.00075841	0.00515909	0.01242307	0.00472020	0.00221414	0.02029642	0.00436737	0.00101573	0.00027872	0.00002435	0.05776325	0.00367008	0.00638549	0.00048308
A[T>A]C	0.00068103	0.00038288	0.00301280	0.01145359	0.00897485	0.00373312	0.00108056	0.00033996	0.00229616	0.00303140	0.00334789	0.00363970	0.00040955	0.00889884	0.00485830	0.00113743	0.00121256	0.00011461	0.00695298	0.00838778	0.00465683	0.00058394
A[T>A]G	0.00056985	0.00147158	0.00731406	0.01389277	0.00958830	0.00899156	0.00037784	0.00009227	0.00112606	0.00067871	0.00019136	0.00403011	0.00234371	0.01032252	0.00740684	0.00027754	0.00370123	0.00062876	0.05647421	0.00270838	0.00244141	0.00062855
A[T>A]T	0.00388666	0.00846327	0.00483232	0.00025029	0.00226657	0.01060647	0.00005101	0.00059779	0.00022218	0.02851405	0.05107525	0.00017706	0.00674123	0.00135819	0.00092771	0.00135199	0.03939144	0.00058551	0.00014046	0.00487544	0.08232801	0.00303146
A[T>C]A	0.00038894	0.00060158	0.00484295	0.02906987	0.01039384	0.01962890	0.00140406	0.00007808	0.00105349	0.02262672	0.00038903	0.06598999	0.00088149	0.21201767	0.01894453	0.00056099	0.00469745	0.00191211	0.02368924	0.01900283	0.01451464	0.00121441
A[T>C]C	0.00021015	0.00040380	0.00014598	0.01469237	0.00742610	0.00880685	0.00038978	0.00027015	0.00299030	0.00371965	0.00052380	0.04095031	0.00248960	0.01691662	0.00660631	0.01279313	0.00394197	0.00019799	0.00189332	0.00764740	0.00626913	0.00057428
A[T>C]G	0.00011934	0.00119936	0.00383189	0.05217203	0.00809559	0.02017777	0.00109435	0.00000379	0.00014065	0.02872735	0.00122365	0.07331346	0.00141407	0.07165250	0.01615611	0.00083913	0.00939592	0.00049740	0.00961033	0.01724306	0.00766452	0.00065981
A[T>C]T	0.00054909	0.00195468	0.00059980	0.03505143	0.01556705	0.02336811	0.00128701	0.00067441	0.00573256	0.00254229	0.00280277	0.06019563	0.00413521	0.12357970	0.01613974	0.00806001	0.04994306	0.00104370	0.00188851	0.02099779	0.01969184	0.00083641
A[T>G]A	0.00051746	0.00004429	0.00077527	0.00309351	0.00395938	0.01147906	0.00035981	0.00135076	0.00017204	0.00025871	0.01199725	0.00190020	0.00036955	0.00823720	0.00246504	0.00084846	0.00354224	0.00002880	0.00191397	0.00363897	0.00741056	0.01016408
A[T>G]C	0.00024567	0.00088849	0.00003798	0.00226386	0.00285127	0.01263405	0.00015747	0.00434445	0.00022995	0.00021133	0.00105888	0.00086039	0.00076361	0.00300256	0.00217597	0.00067081	0.00265679	0.00001403	0.00023076	0.00172457	0.00100981	0.01726911
A[T>G]G	0.00029309	0.00140021	0.00101331	0.01457195	0.00776260	0.01240896	0.00027134	0.00094717	0.00033896	0.00053432	0.00058976	0.00208168	0.00190387	0.00650164	0.00459850	0.00081025	0.01054889	0.00004540	0.00339027	0.00711938	0.00280574	0.00806777
A[T>G]T	0.00029671	0.00066776	0.00001171	0.00023437	0.00126626	0.02782234	0.00013101	0.06699141	0.00031949	0.00118052	0.00000901	0.00095510	0.00121026	0.00268949	0.00273343	0.01219422	0.01393042	0.00023831	0.00040529	0.00197632	0.00308520	0.10985423
C[C>A]A	0.00035035	0.00168430	0.10303892	0.00041945	0.02357755	0.01762282	0.00043863	0.00021287	0.00032645	0.00021483	0.00000426	0.00240407	0.08335084	0.00691681	0.01230907	0.00027086	0.01558260	0.00128652	0.00234528	0.02806112	0.00250880	0.00796380
C[C>A]C	0.00019631	0.00138411	0.09942798	0.00041105	0.02984644	0.00557536	0.00027552	0.00006401	0.00177101	0.02921854	0.00316593	0.00164065	0.01570922	0.00704182	0.01422022	0.00115295	0.00290824	0.00093156	0.00613954	0.02067653	0.00017833	0.00362666
C[C>A]G	0.00000000	0.00038447	0.03065121	0.00552567	0.00089707	0.00009631	0.00008802	0.00000901	0.00008333	0.00383932	0.00193661	0.00137876	0.01241564	0.00309703	0.00605513	0.00011807	0.00012819	0.00001985	0.00047319	0.00273336	0.00005243	0.00119996
C[C>A]T	0.00031784	0.00149296	0.08439102	0.00000000	0.00846798	0.00976391	0.00030894	0.00011708	0.00002607	0.08332769	0.01363168	0.00003762	0.03477779	0.00133880	0.01768821	0.00011153	0.00002917	0.00000222	0.00137218	0.05274776	0.00056531	0.00527435
C[C>G]A	0.00000000	0.00036054	0.00876849	0.01082868	0.02952228	0.00216569	0.00018582	0.00014740	0.00008629	0.00058574	0.00013327	0.00206372	0.00004040	0.00602233	0.00716382	0.00063594	0.00141171	0.00562354	0.00253935	0.00536156	0.00242404	0.00034119
C[C>G]C	0.00010892	0.00084700	0.00726185	0.01614316	0.02017611	0.00977457	0.00064016	0.00002895	0.00015606	0.00081140	0.00218709	0.00251045	0.00184987	0.00735239	0.01067860	0.00038707	0.00044966	0.00067811	0.00216504	0.00865843	0.00105498	0.00058913
C[C>G]G	0.00006987	0.00072781	0.00432835	0.00490855	0.00153836	0.00197683	0.00015594	0.00001265	0.00024726	0.00025180	0.00027646	0.00057446	0.00402962	0.00239433	0.00089019	0.00033007	0.00134941	0.00047352	0.00055408	0.00192824	0.00047529	0.00024977
C[C>G]T	0.00006575	0.00077457	0.00691427	0.01284318	0.03238928	0.01387187	0.00046364	0.00014087	0.00018798	0.00087949	0.00417151	0.00260583	0.00342586	0.00996931	0.01187520	0.00021036	0.00018563	0.00627367	0.00161837	0.01564290	0.00572238	0.00080973
C[C>T]A	0.05144613	0.11270676	0.01410309	0.01919305	0.01932974	0.02551365	0.00393419	0.00049111	0.00211214	0.00421877	0.00309813	0.00760350	0.01000276	0.01124047	0.01482382	0.00097379	0.03695648	0.00005699	0.00338324	0.01194141	0.00709620	0.00134786
C[C>T]C	0.06029409	0.17589437	0.01214262	0.01116287	0.02106836	0.01764913	0.00001722	0.00004083	0.00028136	0.00452583	0.00605573	0.00315801	0.00286052	0.00727327	0.00732766	0.00170936	0.00497687	0.00133433	0.00517409	0.07975934	0.00028563	0.00120110
C[C>T]G	0.00742898	0.02101035	0.00389085	0.03124041	0.00179413	0.00232139	0.00289873	0.00739107	0.19510560	0.01724305	0.00887285	0.00381909	0.01325697	0.00913821	0.00806046	0.00222711	0.00309728	0.00310766	0.00158415	0.01055121	0.00974820	0.00288439
C[C>T]T	0.06098611	0.12444218	0.01897920	0.02285417	0.02642168	0.02395608	0.00121974	0.00008815	0.00039253	0.00691175	0.02081326	0.00575665	0.00280650	0.02299709	0.00714205	0.00192527	0.00324638	0.00143711	0.00373106	0.04831202	0.00575356	0.00440717
C[T>A]A	0.00015578	0.00087362	0.00076850	0.00032280	0.00008869	0.00000000	0.00028207	0.00004807	0.00001095	0.00009725	0.00305650	0.00057232	0.00000621	0.00180208	0.00366914	0.00020148	0.00148569	0.00019890	0.11791805	0.03513268	0.00143246	0.00018494
C[T>A]C	0.00022259	0.00079498	0.00741789	0.00219799	0.01934766	0.00325016	0.00033869	0.00195874	0.00045254	0.00332847	0.01314499	0.00441691	0.00253079	0.00414417	0.00292487	0.04012652	0.00007538	0.00039041	0.05197053	0.02340551	0.00096305	0.00186520
C[T>A]G	0.00009086	0.00047180	0.01878738	0.00161259	0.00383004	0.00124059	0.00026880	0.00062321	0.00039123	0.00069835	0.00048748	0.00079283	0.00201232	0.00036384	0.00162853	0.01207477	0.00094021	0.00026551	0.15748353	0.03875783	0.00019845	0.00145638
C[T>A]T	0.00036425	0.00000862	0.00606396	0.00000100	0.00566067	0.00759655	0.00010533	0.00722419	0.00031152	0.00003362	0.04832628	0.00000282	0.00088111	0.00105877	0.00190493	0.07170973	0.00083228	0.00041090	0.05593177	0.04715740	0.00431022	0.00135461
C[T>C]A	0.00041578	0.00140858	0.00498694	0.01140854	0.00736966	0.01530442	0.00067420	0.00052427	0.00004857	0.01427817	0.00768475	0.04538560	0.00000230	0.01370484	0.00498706	0.01098917	0.00991812	0.00001160	0.00772424	0.00601200	0.01072630	0.00140908
C[T>C]C	0.00013828	0.00078624	0.00155407	0.00498802	0.01295297	0.00567155	0.00030977	0.00562130	0.00258082	0.00282396	0.00305211	0.04627031	0.00246056	0.00311437	0.00638372	0.17180109	0.00004405	0.00011976	0.00289424	0.00422876	0.00475120	0.00332331
C[T>C]G	0.00002536	0.00052851	0.00529607	0.03222088	0.00680502	0.01056516	0.00052243	0.00347960	0.00043144	0.03352525	0.00206807	0.03881934	0.00048051	0.01756508	0.01063462	0.08711196	0.00112297	0.00001289	0.00399957	0.00644479	0.00515149	0.00316325
C[T>C]T	0.00164456	0.00602797	0.00126639	0.01008447	0.00360296	0.00202658	0.00048302	0.01608809	0.00007881	0.00621799	0.04221067	0.03659898	0.00104811	0.00918436	0.01064340	0.42329074	0.03835939	0.00000001	0.00150601	0.00258718	0.00294483	0.00163769
C[T>G]A	0.00006307	0.00034605	0.00020975	0.00276625	0.00544526	0.00289414	0.00027927	0.00197369	0.00005643	0.00038590	0.00328885	0.00111434	0.00002995	0.00349757	0.00210686	0.00029222	0.00141642	0.00002386	0.00465387	0.00376267	0.00309291	0.01484585
C[T>G]C	0.00014484	0.00076267	0.00015956	0.00705069	0.00954621	0.00495235	0.00026679	0.03047345	0.00027951	0.00272241	0.00555592	0.00195297	0.00210438	0.00254122	0.00217568	0.00104369	0.00014892	0.00003109	0.00147912	0.00178426	0.00116349	0.01921605
C[T>G]G	0.00000008	0.00116569	0.00340256	0.01025227	0.01467595	0.00303763	0.00024344	0.01326714	0.00018469	0.00383264	0.00107877	0.00153532	0.00310277	0.00437117	0.00239020	0.00012361	0.00012780	0.00002837	0.00847397	0.00664943	0.00258254	0.01466876
C[T>G]T	0.00000035	0.00000005	0.00102055	0.00316392	0.00251110	0.00770765	0.00026838	0.53484758	0.00029000	0.00010324	0.00301946	0.00229656	0.00326276	0.00228547	0.00129599	0.00470006	0.00001990	0.00000130	0.00128669	0.00264570	0.00454610	0.03772047
G[C>A]A	0.00001979	0.00045798	0.02848932	0.00754046	0.00250796	0.01255322	0.00021498	0.00101461	0.00160669	0.00020047	0.00108657	0.00215950	0.12957710	0.00523625	0.07510688	0.00214901	0.00026682	0.00093922	0.00373847	0.00635119	0.00319902	0.00647595
G[C>A]C	0.00013058	0.00001398	0.02939480	0.00326924	0.00806608	0.00707478	0.00027203	0.00000421	0.00028011	0.00437254	0.00049017	0.00143684	0.01547916	0.00205040	0.09442390	0.00148020	0.00004281	0.00044379	0.00311873	0.03372446	0.00046597	0.00378832
G[C>A]G	0.00003934	0.00000222	0.01605979	0.00232541	0.00013271	0.00175369	0.00012757	0.00009899	0.00055075	0.00059592	0.00001269	0.00061241	0.00741885	0.00113387	0.02226104	0.00019357	0.00005953	0.00015830	0.00094871	0.00051690	0.00022785	0.00089401
G[C>A]T	0.00000000	0.00000057	0.01535409	0.00158728	0.00874568	0.00740418	0.00013896	0.00051848	0.00004619	0.01070228	0.00019469	0.00057346	0.07256240	0.00248473	0.07492658	0.00021309	0.00004695	0.00000309	0.00185463	0.01342439	0.00207153	0.00441947
G[C>G]A	0.00001328	0.00000699	0.00582929	0.00773293	0.01923966	0.00174292	0.00023102	0.00003037	0.00010208	0.00056601	0.00015019	0.00107772	0.00022478	0.00279058	0.00501237	0.00098108	0.00024612	0.00146599	0.00228559	0.00406497	0.00246016	0.00047431
G[C>G]C	0.00001525	0.00037338	0.00675314	0.00848310	0.01101712	0.00526597	0.00037483	0.00006050	0.00030743	0.00156383	0.00039851	0.00099356	0.00077920	0.00389209	0.00262206	0.00087078	0.00007405	0.00045797	0.00159165	0.01805436	0.00314346	0.00027817
G[C>G]G	0.00004180	0.00031155	0.00426184	0.00299411	0.00344426	0.00057198	0.00007333	0.00000818	0.00018489	0.00013456	0.00017710	0.00028352	0.00048216	0.00098940	0.00026647	0.00007159	0.00056127	0.00023364	0.00045182	0.00118921	0.00013341	0.00009069
G[C>G]T	0.00002596	0.00022755	0.00271305	0.01095683	0.02183345	0.00442767	0.00033971	0.00000531	0.00010107	0.00230885	0.00119868	0.00154889	0.00085668	0.00526458	0.00725775	0.00090026	0.00099884	0.00269672	0.00134872	0.00927644	0.00432989	0.00032014
G[C>T]A	0.00004323	0.00058193	0.00233721	0.03383264	0.02031947	0.01553638	0.00060775	0.00021155	0.00455429	0.09302167	0.00037913	0.00845706	0.00837194	0.01521004	0.01173617	0.00203051	0.00053246	0.00712434	0.00504908	0.00087539	0.00579988	0.00521023
G[C>T]C	0.01235601	0.02644123	0.00292579	0.03848227	0.01479018	0.01123114	0.00044909	0.00013525	0.00018974	0.07972734	0.00043275	0.00659050	0.00623356	0.01545123	0.01129589	0.00047541	0.00108201	0.00084957	0.00428298	0.01222343	0.00954898	0.00170708
G[C>T]G	0.00000077	0.00000224	0.00028682	0.02003782	0.00001426	0.00000000	0.00010265	0.00837483	0.21723012	0.04922129	0.00000000	0.00264002	0.00993678	0.00558098	0.00458682	0.00170175	0.00002246	0.00142851	0.00068442	0.00153326	0.01940401	0.00053670
G[C>T]T	0.01755767	0.00574588	0.00318427	0.03282072	0.01212186	0.01574416	0.00027237	0.00000342	0.00013479	0.06456216	0.00120312	0.00462994	0.00495512	0.01381754	0.00794189	0.00035818	0.04149393	0.00111671	0.00325146	0.00432108	0.00928752	0.00137734
G[T>A]A	0.00040914	0.00043804	0.00406460	0.00447896	0.00711856	0.00142961	0.00012808	0.00008237	0.00014410	0.00128169	0.00166744	0.00113548	0.00140873	0.00218969	0.00640248	0.00005749	0.00008101	0.00002198	0.04900931	0.00025830	0.00156653	0.00034443
G[T>A]C	0.00022516	0.00019972	0.00297790	0.00382439	0.01005923	0.00198998	0.00018868	0.00031796	0.00018978	0.00243729	0.00224495	0.00197038	0.00195486	0.00142833	0.00169283	0.00335452	0.00011568	0.00017037	0.00995993	0.00472589	0.00228378	0.00038091
G[T>A]G	0.00028411	0.00055031	0.01111897	0.00361751	0.01494699	0.00153237	0.00020573	0.00019907	0.00027899	0.00236616	0.00001046	0.00209042	0.00120255	0.00568110	0.00563644	0.00069774	0.00124432	0.00002113	0.03521860	0.00076786	0.00083269	0.00050936
G[T>A]T	0.00033538	0.00004638	0.00552104	0.00299597	0.01709985	0.00211783	0.00014690	0.00150037	0.00025821	0.00308758	0.02035144	0.00044771	0.00342304	0.00131245	0.00211910	0.00473431	0.00835760	0.00038616	0.00922509	0.00226916	0.00317315	0.00069209
G[T>C]A	0.00005582	0.00016468	0.00263687	0.00962378	0.00955007	0.00399062	0.00034093	0.00005044	0.00104944	0.02609130	0.00009006	0.07100327	0.00057839	0.00929377	0.00390920	0.00010461	0.00076763	0.00034142	0.00313180	0.00502877	0.00612274	0.00052740
G[T>C]C	0.00004708	0.00000288	0.00061807	0.00781721	0.00535001	0.00473172	0.00030810	0.00143976	0.00195154	0.00130343	0.00033297	0.03065030	0.00265587	0.00463975	0.00563559	0.01483510	0.00227831	0.00017025	0.00212383	0.00555268	0.00398134	0.00056409
G[T>C]G	0.00003818	0.00043617	0.00186638	0.02010643	0.01259029	0.00242551	0.00055401	0.00096790	0.00118558	0.01730752	0.00026625	0.04296368	0.00443016	0.01248817	0.00711187	0.00369310	0.00265709	0.00018245	0.00263303	0.00609942	0.00327375	0.00091323
G[T>C]T	0.00086329	0.00761193	0.00002252	0.00434337	0.00665558	0.00134066	0.00033750	0.00120699	0.00012029	0.00496871	0.00776361	0.03434802	0.00196562	0.00555613	0.00870712	0.00450891	0.30787095	0.00000000	0.00199026	0.01036221	0.00233276	0.00196356
G[T>G]A	0.00007186	0.00031452	0.00038710	0.00442005	0.00635839	0.00205165	0.00031412	0.00026203	0.00009545	0.00020343	0.00247265	0.00080463	0.00088641	0.00170506	0.00139294	0.00054092	0.00013607	0.00006212	0.00174065	0.00228276	0.00183418	0.00124313
G[T>G]C	0.00011539	0.00030668	0.00015386	0.00264356	0.00292663	0.00296676	0.00019460	0.00605924	0.00002456	0.00017014	0.00164285	0.00057067	0.00000287	0.00128326	0.00090433	0.00018349	0.00006734	0.00003125	0.00033157	0.00421605	0.00084778	0.00120061
G[T>G]G	0.00031935	0.00233042	0.00276459	0.00937649	0.01594686	0.00090720	0.00024471	0.00142388	0.00038344	0.00047456	0.00608646	0.00120507	0.00673115	0.00346046	0.00204993	0.00090397	0.00376553	0.00045042	0.00118856	0.00560451	0.00053210	0.00331119
G[T>G]T	0.00087462	0.00188037	0.00002445	0.00018228	0.00656001	0.00390743	0.00003084	0.11082245	0.00007874	0.00254233	0.00670358	0.00014027	0.00191047	0.00137543	0.00153435	0.00707075	0.00653711	0.00000760	0.00019885	0.00226696	0.00169586	0.00784921
T[C>A]A	0.00033222	0.00262718	0.04775151	0.00087476	0.00386776	0.03834555	0.00079361	0.00000329	0.00013949	0.00106868	0.00256553	0.00188433	0.08593664	0.00454654	0.02223408	0.00026826	0.01085441	0.07857791	0.00257794	0.00469907	0.00237598	0.01999828
T[C>A]C	0.00068214	0.00311229	0.05604364	0.00727885	0.01724865	0.02516619	0.00045168	0.00007141	0.00258653	0.00263271	0.01422853	0.00230510	0.04813661	0.00382969	0.02602153	0.00018075	0.00725542	0.02919688	0.00340979	0.01875398	0.00009720	0.00422832
T[C>A]G	0.00002539	0.00021393	0.01161171	0.00223089	0.00028446	0.00296451	0.00018299	0.00009794	0.00004728	0.00006955	0.00002934	0.00054748	0.01424004	0.00135560	0.01492609	0.00009091	0.00003448	0.01211038	0.00042985	0.00052415	0.00015338	0.00114168
T[C>A]T	0.00063492	0.00105252	0.05301662	0.01495365	0.00502548	0.03191691	0.00062560	0.00249450	0.00030797	0.01698264	0.00389516	0.00193323	0.14526016	0.00729879	0.00135970	0.00055043	0.00030860	0.03531853	0.00238174	0.01352872	0.00615956	0.00716665
T[C>G]A	0.00000000	0.00003177	0.00206057	0.00380026	0.01415906	0.00222974	0.00027281	0.00009825	0.00006848	0.00088424	0.00133321	0.00118421	0.00092902	0.00250194	0.00722165	0.00393650	0.00369441	0.31594651	0.00516273	0.00750011	0.02366989	0.00116239
T[C>G]C	0.00002141	0.00145548	0.00525795	0.00744411	0.02915058	0.01272284	0.00038544	0.00005904	0.00029873	0.00046175	0.00448297	0.00188112	0.00431997	0.00429873	0.01270102	0.00083715	0.00064114	0.06340363	0.00267993	0.00629450	0.01732719	0.00096768
T[C>G]G	0.00000061	0.00031989	0.00211235	0.00298165	0.00008844	0.00243745	0.00009797	0.00002239	0.00007662	0.00012386	0.00001687	0.00052665	0.00081774	0.00095235	0.00143370	0.00043385	0.00088678	0.01375037	0.00044306	0.00083741	0.00236029	0.00025210
T[C>G]T	0.00021633	0.00039380	0.00139272	0.00177722	0.02675623	0.01576993	0.00152780	0.00143752	0.00171892	0.00301437	0.01155840	0.00210704	0.00117322	0.01959833	0.01060111	0.00062457	0.00008513	0.36790351	0.00162601	0.02027758	0.05370665	0.00149990
T[C>T]A	0.22196448	0.00203438	0.00363540	0.00290531	0.00114601	0.04514764	0.52721910	0.00004087	0.00097562	0.00229079	0.01624617	0.00250182	0.00830510	0.00293740	0.00099903	0.00065912	0.00076318	0.00598440	0.00226075	0.00735640	0.00238922	0.00246493
T[C>T]C	0.35307151	0.21785379	0.00776918	0.00008900	0.01155072	0.02561749	0.08919934	0.00048738	0.00023748	0.00268556	0.01452820	0.00046902	0.00278214	0.00152055	0.00092115	0.00015776	0.01751816	0.00403470	0.00195187	0.01708232	0.00132151	0.00212386
T[C>T]G	0.07847307	0.05601760	0.00000000	0.02094821	0.00000004	0.00000000	0.04208770	0.00387701	0.10902359	0.00175848	0.00000167	0.00264496	0.00872736	0.00868763	0.00996779	0.00046539	0.00435333	0.00167335	0.00012109	0.00817321	0.00356318	0.00109880
T[C>T]T	0.08337264	0.11150795	0.00707771	0.00526279	0.00529537	0.03088152	0.29811206	0.00078491	0.00014946	0.00335524	0.00190042	0.00373605	0.00002508	0.02159321	0.01045593	0.00035081	0.04921917	0.00102975	0.00178029	0.01147366	0.00804246	0.00145559
T[T>A]A	0.00030784	0.00307214	0.00214353	0.00077651	0.00130439	0.00725883	0.00057262	0.00137239	0.00669663	0.00604630	0.01533568	0.00158764	0.01150061	0.00101669	0.00200659	0.00017118	0.01573385	0.00030761	0.06250881	0.00343111	0.10051929	0.00113260
T[T>A]C	0.00036589	0.00215393	0.00175075	0.00068117	0.01175458	0.01313967	0.00032778	0.00019789	0.00010218	0.00009959	0.03433209	0.00619626	0.00245509	0.00191140	0.00516459	0.00555660	0.00112427	0.00022273	0.02144581	0.00396916	0.01365014	0.00163162
T[T>A]G	0.00000060	0.00150026	0.00237013	0.00418869	0.00423645	0.00669179	0.00013725	0.00000293	0.00008835	0.00012219	0.01214353	0.00281205	0.00153844	0.00403490	0.00470256	0.00170450	0.00536546	0.00022619	0.06577959	0.00070177	0.00892027	0.00053968
T[T>A]T	0.00089308	0.00006432	0.00272655	0.00329403	0.00230042	0.01574968	0.00037389	0.00126206	0.00178416	0.01313334	0.28056315	0.00437078	0.00488796	0.00166973	0.00569596	0.00162151	0.02563357	0.00012915	0.02519439	0.00196557	0.03541558	0.00748456
T[T>C]A	0.00221127	0.00621521	0.00143456	0.00428606	0.01271952	0.00327179	0.00045131	0.00097217	0.00024672	0.01727567	0.03050151	0.08095596	0.00084745	0.01144870	0.00822422	0.00175927	0.07824873	0.00000260	0.00393099	0.00900135	0.07578229	0.00166693
T[T>C]C	0.00061798	0.00169599	0.00008638	0.00382011	0.00799370	0.00595224	0.00026644	0.00107491	0.00336101	0.00972775	0.02095688	0.04482964	0.00703035	0.00390791	0.00282466	0.01509882	0.01375957	0.00006400	0.00040494	0.00565557	0.03079123	0.00219267
T[T>C]G	0.00029536	0.00364733	0.00157238	0.01273934	0.00520094	0.00420366	0.00042907	0.00116075	0.00038087	0.01832759	0.01313544	0.03968596	0.00321912	0.01058881	0.00327072	0.00234460	0.02206863	0.00016218	0.00176115	0.00550597	0.02355217	0.00169778
T[T>C]T	0.00083828	0.00296301	0.00002657	0.01553300	0.00986380	0.00079992	0.00043782	0.00098322	0.00422439	0.03506788	0.08865762	0.05830671	0.00206389	0.01173421	0.00514578	0.02074116	0.04147199	0.00057075	0.00018675	0.00628456	0.04703774	0.00294364
T[T>G]A	0.00011931	0.00082445	0.00000460	0.00344853	0.00765591	0.00761340	0.00013251	0.00000000	0.00000471	0.00002307	0.01936484	0.00159590	0.00001607	0.00386132	0.00260641	0.00000979	0.00013698	0.00017464	0.00217339	0.00533340	0.04885168	0.04360907
T[T>G]C	0.00010279	0.00142720	0.00000259	0.00886504	0.00685476	0.01655705	0.00021641	0.00849196	0.00015837	0.00041202	0.01749683	0.00211615	0.00189303	0.00411182	0.00316709	0.00011779	0.00023028	0.00001851	0.00028051	0.00407998	0.01588727	0.03553906
T[T>G]G	0.00000096	0.00120158	0.00191847	0.01052358	0.00988234	0.01098571	0.00030229	0.00466365	0.00056550	0.00133945	0.00765491	0.00171507	0.00107165	0.00445422	0.00374328	0.00098873	0.00020349	0.00002455	0.00514093	0.00667412	0.02325040	0.01415203
T[T>G]T	0.00003018	0.00118854	0.00039112	0.00373727	0.00222458	0.00471164	0.00023101	0.11785044	0.00023985	0.00787670	0.02157571	0.00279906	0.00391301	0.00403233	0.00133871	0.00411516	0.00022148	0.00000000	0.00032527	0.00336920	0.08496714	0.47624333
