MutationsType	SBS96A	SBS96B	SBS96C	SBS96D	SBS96E	SBS96F	SBS96G	SBS96H	SBS96I	SBS96J	SBS96K	SBS96L	SBS96M	SBS96N	SBS96O	SBS96P	SBS96Q
A[C>A]A	0.00783648	0.04225061	0.02287944	0.04916862	0.00003176	0.00066297	0.00004750	0.00061706	0.00129062	0.05518263	0.00047917	0.00093688	0.00243082	0.00451813	0.00435968	0.00011582	0.00158662
A[C>A]C	0.00844353	0.01437556	0.02298488	0.04002523	0.00008849	0.00223208	0.00077457	0.00012521	0.00024471	0.01525366	0.00075493	0.00054398	0.00140238	0.00032830	0.00303197	0.00058520	0.00067865
A[C>A]G	0.00237635	0.00313068	0.00038718	0.01845179	0.00001944	0.00011130	0.00023867	0.00013823	0.00011410	0.00079323	0.00006834	0.00023553	0.00015723	0.00011269	0.00075831	0.00027602	0.00008237
A[C>A]T	0.00296928	0.01862810	0.01388962	0.03553433	0.00021036	0.00095371	0.00029680	0.00016382	0.00046495	0.02182021	0.00679891	0.00018203	0.00039824	0.00102045	0.00504217	0.00404323	0.00337132
A[C>G]A	0.00780843	0.01476752	0.03115806	0.00690720	0.00004459	0.00225346	0.00024861	0.00029697	0.00000249	0.00125003	0.00495893	0.00340533	0.00072633	0.00047952	0.00642175	0.00141267	0.00500644
A[C>G]C	0.00365114	0.01150131	0.01888507	0.00255688	0.00000728	0.00064882	0.00013117	0.00004929	0.00002957	0.00401339	0.00197355	0.00082785	0.00070733	0.00036361	0.00194237	0.00272390	0.00416520
A[C>G]G	0.00148020	0.00416609	0.00000068	0.00130934	0.00002665	0.00001048	0.00001687	0.00004452	0.00054758	0.00229047	0.00055880	0.00036780	0.00035359	0.00029143	0.00067480	0.00071643	0.00150423
A[C>G]T	0.00634854	0.02208036	0.02562099	0.00291344	0.00003001	0.00165298	0.00043452	0.00011163	0.00007966	0.00538027	0.00514663	0.00430040	0.00027919	0.00203916	0.00497773	0.00355906	0.00619183
A[C>T]A	0.03048922	0.03137911	0.01136829	0.00774577	0.00000869	0.02536843	0.00079998	0.00167860	0.00089187	0.00765115	0.09167440	0.00844575	0.00252257	0.00150347	0.02238280	0.00336189	0.00740850
A[C>T]C	0.01511341	0.01640093	0.01511788	0.00359755	0.02162635	0.00607346	0.00203200	0.00020991	0.03917321	0.00449098	0.02149044	0.00012064	0.00246040	0.00765888	0.00722856	0.00330515	0.00187194
A[C>T]G	0.00016958	0.00565189	0.00962293	0.00214546	0.00001470	0.36885000	0.00003312	0.00644084	0.00023770	0.00092484	0.00000000	0.00004138	0.00004968	0.00021609	0.00056259	0.00202672	0.00125620
A[C>T]T	0.01960163	0.02727675	0.01292786	0.00266669	0.00853044	0.01040045	0.00397371	0.00080627	0.01224485	0.00938890	0.02983531	0.00049417	0.00119075	0.00739641	0.01181569	0.02659073	0.00657224
A[T>A]A	0.00763710	0.00992696	0.00184586	0.00406041	0.00243214	0.00104959	0.00020511	0.00005397	0.00209735	0.00125469	0.00528697	0.00000442	0.00107594	0.01367825	0.05073263	0.00040007	0.00301838
A[T>A]C	0.00853436	0.00517943	0.00962093	0.00329245	0.00042991	0.00335032	0.00122335	0.00026438	0.00045996	0.00069252	0.00293075	0.00021818	0.00066199	0.00330953	0.00876285	0.00155679	0.00175434
A[T>A]G	0.00888258	0.01026422	0.01006943	0.00822799	0.00061278	0.00175410	0.00023326	0.00014168	0.00155462	0.00149506	0.00212336	0.00101798	0.00014969	0.00024936	0.04825481	0.00289541	0.00114165
A[T>A]T	0.00091284	0.00579869	0.00073302	0.00414184	0.00397669	0.00013599	0.00004044	0.00042988	0.00845136	0.00380578	0.02859179	0.00090036	0.00105196	0.06427810	0.00043051	0.03218677	0.05014736
A[T>C]A	0.08577892	0.03346626	0.01306480	0.00542698	0.00042483	0.00225745	0.00086568	0.00018491	0.00058820	0.00137623	0.02440647	0.00197139	0.00030560	0.00066361	0.04544905	0.00485721	0.00181236
A[T>C]C	0.02889828	0.01103378	0.00821557	0.00010370	0.00006068	0.00353761	0.00063530	0.00016346	0.00017333	0.00244222	0.00423638	0.00021558	0.01188144	0.00055818	0.00403916	0.00492668	0.00096189
A[T>C]G	0.06919087	0.02673752	0.01000609	0.00422457	0.00005851	0.00025160	0.00076656	0.00001201	0.00101221	0.00391965	0.03497351	0.00027334	0.00100311	0.00045040	0.01977819	0.01010125	0.00048510
A[T>C]T	0.06572804	0.03058059	0.01971566	0.00036110	0.00062146	0.00667870	0.00107842	0.00026960	0.00171854	0.00646997	0.00430706	0.00234437	0.00917708	0.00250980	0.01583102	0.04900317	0.00550711
A[T>G]A	0.00318058	0.01188878	0.00450497	0.00084834	0.00047283	0.00004421	0.00049967	0.00148182	0.00002748	0.00071633	0.00055618	0.00002301	0.00073001	0.01127443	0.00207295	0.00338188	0.00877654
A[T>G]C	0.00118300	0.01224297	0.00273180	0.00011237	0.00017513	0.00038150	0.00019031	0.00472106	0.00100393	0.00059105	0.00032340	0.00000522	0.00068155	0.00057365	0.00036249	0.00284173	0.00893688
A[T>G]G	0.00700358	0.01389986	0.00876248	0.00079188	0.00025359	0.00081682	0.00019806	0.00104265	0.00145614	0.00311012	0.00148951	0.00002039	0.00097038	0.00038825	0.00669538	0.00966256	0.00615382
A[T>G]T	0.00004899	0.02904876	0.00078160	0.00002600	0.00031884	0.00000000	0.00001879	0.06559134	0.00018344	0.00022087	0.00120698	0.00017064	0.01211170	0.00000000	0.00032076	0.01249178	0.04943086
C[C>A]A	0.00054001	0.01280337	0.02409309	0.09336255	0.00056641	0.00004051	0.00007205	0.00032323	0.00100203	0.08069315	0.00002885	0.00123316	0.00011069	0.00006609	0.00109746	0.01322330	0.00425042
C[C>A]C	0.00053468	0.00284256	0.02509157	0.09962620	0.00015801	0.00174853	0.00036433	0.00003841	0.00076350	0.00860464	0.02720338	0.00028875	0.00147099	0.00195437	0.00457030	0.00315093	0.00048540
C[C>A]G	0.00367523	0.00023937	0.00015565	0.02931333	0.00000410	0.00021948	0.00000040	0.00007331	0.00028153	0.01165514	0.00389002	0.00000220	0.00024417	0.00154378	0.00167932	0.00025874	0.00000146
C[C>A]T	0.00000000	0.00502721	0.00402823	0.08834839	0.00016302	0.00000585	0.00019040	0.00000185	0.00111762	0.02585050	0.08016923	0.00000000	0.00000443	0.01268243	0.00043716	0.00002441	0.00011457
C[C>G]A	0.00483381	0.00562912	0.03021947	0.00905877	0.00000199	0.00019181	0.00004994	0.00012247	0.00033838	0.00000016	0.00130804	0.00626882	0.00087808	0.00003811	0.00382505	0.00159309	0.00042247
C[C>G]C	0.00764792	0.01259817	0.02148239	0.00788057	0.00002018	0.00051775	0.00056075	0.00013985	0.00102540	0.00302704	0.00182155	0.00053782	0.00002729	0.00173970	0.00544010	0.00048074	0.00021338
C[C>G]G	0.00265258	0.00215768	0.00165048	0.00335460	0.00002463	0.00040428	0.00028168	0.00000056	0.00063443	0.00467205	0.00037862	0.00006946	0.00053650	0.00025799	0.00272565	0.00145963	0.00008494
C[C>G]T	0.00674558	0.01748066	0.03411798	0.00718763	0.00009704	0.00002903	0.00005579	0.00004616	0.00057744	0.00373095	0.00167560	0.00655912	0.00008630	0.00443566	0.00247691	0.00067506	0.00343553
C[C>T]A	0.01016150	0.02408475	0.01502175	0.01423902	0.05938921	0.00346949	0.00085816	0.00046536	0.11924828	0.00722356	0.00436065	0.00002797	0.00153203	0.00505815	0.00414915	0.04764778	0.00590168
C[C>T]C	0.00906106	0.01391687	0.01810245	0.01205839	0.05939367	0.00016746	0.00004316	0.00010766	0.20811532	0.00231436	0.00457897	0.00006258	0.00160935	0.00520922	0.00607526	0.00130882	0.00115176
C[C>T]G	0.01292462	0.00426193	0.00459292	0.00225091	0.00608330	0.18593438	0.00410845	0.00706143	0.02465831	0.01762344	0.01714420	0.00271491	0.00268999	0.00908938	0.01112798	0.00431786	0.01439585
C[C>T]T	0.01332645	0.02226673	0.02621932	0.01846638	0.06747133	0.00040695	0.00042692	0.00016247	0.14232599	0.00130084	0.00699126	0.00084757	0.00206919	0.02565334	0.00859579	0.00745547	0.00241262
C[T>A]A	0.00175344	0.00001206	0.00409499	0.00403335	0.00016997	0.00007215	0.00019492	0.00002045	0.00043917	0.00021374	0.00046852	0.00013905	0.00014863	0.00335524	0.08684365	0.00176604	0.00020231
C[T>A]C	0.00226811	0.00486046	0.01907933	0.00670585	0.00004478	0.00007067	0.00033854	0.00183702	0.00059108	0.00173993	0.00291893	0.00025745	0.03910248	0.01474846	0.04969190	0.00009247	0.00053105
C[T>A]G	0.00120865	0.00093204	0.00650734	0.02033312	0.00001833	0.00057014	0.00006974	0.00028990	0.00013476	0.00021313	0.00084399	0.00040871	0.01170702	0.00024489	0.13259968	0.00159669	0.00111293
C[T>A]T	0.00000675	0.00632075	0.01016864	0.00839892	0.00028468	0.00001765	0.00015251	0.00721766	0.00000241	0.00041366	0.00001536	0.00044492	0.07233142	0.04778467	0.04117908	0.00001311	0.00014954
C[T>C]A	0.02791292	0.01527612	0.00817585	0.00502316	0.00052403	0.00013940	0.00008798	0.00034694	0.00090415	0.00001595	0.01321112	0.00013466	0.01081073	0.00784623	0.00585687	0.01013066	0.00407680
C[T>C]C	0.01984810	0.00561959	0.01251485	0.00161509	0.00014951	0.00259147	0.00002713	0.00209434	0.00034604	0.00259030	0.00233603	0.00000566	0.17554860	0.00011253	0.00130760	0.00022963	0.00370657
C[T>C]G	0.03332206	0.01236693	0.00551400	0.00517985	0.00000000	0.00047196	0.00027067	0.00185044	0.00024727	0.00001418	0.03399622	0.00014611	0.09449117	0.00052705	0.01002283	0.00183854	0.00132680
C[T>C]T	0.01755609	0.00060529	0.00084207	0.00045487	0.00149975	0.00006785	0.00035492	0.00885512	0.00731827	0.00306115	0.00613448	0.00018252	0.41572148	0.02738999	0.00192828	0.03150406	0.00095301
C[T>G]A	0.00208990	0.00354195	0.00694008	0.00035844	0.00007630	0.00006042	0.00003243	0.00211745	0.00037719	0.00011683	0.00072587	0.00008547	0.00033692	0.00343003	0.00416991	0.00100940	0.01016347
C[T>G]C	0.00299661	0.00551878	0.01025335	0.00004564	0.00003319	0.00042569	0.00026938	0.03119547	0.00093747	0.00255717	0.00312344	0.00011407	0.00172938	0.00553081	0.00197148	0.00022298	0.00979030
C[T>G]G	0.00444736	0.00523084	0.01629091	0.00275232	0.00000116	0.00031216	0.00001221	0.01367238	0.00101349	0.00334294	0.00419885	0.00015645	0.00042383	0.00125225	0.00901839	0.00026458	0.00537782
C[T>G]T	0.00313211	0.00027179	0.00076730	0.00056909	0.00000000	0.00061651	0.00000000	0.54794460	0.00000000	0.00185373	0.00001702	0.00000000	0.00141995	0.00079946	0.00305174	0.00000144	0.01109922
G[C>A]A	0.00714934	0.01224054	0.00480047	0.02683806	0.00000250	0.00134437	0.00028718	0.00114741	0.00023856	0.14219810	0.00099765	0.00033001	0.00272128	0.00020296	0.00534281	0.00021427	0.00450863
G[C>A]C	0.00990387	0.01025181	0.01132748	0.04417830	0.00019224	0.00064156	0.00010963	0.00002644	0.00000000	0.01619906	0.00438560	0.00020247	0.00089804	0.00006575	0.00414431	0.00010622	0.00017125
G[C>A]G	0.00320812	0.00206696	0.00002170	0.01809624	0.00000594	0.00090355	0.00004206	0.00011508	0.00001830	0.00762131	0.00035557	0.00009915	0.00024913	0.00000017	0.00098890	0.00002381	0.00035672
G[C>A]T	0.00452514	0.00867553	0.01035988	0.01904020	0.00000000	0.00008567	0.00000000	0.00035700	0.00000000	0.08095606	0.01065347	0.00020827	0.00004525	0.00008836	0.00152867	0.00014387	0.00288049
G[C>G]A	0.00296403	0.00350336	0.01996433	0.00616018	0.00000126	0.00020520	0.00003072	0.00006758	0.00000270	0.00041439	0.00097001	0.00138699	0.00104428	0.00013495	0.00321583	0.00041326	0.00115269
G[C>G]C	0.00364198	0.00623634	0.01338515	0.00685582	0.00000445	0.00068837	0.00019000	0.00005729	0.00028866	0.00070041	0.00223008	0.00032645	0.00136076	0.00061972	0.00358374	0.00017310	0.00264600
G[C>G]G	0.00113486	0.00086771	0.00341452	0.00399561	0.00001812	0.00038362	0.00004099	0.00005331	0.00036152	0.00025684	0.00028985	0.00023972	0.00013970	0.00018225	0.00068463	0.00061981	0.00018625
G[C>G]T	0.00572290	0.00576792	0.02323156	0.00283035	0.00001573	0.00023845	0.00016633	0.00001103	0.00023599	0.00126365	0.00255051	0.00292679	0.00063704	0.00132094	0.00441403	0.00094877	0.00225689
G[C>T]A	0.01670340	0.01683893	0.01855522	0.00258745	0.00007221	0.00443314	0.00009471	0.00027890	0.00017433	0.00773650	0.08427259	0.00819696	0.00253768	0.00006760	0.00975258	0.00078955	0.00540896
G[C>T]C	0.01788287	0.01248315	0.01273178	0.00273607	0.01290074	0.00095942	0.00166319	0.00018489	0.02873262	0.00554456	0.07518345	0.00036671	0.00010121	0.00057933	0.01131955	0.00137280	0.00775799
G[C>T]G	0.00623224	0.00022966	0.00000000	0.00000000	0.00000000	0.21351702	0.00000107	0.00739062	0.00000000	0.01571114	0.05510456	0.00191020	0.00133482	0.00000000	0.00334536	0.00003122	0.01700564
G[C>T]T	0.01289452	0.01723446	0.00812483	0.00231843	0.02263278	0.00077204	0.00056448	0.00001411	0.00476693	0.00371719	0.06698052	0.00199340	0.00080894	0.00135984	0.00990849	0.03869089	0.00500857
G[T>A]A	0.00265986	0.00209210	0.00738411	0.00597740	0.00041541	0.00012400	0.00036002	0.00011070	0.00025586	0.00104944	0.00181872	0.00000343	0.00010995	0.00163797	0.03487577	0.00004537	0.00121800
G[T>A]C	0.00198132	0.00269226	0.01069316	0.00270137	0.00024545	0.00004533	0.00022010	0.00032439	0.00008775	0.00203760	0.00258406	0.00015137	0.00281629	0.00262314	0.00893978	0.00024692	0.00121828
G[T>A]G	0.00241517	0.00242953	0.01502893	0.01324505	0.00023478	0.00015822	0.00020373	0.00018895	0.00038094	0.00036152	0.00277455	0.00012381	0.00060947	0.00003553	0.02423848	0.00134358	0.00076007
G[T>A]T	0.00054347	0.00287251	0.01614329	0.00532546	0.00035318	0.00023504	0.00015850	0.00154225	0.00008639	0.00285443	0.00342752	0.00059429	0.00494056	0.02087651	0.00512855	0.00785466	0.00095012
G[T>C]A	0.03778359	0.00458377	0.01040853	0.00274449	0.00005048	0.00032267	0.00008497	0.00004864	0.00002264	0.00007940	0.02250632	0.00016461	0.00037280	0.00001019	0.00385816	0.00112989	0.00148117
G[T>C]C	0.01824549	0.00516204	0.00672406	0.00052675	0.00007961	0.00177892	0.00005065	0.00084850	0.00001217	0.00276667	0.00155922	0.00017076	0.01422122	0.00025151	0.00406349	0.00217113	0.00171380
G[T>C]G	0.03042031	0.00423450	0.01258836	0.00183103	0.00005747	0.00143205	0.00014506	0.00112269	0.00023221	0.00494166	0.01826694	0.00023728	0.00374414	0.00027521	0.00583372	0.00285901	0.00135369
G[T>C]T	0.01566193	0.00289067	0.00180512	0.00003181	0.00077913	0.00004316	0.00038345	0.00059640	0.00645895	0.00237903	0.00851353	0.00000000	0.00446851	0.00576311	0.00202388	0.27737381	0.00175760
G[T>G]A	0.00241118	0.00290694	0.00711163	0.00027802	0.00005938	0.00023378	0.00013528	0.00039188	0.00021173	0.00090992	0.00044160	0.00002403	0.00067032	0.00256179	0.00253521	0.00021537	0.00093946
G[T>G]C	0.00133044	0.00375373	0.00315631	0.00009939	0.00012484	0.00010535	0.00014625	0.00580952	0.00035835	0.00009762	0.00045423	0.00016428	0.00042972	0.00129163	0.00132235	0.00010847	0.00032749
G[T>G]G	0.00373979	0.00295921	0.01676596	0.00162151	0.00020069	0.00046180	0.00026258	0.00149244	0.00282742	0.00721040	0.00150510	0.00097836	0.00073205	0.00574252	0.00317995	0.00389121	0.00182829
G[T>G]T	0.00003748	0.00188024	0.00553350	0.00002274	0.00105623	0.00025007	0.00003847	0.11934525	0.00180170	0.00107249	0.00267691	0.00012610	0.00616414	0.00649513	0.00005776	0.00650070	0.00081427
T[C>A]A	0.00009960	0.03495684	0.00060233	0.04080862	0.00035089	0.00000000	0.00050643	0.00005755	0.00193194	0.08434511	0.00083125	0.07679181	0.00021266	0.00150151	0.00237108	0.01060764	0.00302446
T[C>A]C	0.00335244	0.02450546	0.01585686	0.05229161	0.00045923	0.00250633	0.00020867	0.00014296	0.00323032	0.04775633	0.00247229	0.03101026	0.00072040	0.01300426	0.00167144	0.00805629	0.00062740
T[C>A]G	0.00187142	0.00327273	0.00005953	0.01215912	0.00000603	0.00055330	0.00001811	0.00003208	0.00017517	0.01527436	0.00008537	0.01116085	0.00011555	0.00000233	0.00115808	0.00017374	0.00003786
T[C>A]T	0.00309107	0.02523655	0.00313353	0.03479306	0.00033475	0.00157192	0.00120663	0.00278848	0.00079970	0.15565557	0.01796564	0.03523104	0.00101755	0.00315354	0.00871916	0.00071955	0.00433004
T[C>G]A	0.00342791	0.00041486	0.01221573	0.00142265	0.00000000	0.00011763	0.00003571	0.00014727	0.00007586	0.00146436	0.00093021	0.30079189	0.00316126	0.00050230	0.00469090	0.00324704	0.00135866
T[C>G]C	0.00417062	0.01456537	0.02887810	0.00544030	0.00000275	0.00038900	0.00004382	0.00000693	0.00136520	0.00350498	0.00122820	0.06604374	0.00067375	0.00427762	0.00184020	0.00043292	0.00687131
T[C>G]G	0.00182807	0.00212601	0.00011053	0.00224578	0.00000000	0.00007314	0.00004764	0.00004431	0.00024236	0.00116167	0.00040671	0.01413360	0.00042417	0.00000073	0.00060492	0.00108182	0.00012669
T[C>G]T	0.00845627	0.01154643	0.02397877	0.00036418	0.00041628	0.00183207	0.00005333	0.00132839	0.00004244	0.00020862	0.00178865	0.38764786	0.00043629	0.01189438	0.00288412	0.00002070	0.00617507
T[C>T]A	0.00426150	0.02899641	0.00025088	0.00224035	0.14490302	0.00129887	0.55907562	0.00000658	0.00010637	0.00787730	0.00022270	0.00236667	0.00022378	0.01596422	0.00262564	0.00008189	0.00382713
T[C>T]C	0.00000000	0.01099297	0.00071463	0.00653800	0.45037803	0.00001827	0.07216122	0.00005202	0.16243966	0.00000001	0.00000000	0.00210081	0.00001233	0.01420518	0.00001520	0.08490272	0.00538856
T[C>T]G	0.01127538	0.00038961	0.00010141	0.00000000	0.09258642	0.10175817	0.04307185	0.00381534	0.05742445	0.01216883	0.00200472	0.00096802	0.00047140	0.00000000	0.00506381	0.00201378	0.00645556
T[C>T]T	0.00918676	0.02116933	0.00166457	0.00700795	0.02956541	0.00003310	0.29165782	0.00026758	0.11824673	0.00000023	0.00245583	0.00150455	0.00136842	0.00038131	0.00148961	0.03983831	0.02905969
T[T>A]A	0.00285222	0.00257842	0.00177426	0.00252940	0.00014038	0.00762282	0.00001713	0.00065287	0.00211411	0.01025376	0.00573328	0.00038347	0.00057450	0.02348180	0.05068543	0.01362540	0.07830393
T[T>A]C	0.00314496	0.01179923	0.01122139	0.00228988	0.00026550	0.00008258	0.00018552	0.00019768	0.00186969	0.00148666	0.00002557	0.00033019	0.00525796	0.03785746	0.01600535	0.00129430	0.00668457
T[T>A]G	0.00384344	0.00608431	0.00437707	0.00654483	0.00000107	0.00031241	0.00000195	0.00003776	0.00148387	0.00075190	0.00084419	0.00009603	0.00133701	0.01376925	0.03666485	0.00426498	0.00482612
T[T>A]T	0.00163949	0.01551594	0.00186697	0.00382291	0.00030740	0.00191422	0.00145457	0.00125814	0.00014676	0.00153372	0.01233336	0.00010515	0.00208920	0.26391180	0.01151651	0.02639990	0.00518854
T[T>C]A	0.04213328	0.00162887	0.01330898	0.00126676	0.00242156	0.00009769	0.00027555	0.00055579	0.00398852	0.00003169	0.01960529	0.00000000	0.00095973	0.03943410	0.00515552	0.07022672	0.03392395
T[T>C]C	0.02354215	0.00459963	0.00859966	0.00001939	0.00058557	0.00423477	0.00000586	0.00086551	0.00117791	0.00496117	0.00965957	0.00005974	0.01422572	0.02607663	0.00007938	0.01330828	0.01356308
T[T>C]G	0.02550654	0.00349560	0.00556760	0.00099889	0.00006737	0.00038625	0.00004531	0.00104639	0.00355383	0.00270362	0.01720129	0.00000204	0.00197646	0.01575329	0.00558362	0.02191543	0.01454830
T[T>C]T	0.03716149	0.00015580	0.01003367	0.00005878	0.00091635	0.00490229	0.00014015	0.00042819	0.00276660	0.00044657	0.03082559	0.00026669	0.01926262	0.09390754	0.00227664	0.03550499	0.01224649
T[T>G]A	0.00338539	0.00730259	0.00879684	0.00004922	0.00009339	0.00028076	0.00007334	0.00000000	0.00048156	0.00007089	0.00005317	0.00017819	0.00000139	0.02251928	0.00292495	0.00011722	0.05650780
T[T>G]C	0.00478161	0.01701058	0.00712750	0.00000224	0.00001593	0.00063548	0.00015723	0.00888266	0.00118972	0.00140895	0.00082478	0.00013851	0.00005564	0.01700635	0.00192109	0.00059577	0.03287210
T[T>G]G	0.00518972	0.01203594	0.01187404	0.00170694	0.00000191	0.00090039	0.00014409	0.00445508	0.00086617	0.00105304	0.00258925	0.00000933	0.00144908	0.00852196	0.00643063	0.00051386	0.02046392
T[T>G]T	0.00469291	0.00922491	0.00780613	0.00010106	0.00002736	0.00108811	0.00022808	0.12038158	0.00027793	0.00043850	0.00769855	0.00000000	0.00530625	0.01607552	0.00156614	0.00050151	0.33070471
