MutationsType	SBS96A	SBS96B	SBS96C	SBS96D	SBS96E	SBS96F	SBS96G	SBS96H	SBS96I	SBS96J	SBS96K	SBS96L	SBS96M	SBS96N	SBS96O	SBS96P	SBS96Q	SBS96R
A[C>A]A	0.00000950	0.00159740	0.00008323	0.04977723	0.00919260	0.02337836	0.04383602	0.00035736	0.00073338	0.00062074	0.00676219	0.05533465	0.00435600	0.00231141	0.00010263	0.00105900	0.00344048	0.00044390
A[C>A]C	0.00011377	0.00036649	0.00059896	0.04029810	0.01182384	0.02314057	0.01211672	0.00047951	0.00175389	0.00008644	0.00447276	0.01637164	0.00022341	0.00139214	0.00067430	0.00065102	0.00083897	0.00258912
A[C>A]G	0.00003749	0.00010924	0.00019262	0.01861416	0.00328260	0.00049478	0.00297117	0.00001568	0.00006579	0.00011006	0.00083164	0.00117902	0.00010099	0.00011645	0.00026873	0.00012113	0.00021505	0.00005378
A[C>A]T	0.00024313	0.00062090	0.00025974	0.03554420	0.00567554	0.01412506	0.01884119	0.00687599	0.00100852	0.00014731	0.00133211	0.02237270	0.00097888	0.00016651	0.00381271	0.00027576	0.00459941	0.00380409
A[C>G]A	0.00009703	0.00000000	0.00011835	0.00684376	0.01268005	0.03111295	0.01178026	0.00457835	0.00230296	0.00021368	0.00460555	0.00097164	0.00071316	0.00070097	0.00159907	0.00340912	0.00459430	0.00518129
A[C>G]C	0.00000684	0.00002136	0.00012824	0.00258834	0.00521008	0.01891533	0.01042360	0.00168881	0.00092106	0.00006074	0.00302810	0.00356892	0.00053607	0.00054071	0.00269030	0.00094069	0.00134381	0.00333071
A[C>G]G	0.00001058	0.00061050	0.00000287	0.00136005	0.00241517	0.00000000	0.00431089	0.00047612	0.00001585	0.00006270	0.00080058	0.00221421	0.00026942	0.00044539	0.00066611	0.00028417	0.00018167	0.00120655
A[C>G]T	0.00003737	0.00006308	0.00030652	0.00305561	0.01135920	0.02592564	0.01983313	0.00489462	0.00161014	0.00007416	0.00385374	0.00534755	0.00231193	0.00030844	0.00387446	0.00413517	0.00319506	0.00508596
A[C>T]A	0.00000681	0.00067733	0.00068781	0.00823637	0.05221064	0.01359043	0.02686974	0.09046509	0.02476506	0.00160045	0.01393247	0.00584212	0.00182089	0.00249779	0.00396129	0.00812182	0.01085754	0.00866490
A[C>T]C	0.02264024	0.03804018	0.00117752	0.00398727	0.02618364	0.01593922	0.01392093	0.02074320	0.00574540	0.00008557	0.00524055	0.00374975	0.00837403	0.00242816	0.00450168	0.00015612	0.00141640	0.00247958
A[C>T]G	0.00000268	0.00059027	0.00000607	0.00204805	0.00083376	0.00721158	0.00638150	0.00091560	0.37210889	0.00522310	0.00056539	0.00125535	0.00013643	0.00003354	0.00116693	0.00011315	0.01031400	0.00090775
A[C>T]T	0.00894950	0.01169608	0.00277530	0.00329342	0.03844796	0.01386131	0.02339073	0.02845812	0.00934349	0.00074428	0.00507330	0.00856569	0.00828531	0.00119026	0.02698501	0.00032059	0.00273251	0.00833385
A[T>A]A	0.00255081	0.00210005	0.00020625	0.00342270	0.00988000	0.00107618	0.01010261	0.00511941	0.00111020	0.00003378	0.00675166	0.00112084	0.01311793	0.00098936	0.00063638	0.00001898	0.05410980	0.00188481
A[T>A]C	0.00047023	0.00041312	0.00113193	0.00314570	0.01011502	0.00935030	0.00402157	0.00268344	0.00333001	0.00022187	0.00625660	0.00057384	0.00309409	0.00065060	0.00175818	0.00033587	0.00839863	0.00164156
A[T>A]G	0.00070854	0.00156800	0.00005270	0.00791209	0.01483805	0.00943691	0.00854505	0.00171101	0.00138015	0.00011847	0.00392806	0.00166070	0.00020765	0.00018255	0.00304331	0.00103683	0.04885415	0.00141624
A[T>A]T	0.00400779	0.00842293	0.00005946	0.00429193	0.00090228	0.00112007	0.00890014	0.02957933	0.00012993	0.00059375	0.01317336	0.00367409	0.06458243	0.00111065	0.03297551	0.00084793	0.00089919	0.03676832
A[T>C]A	0.00052388	0.00040424	0.00045651	0.00577075	0.09455216	0.01306245	0.02748049	0.02130352	0.00135391	0.00020455	0.06018273	0.00026336	0.00075391	0.00037667	0.00497510	0.00183101	0.02541782	0.00180633
A[T>C]C	0.00002901	0.00029941	0.00067644	0.00001915	0.01393733	0.00745533	0.01029706	0.00382993	0.00380800	0.00010841	0.03521365	0.00272786	0.00044817	0.01203480	0.00463491	0.00027283	0.00240806	0.00007901
A[T>C]G	0.00000495	0.00109758	0.00068415	0.00460754	0.05978365	0.00925976	0.02344223	0.03408231	0.00024889	0.00000376	0.06347214	0.00309135	0.00041687	0.00075122	0.00959864	0.00056064	0.00737252	0.00002243
A[T>C]T	0.00078534	0.00177207	0.00044164	0.00082547	0.06429148	0.01891876	0.02667623	0.00233904	0.00553123	0.00020523	0.05419762	0.00596751	0.00277302	0.00920419	0.04710575	0.00187242	0.00213021	0.00567974
A[T>G]A	0.00045267	0.00002481	0.00056180	0.00086448	0.00449391	0.00453911	0.01207581	0.00044782	0.00002242	0.00147353	0.00287282	0.00063000	0.01115966	0.00068367	0.00357142	0.00001596	0.00155619	0.00888792
A[T>G]C	0.00015633	0.00107696	0.00020663	0.00013003	0.00220801	0.00288051	0.01244224	0.00027313	0.00043803	0.00468048	0.00069254	0.00057334	0.00058028	0.00058383	0.00273361	0.00000602	0.00010277	0.01144730
A[T>G]G	0.00023504	0.00146939	0.00012039	0.00082121	0.01169775	0.00865648	0.01275686	0.00119129	0.00056933	0.00098208	0.00313168	0.00275146	0.00061037	0.00095234	0.00951726	0.00000000	0.00479610	0.00775459
A[T>G]T	0.00031363	0.00042322	0.00001849	0.00000301	0.00018736	0.00096182	0.03234744	0.00156501	0.00000000	0.06637221	0.00035293	0.00045464	0.00000000	0.01228661	0.01205358	0.00029125	0.00041314	0.06266781
C[C>A]A	0.00053468	0.00148961	0.00006749	0.09441020	0.00030784	0.02471742	0.01489450	0.00000309	0.00004065	0.00022075	0.00060077	0.08253840	0.00002174	0.00005195	0.01290127	0.00149626	0.00169714	0.00482461
C[C>A]C	0.00010438	0.00115546	0.00048600	0.09796382	0.00068684	0.02666331	0.00255267	0.02844021	0.00202730	0.00002333	0.00055728	0.01095735	0.00169514	0.00145016	0.00304030	0.00053667	0.00562924	0.00026226
C[C>A]G	0.00000213	0.00031006	0.00000000	0.02992422	0.00569030	0.00010701	0.00009773	0.00370050	0.00007287	0.00002656	0.00071886	0.01244013	0.00167748	0.00030235	0.00028712	0.00000000	0.00050035	0.00000000
C[C>A]T	0.00004664	0.00159269	0.00052825	0.08823202	0.00000000	0.00650260	0.00716626	0.08633142	0.00001015	0.00000297	0.00000583	0.02760748	0.01230135	0.00006127	0.00000105	0.00000000	0.00113353	0.00030799
C[C>G]A	0.00000178	0.00043968	0.00001520	0.00912607	0.00763350	0.03038965	0.00263795	0.00107064	0.00016089	0.00012433	0.00258813	0.00000000	0.00000877	0.00074834	0.00149282	0.00618454	0.00224730	0.00077716
C[C>G]C	0.00001467	0.00104315	0.00035418	0.00786300	0.01306580	0.02146975	0.01015772	0.00145354	0.00048058	0.00007084	0.00291195	0.00299251	0.00193283	0.00001762	0.00045867	0.00050066	0.00324593	0.00016237
C[C>G]G	0.00002787	0.00066462	0.00026065	0.00349559	0.00431887	0.00171189	0.00181640	0.00024407	0.00034534	0.00000049	0.00085465	0.00449251	0.00028388	0.00046859	0.00139343	0.00006079	0.00204446	0.00006780
C[C>G]T	0.00006065	0.00069230	0.00004250	0.00721825	0.00877202	0.03424469	0.01550518	0.00147079	0.00002402	0.00002539	0.00568098	0.00371941	0.00458443	0.00001643	0.00069665	0.00668847	0.00110716	0.00285072
C[C>T]A	0.06121147	0.11824928	0.00041292	0.01413401	0.01349107	0.01616743	0.02474540	0.00447151	0.00334461	0.00043308	0.00772653	0.00730994	0.00529871	0.00168211	0.04667685	0.00001135	0.00275410	0.00506641
C[C>T]C	0.06021933	0.20935594	0.00000000	0.01160781	0.00782044	0.01903653	0.01492248	0.00559523	0.00021069	0.00013468	0.00795574	0.00273305	0.00538714	0.00179111	0.00019193	0.00003195	0.00766235	0.00032200
C[C>T]G	0.00638073	0.02378333	0.00361793	0.00282483	0.02682281	0.00372184	0.00299679	0.01327733	0.18770847	0.00616098	0.00363202	0.01556745	0.00969991	0.00222736	0.00573998	0.00218812	0.01124605	0.01622525
C[C>T]T	0.06864224	0.14130385	0.00031730	0.01844007	0.02022069	0.02681712	0.02149171	0.00736443	0.00014342	0.00021817	0.00669908	0.00170014	0.02610171	0.00218351	0.00977407	0.00073413	0.00618960	0.00167350
C[T>A]A	0.00019913	0.00059148	0.00017718	0.00230174	0.00310110	0.00248011	0.00000000	0.00053629	0.00003334	0.00002742	0.00147702	0.00009008	0.00336496	0.00010344	0.00183921	0.00010527	0.09959368	0.00024023
C[T>A]C	0.00002601	0.00073585	0.00050727	0.00447972	0.00164013	0.01750136	0.00488792	0.00293243	0.00006244	0.00179240	0.00319079	0.00198689	0.01423896	0.03864523	0.00002974	0.00025614	0.06348985	0.00071134
C[T>A]G	0.00004439	0.00042434	0.00024758	0.01502408	0.00189491	0.00304547	0.00246199	0.00115837	0.00058630	0.00033037	0.00169216	0.00053762	0.00012897	0.01128810	0.00165967	0.00038548	0.16529076	0.00035487
C[T>A]T	0.00039463	0.00000029	0.00022509	0.00651591	0.00003919	0.00856752	0.00762514	0.00001189	0.00001049	0.00720870	0.00031120	0.00100780	0.04708934	0.07221903	0.00009803	0.00046702	0.05491144	0.00015207
C[T>C]A	0.00049739	0.00122332	0.00014518	0.00479212	0.01171331	0.00748985	0.01555959	0.01386071	0.00040516	0.00039369	0.03637394	0.00000188	0.00712176	0.01103328	0.00949431	0.00023914	0.00599168	0.00181912
C[T>C]C	0.00027626	0.00059851	0.00004334	0.00160095	0.00499724	0.01165840	0.00716673	0.00151535	0.00324120	0.00177865	0.02537630	0.00301240	0.00027498	0.17475608	0.00008100	0.00002799	0.00213229	0.00209098
C[T>C]G	0.00000000	0.00025538	0.00039989	0.00545710	0.02792005	0.00579272	0.01125266	0.03350385	0.00033030	0.00173714	0.03024563	0.00000477	0.00063727	0.09402103	0.00179216	0.00008722	0.00421978	0.00127748
C[T>C]T	0.00193782	0.00740988	0.00008799	0.00059222	0.01321450	0.00033094	0.00357806	0.00415250	0.00003415	0.00781695	0.01178502	0.00473994	0.02709295	0.41490104	0.03085178	0.00013253	0.00084369	0.00267035
C[T>G]A	0.00008503	0.00038245	0.00002543	0.00032084	0.00222592	0.00686636	0.00335963	0.00068807	0.00005701	0.00198277	0.00185594	0.00007335	0.00345883	0.00041941	0.00097264	0.00004710	0.00426782	0.01171326
C[T>G]C	0.00002301	0.00092540	0.00032000	0.00007963	0.00478809	0.01022628	0.00471250	0.00290554	0.00044220	0.03110182	0.00159733	0.00226852	0.00568053	0.00182987	0.00014342	0.00012843	0.00106837	0.01397315
C[T>G]G	0.00000018	0.00107279	0.00000257	0.00277428	0.00709212	0.01620375	0.00379575	0.00394448	0.00031275	0.01376924	0.00228864	0.00311464	0.00139933	0.00037218	0.00025846	0.00016947	0.00781321	0.00740772
C[T>G]T	0.00000000	0.00000000	0.00000889	0.00088336	0.00458875	0.00048756	0.00192833	0.00004635	0.00062576	0.55299546	0.00198580	0.00207580	0.00292124	0.00356405	0.00013036	0.00000000	0.00188127	0.01666708
G[C>A]A	0.00000000	0.00042092	0.00030827	0.02965472	0.01087493	0.00547086	0.01380457	0.00088239	0.00100842	0.00121706	0.00317739	0.13997096	0.00020716	0.00242492	0.00025645	0.00045490	0.00273636	0.00763177
G[C>A]C	0.00021762	0.00000000	0.00012790	0.04529826	0.01056424	0.01123874	0.00849766	0.00426905	0.00036030	0.00000592	0.00724126	0.01717951	0.00005612	0.00078107	0.00010467	0.00021768	0.00252245	0.00064175
G[C>A]G	0.00002188	0.00000449	0.00007369	0.01843205	0.00407915	0.00001303	0.00208529	0.00032402	0.00071197	0.00007878	0.00139694	0.00814087	0.00000156	0.00013532	0.00002848	0.00005162	0.00007964	0.00086700
G[C>A]T	0.00000014	0.00000000	0.00000000	0.02067350	0.00476206	0.01096558	0.00900521	0.01081101	0.00001522	0.00034711	0.00427940	0.07963280	0.00014888	0.00000774	0.00018617	0.00020774	0.00019872	0.00451518
G[C>G]A	0.00001828	0.00000641	0.00005665	0.00614200	0.00495747	0.01983306	0.00158356	0.00079486	0.00018110	0.00002918	0.00147485	0.00055226	0.00018380	0.00103717	0.00041486	0.00138816	0.00227806	0.00140449
G[C>G]C	0.00000127	0.00030787	0.00014944	0.00673333	0.00587290	0.01325633	0.00492389	0.00207099	0.00063848	0.00001218	0.00232791	0.00061535	0.00071638	0.00135404	0.00015690	0.00046131	0.00346179	0.00288922
G[C>G]G	0.00001438	0.00040026	0.00002082	0.00394530	0.00206566	0.00346527	0.00057612	0.00026698	0.00029636	0.00002676	0.00017624	0.00033512	0.00013291	0.00010721	0.00053763	0.00021591	0.00042626	0.00013107
G[C>G]T	0.00000057	0.00027105	0.00014777	0.00285959	0.00839477	0.02286519	0.00391819	0.00237502	0.00019989	0.00000141	0.00358219	0.00099086	0.00130747	0.00066238	0.00112068	0.00289708	0.00299129	0.00223730
G[C>T]A	0.00010207	0.00012929	0.00007393	0.00304189	0.02678260	0.02096139	0.01322554	0.08619371	0.00351705	0.00027089	0.00949038	0.00650188	0.00012540	0.00250820	0.00112633	0.00746562	0.00322508	0.00721524
G[C>T]C	0.01333823	0.02805329	0.00137200	0.00326544	0.03208366	0.01500522	0.00897241	0.07474949	0.00078779	0.00008662	0.00725393	0.00435029	0.00086571	0.00004035	0.00242100	0.00023255	0.00354134	0.00791807
G[C>T]G	0.00000309	0.00000000	0.00000264	0.00000494	0.01231819	0.00000000	0.00000000	0.05608270	0.21400175	0.00650039	0.00553299	0.01538501	0.00000000	0.00171490	0.00051524	0.00200939	0.00700771	0.01567782
G[C>T]T	0.02309196	0.00420302	0.00034688	0.00267685	0.02427980	0.00982447	0.01498611	0.06734695	0.00033909	0.00001075	0.00599025	0.00256019	0.00167058	0.00103356	0.03938478	0.00180794	0.00429465	0.00481256
G[T>A]A	0.00041209	0.00033278	0.00043663	0.00542682	0.00383795	0.00697901	0.00151588	0.00180398	0.00006927	0.00014460	0.00211556	0.00109974	0.00169116	0.00011513	0.00003628	0.00000280	0.03725502	0.00110620
G[T>A]C	0.00025496	0.00009135	0.00018173	0.00244521	0.00233254	0.01041720	0.00202890	0.00271398	0.00002572	0.00031158	0.00195669	0.00213490	0.00270278	0.00291959	0.00025703	0.00024066	0.01042382	0.00077137
G[T>A]G	0.00027052	0.00051619	0.00014943	0.01281561	0.00324526	0.01475627	0.00127940	0.00284404	0.00011640	0.00020372	0.00214035	0.00066791	0.00000189	0.00056188	0.00122963	0.00006115	0.02577532	0.00077332
G[T>A]T	0.00036036	0.00012762	0.00011905	0.00517036	0.00095225	0.01608404	0.00229405	0.00353946	0.00018458	0.00157393	0.00111178	0.00282794	0.02062069	0.00490108	0.00759049	0.00063108	0.00648197	0.00119830
G[T>C]A	0.00007144	0.00006769	0.00016243	0.00251884	0.00909317	0.00954537	0.00413332	0.02390111	0.00050933	0.00003084	0.05350076	0.00011858	0.00000346	0.00027795	0.00110537	0.00013416	0.00409231	0.00113171
G[T>C]C	0.00009191	0.00000001	0.00007578	0.00043478	0.00814697	0.00621085	0.00479953	0.00103578	0.00238525	0.00095430	0.02230450	0.00287561	0.00018379	0.01401216	0.00201774	0.00026004	0.00378605	0.00074157
G[T>C]G	0.00002484	0.00042451	0.00006401	0.00186612	0.01717191	0.01206832	0.00282764	0.01864200	0.00146373	0.00117218	0.03451820	0.00493564	0.00029791	0.00368550	0.00262281	0.00024516	0.00316276	0.00150024
G[T>C]T	0.00054618	0.00791463	0.00032784	0.00005512	0.00616156	0.00129983	0.00351081	0.00745372	0.00002064	0.00057777	0.02454568	0.00212057	0.00549740	0.00481639	0.26564519	0.00000000	0.00214704	0.00196511
G[T>G]A	0.00008241	0.00020869	0.00011172	0.00024464	0.00275492	0.00698187	0.00238734	0.00045233	0.00017081	0.00036216	0.00219216	0.00081399	0.00249937	0.00070221	0.00021586	0.00002748	0.00222245	0.00080512
G[T>G]C	0.00013231	0.00034860	0.00010651	0.00005558	0.00224056	0.00319470	0.00341034	0.00037691	0.00007823	0.00594114	0.00077925	0.00013587	0.00132537	0.00030919	0.00007362	0.00015652	0.00108904	0.00025634
G[T>G]G	0.00022079	0.00283369	0.00011849	0.00176296	0.00560553	0.01678857	0.00146277	0.00114299	0.00054599	0.00144936	0.00196567	0.00686606	0.00576330	0.00074866	0.00396305	0.00110436	0.00241704	0.00266709
G[T>G]T	0.00109280	0.00190505	0.00003150	0.00002411	0.00001466	0.00560326	0.00225502	0.00287633	0.00026815	0.12089123	0.00014932	0.00116863	0.00669748	0.00662534	0.00627617	0.00013878	0.00014961	0.00205480
T[C>A]A	0.00027362	0.00239539	0.00066461	0.04178744	0.00039211	0.00160538	0.03992471	0.00138292	0.00003785	0.00003517	0.00125365	0.08517112	0.00154548	0.00022936	0.00987855	0.07775704	0.00389626	0.00315883
T[C>A]C	0.00044043	0.00353693	0.00018950	0.05292015	0.00593434	0.01639114	0.02574264	0.00252512	0.00242079	0.00014817	0.00166700	0.04816028	0.01298795	0.00069187	0.00763649	0.03126810	0.00125885	0.00027518
T[C>A]G	0.00001320	0.00018493	0.00000864	0.01255383	0.00366271	0.00014890	0.00340990	0.00001730	0.00044238	0.00001459	0.00018244	0.01507841	0.00000075	0.00008735	0.00016124	0.01109764	0.00035022	0.00001261
T[C>A]T	0.00042303	0.00090239	0.00105713	0.03646954	0.00738634	0.00456822	0.02913898	0.01853455	0.00181762	0.00273987	0.00097457	0.15535255	0.00351160	0.00084184	0.00101336	0.03549267	0.00998015	0.00557839
T[C>G]A	0.00000000	0.00009452	0.00004779	0.00173617	0.00125797	0.01365024	0.00177274	0.00155869	0.00002727	0.00013492	0.00584323	0.00160491	0.00186426	0.00314074	0.00376980	0.29938299	0.00543964	0.00149340
T[C>G]C	0.00000305	0.00147752	0.00003303	0.00543655	0.00402561	0.02944704	0.01346485	0.00145317	0.00031510	0.00000092	0.00655275	0.00389886	0.00453451	0.00068662	0.00050701	0.06567343	0.00191202	0.00506738
T[C>G]G	0.00000000	0.00026765	0.00006379	0.00226702	0.00247471	0.00012632	0.00220205	0.00033744	0.00007897	0.00002185	0.00108952	0.00121511	0.00000000	0.00042202	0.00103667	0.01417564	0.00010581	0.00002714
T[C>G]T	0.00051427	0.00005308	0.00000400	0.00057804	0.00240345	0.02562034	0.01328300	0.00268738	0.00223118	0.00145075	0.02284969	0.00013357	0.01347399	0.00049427	0.00060480	0.38761786	0.00456433	0.00366152
T[C>T]A	0.13653785	0.00000000	0.55980290	0.00269505	0.00177415	0.00026810	0.03726271	0.00135964	0.00157536	0.00000605	0.01036402	0.00844220	0.01617074	0.00012847	0.00002066	0.00166368	0.01125792	0.00093618
T[C>T]C	0.45192619	0.16014579	0.07711449	0.00703479	0.00000000	0.00108810	0.01805557	0.00004928	0.00000801	0.00005072	0.00386771	0.00000000	0.01448547	0.00000000	0.09318406	0.00237247	0.00191135	0.00021269
T[C>T]G	0.09494490	0.05464039	0.04292634	0.00000000	0.02184129	0.00003371	0.00000000	0.00081597	0.10080115	0.00311640	0.00195166	0.01258664	0.00000000	0.00046279	0.00837335	0.00096335	0.00359084	0.00482316
T[C>T]T	0.02650282	0.11865500	0.29125827	0.00715766	0.00728238	0.00180932	0.02591296	0.00342126	0.00000946	0.00038642	0.03160775	0.00003061	0.00062134	0.00135947	0.03880714	0.00267555	0.00867770	0.00506111
T[T>A]A	0.00015627	0.00211885	0.00001064	0.00143909	0.00323192	0.00066160	0.00628273	0.00594894	0.00747853	0.00091275	0.01520189	0.01026268	0.02426592	0.00046716	0.01525235	0.00038932	0.05948577	0.05988631
T[T>A]C	0.00026212	0.00210864	0.00020591	0.00135682	0.00051857	0.01069272	0.01275178	0.00001670	0.00010508	0.00025162	0.00755377	0.00182571	0.03662690	0.00536527	0.00125376	0.00054495	0.02143151	0.00450464
T[T>A]G	0.00000135	0.00149503	0.00000000	0.00574805	0.00558541	0.00378443	0.00598247	0.00078191	0.00036277	0.00000815	0.00380464	0.00081783	0.01362471	0.00141843	0.00456793	0.00006397	0.04107097	0.00389520
T[T>A]T	0.00049456	0.00015686	0.00140173	0.00390641	0.00131739	0.00137170	0.01793890	0.01279195	0.00183825	0.00147114	0.00760335	0.00154076	0.25888717	0.00255051	0.02638025	0.00007255	0.01422494	0.00436780
T[T>C]A	0.00222442	0.00501242	0.00053927	0.00074503	0.00902123	0.01171717	0.00319094	0.02049765	0.00022116	0.00075225	0.07018147	0.00014982	0.03836764	0.00090938	0.06592959	0.00000578	0.00797728	0.02015804
T[T>C]C	0.00063181	0.00147453	0.00000120	0.00000000	0.00422679	0.00793031	0.00573730	0.00999577	0.00524555	0.00095445	0.03743475	0.00507320	0.02507688	0.01415344	0.01246348	0.00012108	0.00030776	0.00836010
T[T>C]G	0.00005604	0.00372881	0.00008838	0.00094113	0.01264237	0.00496133	0.00395956	0.01767459	0.00038220	0.00109338	0.03435735	0.00267685	0.01532104	0.00195027	0.02117025	0.00001559	0.00456721	0.00956147
T[T>C]T	0.00090226	0.00321396	0.00030115	0.00006774	0.01527059	0.00965877	0.00006360	0.03163515	0.00530188	0.00046700	0.05245570	0.00050090	0.09122034	0.01941285	0.03355675	0.00054416	0.00069651	0.00910353
T[T>G]A	0.00013753	0.00041948	0.00004159	0.00001192	0.00467341	0.00860839	0.00836104	0.00000359	0.00009519	0.00000000	0.00697330	0.00000178	0.02283220	0.00000177	0.00092739	0.00030152	0.00252533	0.05315301
T[T>G]C	0.00001289	0.00120171	0.00013824	0.00000110	0.00707885	0.00722455	0.01736644	0.00067738	0.00053383	0.00875005	0.00488544	0.00129554	0.01729903	0.00001340	0.00085114	0.00023163	0.00071105	0.03448269
T[T>G]G	0.00000090	0.00085793	0.00003866	0.00184442	0.00894145	0.01191655	0.01130141	0.00229598	0.00093408	0.00450417	0.00428864	0.00082700	0.00883144	0.00152027	0.00094380	0.00000073	0.00473406	0.01862186
T[T>G]T	0.00004675	0.00012648	0.00025117	0.00023158	0.00221663	0.00727472	0.01433346	0.00783557	0.00083419	0.11812582	0.00901630	0.00013885	0.01749694	0.00611869	0.00151193	0.00000000	0.00040787	0.39892991
