MutationsType	SBS96A	SBS96B	SBS96C	SBS96D	SBS96E	SBS96F	SBS96G	SBS96H	SBS96I	SBS96J	SBS96K	SBS96L	SBS96M	SBS96N	SBS96O	SBS96P	SBS96Q	SBS96R
A[C>A]A	0.00870656	0.02380196	0.04522062	0.05016048	0.00001545	0.00083958	0.00682107	0.00005131	0.00067221	0.00135948	0.05571342	0.00038753	0.00246044	0.00099893	0.00467941	0.00062418	0.00406529	0.00033034
A[C>A]C	0.01185854	0.02386667	0.01267437	0.04050236	0.00011272	0.00209392	0.00411458	0.00069379	0.00014975	0.00020770	0.01541998	0.00066958	0.00147512	0.00049330	0.00051046	0.00109419	0.00071606	0.00140568
A[C>A]G	0.00300401	0.00039379	0.00325626	0.01867485	0.00002139	0.00012229	0.00098896	0.00017811	0.00015972	0.00009053	0.00086652	0.00004210	0.00016973	0.00021288	0.00018065	0.00040025	0.00035861	0.00003855
A[C>A]T	0.00562498	0.01450764	0.01931009	0.03583344	0.00022392	0.00099727	0.00100636	0.00022955	0.00016612	0.00049451	0.02229561	0.00689451	0.00025974	0.00020356	0.00123401	0.00429091	0.00535891	0.00358552
A[C>G]A	0.01308021	0.03222851	0.01167046	0.00703526	0.00005651	0.00222747	0.00369225	0.00014823	0.00030549	0.00000000	0.00099868	0.00451306	0.00076727	0.00330053	0.00048060	0.00152249	0.00421567	0.00573564
A[C>G]C	0.00540677	0.01972531	0.01038997	0.00261637	0.00000424	0.00064580	0.00269376	0.00013588	0.00004640	0.00001756	0.00398459	0.00177796	0.00067610	0.00080581	0.00030135	0.00253894	0.00128213	0.00406555
A[C>G]G	0.00255678	0.00000000	0.00440826	0.00139356	0.00003527	0.00000439	0.00056659	0.00000979	0.00004022	0.00055141	0.00228610	0.00050841	0.00034408	0.00035376	0.00031534	0.00064566	0.00009001	0.00152057
A[C>G]T	0.01163520	0.02666549	0.02073286	0.00308858	0.00003516	0.00156842	0.00323698	0.00037485	0.00014917	0.00008731	0.00512115	0.00485466	0.00025050	0.00429902	0.00186069	0.00388289	0.00295292	0.00614329
A[C>T]A	0.05210884	0.01306129	0.02787037	0.00812067	0.00001271	0.02452841	0.01321618	0.00058853	0.00156615	0.00067614	0.00617952	0.08996004	0.00240445	0.00780287	0.00172751	0.00351563	0.01128824	0.00970411
A[C>T]C	0.02627379	0.01599662	0.01402659	0.00394490	0.02275493	0.00571146	0.00464195	0.00138859	0.00022573	0.03835533	0.00375146	0.02059216	0.00234961	0.00006414	0.00899648	0.00538380	0.00165809	0.00227797
A[C>T]G	0.00040322	0.00827981	0.00767313	0.00184835	0.00001343	0.37363245	0.00050009	0.00002686	0.00621009	0.00026762	0.00071277	0.00133677	0.00000234	0.00016676	0.00013446	0.00165085	0.00265229	0.00105410
A[C>T]T	0.03852938	0.01385046	0.02436886	0.00325632	0.00910033	0.00949937	0.00309347	0.00320700	0.00077333	0.01160099	0.00838941	0.02812058	0.00108506	0.00030820	0.00850676	0.02798037	0.00281321	0.00907634
A[T>A]A	0.00970428	0.00049263	0.01063047	0.00276827	0.00252995	0.00094212	0.00619846	0.00019208	0.00003459	0.00202792	0.00107245	0.00532652	0.00092618	0.00001074	0.01338958	0.00058386	0.05747632	0.00261575
A[T>A]C	0.01012759	0.00952780	0.00396327	0.00325699	0.00041044	0.00327344	0.00624306	0.00116828	0.00022881	0.00032685	0.00056303	0.00271482	0.00069985	0.00018276	0.00324526	0.00160174	0.00781259	0.00203530
A[T>A]G	0.01494517	0.00937026	0.00917214	0.00763361	0.00068135	0.00142946	0.00348316	0.00013188	0.00016051	0.00145517	0.00119854	0.00169224	0.00012304	0.00090688	0.00022063	0.00320151	0.05060364	0.00135948
A[T>A]T	0.00057111	0.00102096	0.00771885	0.00417188	0.00413494	0.00010142	0.00958712	0.00005476	0.00043151	0.00886117	0.00366764	0.02898589	0.00108009	0.00093231	0.06225907	0.03113088	0.00025586	0.04891198
A[T>C]A	0.09368902	0.01111307	0.02850296	0.00543162	0.00051267	0.00153082	0.05971048	0.00053418	0.00024796	0.00039826	0.00026942	0.02306096	0.00037137	0.00169053	0.00073754	0.00754306	0.02818631	0.00296110
A[T>C]C	0.01420707	0.00673899	0.01136700	0.00005680	0.00003892	0.00376113	0.03613189	0.00061104	0.00013893	0.00023798	0.00250771	0.00443612	0.01199295	0.00029263	0.00054964	0.00440787	0.00228075	0.00032600
A[T>C]G	0.05973349	0.00761782	0.02487997	0.00435698	0.00007112	0.00025301	0.06395668	0.00044737	0.00001529	0.00103236	0.00298014	0.03519788	0.00106958	0.00029285	0.00065643	0.01005013	0.00878899	0.00003904
A[T>C]T	0.06528818	0.01832500	0.02737643	0.00071499	0.00075293	0.00611443	0.05213996	0.00069994	0.00024353	0.00158207	0.00557489	0.00303587	0.00921496	0.00191471	0.00271526	0.04887096	0.00243202	0.00718644
A[T>G]A	0.00437576	0.00452144	0.01287858	0.00080058	0.00044595	0.00004684	0.00263954	0.00051389	0.00144410	0.00002980	0.00056497	0.00049999	0.00074431	0.00002196	0.01117266	0.00332716	0.00173060	0.00880203
A[T>G]C	0.00221839	0.00284158	0.01348597	0.00010695	0.00017349	0.00035976	0.00063689	0.00021574	0.00471207	0.00105163	0.00048751	0.00028871	0.00072569	0.00001110	0.00066101	0.00271647	0.00008084	0.00890345
A[T>G]G	0.01189103	0.00891067	0.01339085	0.00086200	0.00028199	0.00059977	0.00253927	0.00011689	0.00101410	0.00144943	0.00269422	0.00107446	0.00094135	0.00000101	0.00046187	0.00967096	0.00476563	0.00698261
A[T>G]T	0.00003635	0.00077769	0.03462073	0.00000614	0.00032225	0.00000000	0.00023177	0.00003335	0.06549357	0.00035145	0.00021178	0.00144416	0.01227934	0.00026713	0.00000000	0.01200176	0.00031671	0.05205924
C[C>A]A	0.00009773	0.02556413	0.01415237	0.09479439	0.00048918	0.00005165	0.00081794	0.00012917	0.00034638	0.00125008	0.08245904	0.00005695	0.00018141	0.00127175	0.00008270	0.01307664	0.00145606	0.00416187
C[C>A]C	0.00054859	0.02700580	0.00192985	0.09938139	0.00013579	0.00194473	0.00054323	0.00037284	0.00004856	0.00090784	0.00981028	0.02853939	0.00159902	0.00034212	0.00198459	0.00335848	0.00566424	0.00054018
C[C>A]G	0.00546415	0.00009733	0.00002246	0.03015769	0.00000363	0.00012652	0.00068451	0.00000000	0.00005618	0.00025027	0.01202916	0.00370225	0.00025507	0.00000056	0.00181594	0.00032700	0.00060753	0.00002411
C[C>A]T	0.00000000	0.00622477	0.00663792	0.08799332	0.00012303	0.00000036	0.00001753	0.00025552	0.00001019	0.00128143	0.02720225	0.08552402	0.00003265	0.00000183	0.01300691	0.00040520	0.00101089	0.00017363
C[C>G]A	0.00781471	0.03134374	0.00210030	0.00921562	0.00000176	0.00021708	0.00228824	0.00004294	0.00010895	0.00033378	0.00000000	0.00109392	0.00080979	0.00620340	0.00003439	0.00184391	0.00207027	0.00111968
C[C>G]C	0.01344024	0.02216716	0.01042896	0.00804700	0.00002803	0.00042085	0.00220754	0.00043964	0.00014072	0.00095281	0.00267347	0.00153118	0.00005572	0.00044454	0.00198905	0.00075756	0.00288648	0.00036223
C[C>G]G	0.00435255	0.00169320	0.00184191	0.00352025	0.00002452	0.00035661	0.00084614	0.00024095	0.00000321	0.00060669	0.00451558	0.00023638	0.00053800	0.00005698	0.00030961	0.00152689	0.00170849	0.00023217
C[C>G]T	0.00920564	0.03535450	0.01517922	0.00738886	0.00010680	0.00005699	0.00511858	0.00005412	0.00005019	0.00054926	0.00357694	0.00166032	0.00009670	0.00650106	0.00448303	0.00084663	0.00111173	0.00378530
C[C>T]A	0.01311151	0.01575120	0.02514277	0.01430753	0.06153629	0.00332025	0.00728581	0.00063032	0.00048603	0.12085990	0.00717860	0.00411003	0.00153820	0.00002182	0.00526811	0.04898251	0.00308928	0.00504266
C[C>T]C	0.00728620	0.01874966	0.01477597	0.01154186	0.06092723	0.00015919	0.00814203	0.00000000	0.00013406	0.21504603	0.00271187	0.00528073	0.00159302	0.00011177	0.00548551	0.00131058	0.00816621	0.00023431
C[C>T]G	0.02679214	0.00444490	0.00250728	0.00267591	0.00653996	0.18601412	0.00265328	0.00357561	0.00681033	0.02414569	0.01720619	0.01383291	0.00268902	0.00227560	0.01001862	0.00558834	0.00725633	0.01667741
C[C>T]T	0.02064953	0.02695856	0.02161600	0.01866181	0.06993576	0.00031022	0.00568579	0.00034386	0.00018137	0.14312596	0.00095381	0.00694059	0.00205839	0.00095990	0.02778702	0.01129254	0.00519646	0.00209450
C[T>A]A	0.00278200	0.00172323	0.00000000	0.00151528	0.00015567	0.00004609	0.00139512	0.00022577	0.00001325	0.00044749	0.00007717	0.00043352	0.00008444	0.00018592	0.00323482	0.00167920	0.10421204	0.00020656
C[T>A]C	0.00136414	0.01789108	0.00437302	0.00469377	0.00002871	0.00010406	0.00331321	0.00036464	0.00185742	0.00061733	0.00198337	0.00311095	0.03883746	0.00028635	0.01437138	0.00019103	0.06312700	0.00069722
C[T>A]G	0.00196140	0.00269573	0.00183686	0.01532005	0.00001136	0.00050582	0.00128953	0.00005937	0.00030496	0.00016076	0.00034735	0.00098425	0.01144030	0.00038425	0.00012288	0.00161812	0.16412099	0.00060292
C[T>A]T	0.00000000	0.00900398	0.00750282	0.00677730	0.00028781	0.00001508	0.00026372	0.00013337	0.00729921	0.00000134	0.00076314	0.00000000	0.07230413	0.00042623	0.04767254	0.00015731	0.05177086	0.00024388
C[T>C]A	0.01136183	0.00669956	0.01656686	0.00484906	0.00049422	0.00025698	0.03822359	0.00020549	0.00040234	0.00116770	0.00002741	0.01440300	0.01115602	0.00013009	0.00742997	0.00933371	0.00571897	0.00205699
C[T>C]C	0.00477125	0.01155888	0.00641167	0.00154934	0.00011993	0.00304130	0.02775844	0.00005326	0.00223472	0.00045260	0.00327163	0.00227034	0.17457940	0.00001330	0.00022004	0.00026295	0.00203973	0.00198037
C[T>C]G	0.02804852	0.00471389	0.01147841	0.00526172	0.00000082	0.00043025	0.03118611	0.00016730	0.00188179	0.00023787	0.00000000	0.03370921	0.09403779	0.00012514	0.00068425	0.00187607	0.00530260	0.00134516
C[T>C]T	0.01172670	0.00024327	0.00112038	0.00048804	0.00159597	0.00005463	0.01489316	0.00019316	0.00882908	0.00723237	0.00407326	0.00484809	0.41557975	0.00016954	0.02856302	0.03137549	0.00046614	0.00252459
C[T>G]A	0.00225647	0.00701296	0.00317704	0.00026182	0.00007401	0.00006474	0.00176733	0.00005019	0.00210390	0.00037779	0.00016343	0.00074260	0.00034183	0.00007158	0.00337943	0.00101484	0.00463716	0.01087696
C[T>G]C	0.00488281	0.01056262	0.00464974	0.00004488	0.00004051	0.00037238	0.00127553	0.00016408	0.03114731	0.00094139	0.00244988	0.00298035	0.00174682	0.00008879	0.00559160	0.00025906	0.00125594	0.01178147
C[T>G]G	0.00726362	0.01669131	0.00345150	0.00272837	0.00000064	0.00023022	0.00177006	0.00000475	0.01359946	0.00107015	0.00322996	0.00402768	0.00042010	0.00010544	0.00119937	0.00033856	0.00844055	0.00655115
C[T>G]T	0.00450257	0.00029145	0.00074458	0.00071282	0.00000000	0.00057951	0.00135472	0.00000000	0.55015549	0.00000000	0.00127746	0.00002188	0.00154037	0.00000000	0.00082004	0.00004859	0.00157637	0.01188317
G[C>A]A	0.01041265	0.00488470	0.01235897	0.02973507	0.00000086	0.00115873	0.00292273	0.00020237	0.00110493	0.00021056	0.14364080	0.00086144	0.00259236	0.00031618	0.00019954	0.00090778	0.00344117	0.00634619
G[C>A]C	0.01015521	0.01161612	0.00895871	0.04500169	0.00017711	0.00052456	0.00671797	0.00010412	0.00003501	0.00000317	0.01653948	0.00445600	0.00086600	0.00020430	0.00015023	0.00099973	0.00283358	0.00044999
G[C>A]G	0.00392860	0.00000000	0.00217507	0.01837018	0.00000525	0.00085260	0.00144656	0.00003192	0.00009416	0.00001159	0.00782407	0.00033289	0.00026795	0.00006944	0.00000284	0.00016236	0.00022776	0.00055946
G[C>A]T	0.00496895	0.01089185	0.00835176	0.02083924	0.00000000	0.00004191	0.00325846	0.00000000	0.00032426	0.00000000	0.08158885	0.01089063	0.00003792	0.00022008	0.00008416	0.00077608	0.00056918	0.00358733
G[C>G]A	0.00507594	0.02065245	0.00122781	0.00624277	0.00000037	0.00018557	0.00116420	0.00001548	0.00008679	0.00000688	0.00033361	0.00090498	0.00111973	0.00136101	0.00008020	0.00057831	0.00225242	0.00183408
G[C>G]C	0.00603337	0.01376430	0.00506075	0.00684489	0.00000527	0.00058332	0.00172555	0.00012573	0.00007242	0.00030186	0.00064742	0.00218391	0.00137969	0.00030123	0.00062420	0.00029118	0.00277140	0.00318192
G[C>G]G	0.00203195	0.00349402	0.00048790	0.00402790	0.00002388	0.00031065	0.00023853	0.00002323	0.00006002	0.00034374	0.00020329	0.00021323	0.00017550	0.00023262	0.00019336	0.00064113	0.00034442	0.00030925
G[C>G]T	0.00862789	0.02412437	0.00304094	0.00287752	0.00002207	0.00018544	0.00293769	0.00009692	0.00000442	0.00021416	0.00111177	0.00233613	0.00066066	0.00288026	0.00120005	0.00118879	0.00310696	0.00296127
G[C>T]A	0.02736796	0.02057741	0.01327348	0.00299333	0.00007381	0.00388039	0.00812876	0.00004899	0.00032122	0.00012269	0.00669487	0.08571249	0.00240882	0.00784457	0.00010947	0.00123494	0.00378371	0.00702868
G[C>T]C	0.03227596	0.01450211	0.00888384	0.00308904	0.01346727	0.00035729	0.00599028	0.00137685	0.00016409	0.02860748	0.00452988	0.07440115	0.00012620	0.00029800	0.00090709	0.00315049	0.00416161	0.00930403
G[C>T]G	0.01265838	0.00000000	0.00000000	0.00000146	0.00000000	0.21419545	0.00430740	0.00000000	0.00706851	0.00000000	0.01575719	0.05469745	0.00139117	0.00167000	0.00000000	0.00000608	0.00374387	0.01655625
G[C>T]T	0.02493158	0.00955085	0.01514744	0.00271617	0.02353830	0.00050768	0.00452765	0.00029125	0.00000436	0.00406648	0.00256433	0.06668098	0.00075507	0.00184657	0.00166598	0.03929047	0.00431969	0.00581709
G[T>A]A	0.00396875	0.00678922	0.00141277	0.00522483	0.00041001	0.00007867	0.00180138	0.00037526	0.00010869	0.00025914	0.00099582	0.00180672	0.00009799	0.00000460	0.00158136	0.00009117	0.03937958	0.00130018
G[T>A]C	0.00247767	0.01081709	0.00174675	0.00247924	0.00025696	0.00004085	0.00184467	0.00024088	0.00031985	0.00008254	0.00202164	0.00269443	0.00296124	0.00017915	0.00254657	0.00029454	0.01056500	0.00120471
G[T>A]G	0.00320151	0.01499487	0.00116158	0.01259872	0.00019897	0.00015034	0.00191859	0.00021125	0.00018053	0.00040459	0.00044353	0.00288747	0.00065204	0.00011079	0.00001494	0.00133784	0.02758986	0.00109687
G[T>A]T	0.00099884	0.01658077	0.00174574	0.00517797	0.00030940	0.00023822	0.00087559	0.00020416	0.00155593	0.00013639	0.00284544	0.00352640	0.00510221	0.00060301	0.02100138	0.00748530	0.00638641	0.00127695
G[T>C]A	0.00959443	0.00828458	0.00439412	0.00251193	0.00002150	0.00040399	0.05525117	0.00013664	0.00005415	0.00005145	0.00020712	0.02481861	0.00028481	0.00016880	0.00000550	0.00093588	0.00412556	0.00079062
G[T>C]C	0.00792662	0.00581243	0.00512287	0.00043117	0.00007435	0.00210253	0.02351921	0.00006302	0.00091741	0.00001558	0.00284118	0.00154573	0.01437762	0.00020869	0.00033478	0.00199390	0.00362925	0.00095220
G[T>C]G	0.01791535	0.01158514	0.00255365	0.00183487	0.00003718	0.00143213	0.03506842	0.00012717	0.00114517	0.00030922	0.00499181	0.01913061	0.00381666	0.00027990	0.00025337	0.00267076	0.00330035	0.00137025
G[T>C]T	0.00629047	0.00116601	0.00287159	0.00003382	0.00079416	0.00001856	0.02277221	0.00034713	0.00055078	0.00806552	0.00184736	0.00620098	0.00454382	0.00000000	0.00603372	0.27016700	0.00108854	0.00168635
G[T>G]A	0.00291198	0.00725846	0.00228090	0.00027086	0.00006909	0.00020829	0.00193435	0.00012934	0.00036181	0.00019619	0.00085591	0.00039731	0.00068299	0.00000648	0.00243697	0.00016456	0.00231277	0.00093489
G[T>G]C	0.00228131	0.00330527	0.00355083	0.00010218	0.00012446	0.00007238	0.00071694	0.00012114	0.00578265	0.00031434	0.00007651	0.00040625	0.00036780	0.00012963	0.00138020	0.00014582	0.00088050	0.00032600
G[T>G]G	0.00563597	0.01736649	0.00105485	0.00181847	0.00019838	0.00038349	0.00204760	0.00025188	0.00145311	0.00281106	0.00704034	0.00117989	0.00076245	0.00078925	0.00594381	0.00404236	0.00234741	0.00255834
G[T>G]T	0.00001431	0.00573304	0.00195555	0.00003388	0.00110725	0.00027217	0.00010083	0.00005973	0.11973794	0.00194101	0.00094828	0.00277864	0.00625450	0.00014941	0.00654699	0.00630394	0.00008707	0.00085098
T[C>A]A	0.00016039	0.00112722	0.04155600	0.04201416	0.00022619	0.00000000	0.00259080	0.00067062	0.00005642	0.00224962	0.08582810	0.00102031	0.00031287	0.07716554	0.00139480	0.01018144	0.00358050	0.00144604
T[C>A]C	0.00563577	0.01680475	0.02609104	0.05338415	0.00044326	0.00253135	0.00159342	0.00024897	0.00018905	0.00326948	0.04848292	0.00238310	0.00068456	0.03141746	0.01343289	0.00812219	0.00109641	0.00024753
T[C>A]G	0.00351104	0.00009665	0.00344701	0.01251178	0.00000960	0.00047250	0.00038311	0.00001626	0.00003619	0.00015505	0.01541606	0.00005486	0.00010106	0.01111510	0.00001162	0.00028998	0.00037797	0.00000030
T[C>A]T	0.00742065	0.00371860	0.02900486	0.03765315	0.00036242	0.00153806	0.00153534	0.00108709	0.00276709	0.00077977	0.15703407	0.01817789	0.00102774	0.03541454	0.00317964	0.00094339	0.00812748	0.00464205
T[C>G]A	0.00201044	0.01400929	0.00017605	0.00142113	0.00000000	0.00008276	0.01525614	0.00001136	0.00014991	0.00008581	0.00135181	0.00101305	0.00290540	0.29835854	0.00038759	0.00339232	0.00565959	0.00170536
T[C>G]C	0.00459829	0.03035803	0.01342879	0.00553453	0.00000168	0.00048678	0.00649991	0.00005858	0.00001177	0.00146363	0.00348368	0.00129123	0.00061571	0.06630471	0.00402442	0.00039136	0.00152857	0.00672759
T[C>G]G	0.00253443	0.00009121	0.00228834	0.00228052	0.00000000	0.00006416	0.00126607	0.00004559	0.00004021	0.00024488	0.00107751	0.00032540	0.00039348	0.01413474	0.00000028	0.00112398	0.00005757	0.00009259
T[C>G]T	0.00328976	0.02663789	0.01223285	0.00031676	0.00037757	0.00222892	0.01485791	0.00010374	0.00131803	0.00005529	0.00009226	0.00206624	0.00032499	0.39202544	0.01148140	0.00053792	0.00388869	0.00509812
T[C>T]A	0.00157232	0.00006744	0.03924636	0.00224950	0.12793591	0.00149266	0.00784274	0.57368376	0.00002848	0.00019376	0.00771026	0.00100225	0.00023673	0.00205450	0.01571435	0.00002867	0.00338369	0.00073065
T[C>T]C	0.00000000	0.00094891	0.01651652	0.00640876	0.46308395	0.00000311	0.01159614	0.07087081	0.00007003	0.15479459	0.00000000	0.00008955	0.00000559	0.00246283	0.01504914	0.08341004	0.00771272	0.00039843
T[C>T]G	0.02216311	0.00000000	0.00000000	0.00000000	0.09560376	0.10113381	0.00120098	0.04376331	0.00342777	0.05569455	0.01226636	0.00078469	0.00046202	0.00069708	0.00000000	0.00584775	0.00142384	0.00278348
T[C>T]T	0.00766808	0.00196172	0.02504457	0.00655465	0.02105289	0.00001413	0.05123586	0.28251430	0.00028189	0.11511007	0.00004886	0.00276580	0.00151497	0.00145569	0.00029715	0.03812498	0.01983124	0.00617166
T[T>A]A	0.00234915	0.00044703	0.00430593	0.00155359	0.00017137	0.00731844	0.01225669	0.00002744	0.00073984	0.00228463	0.01038577	0.00575899	0.00070676	0.00038877	0.02042274	0.01342340	0.05807161	0.07581199
T[T>A]C	0.00046074	0.01060966	0.01366050	0.00129816	0.00022736	0.00014979	0.00707536	0.00021629	0.00022416	0.00208713	0.00173253	0.00001324	0.00531673	0.00045764	0.03697495	0.00102563	0.02231726	0.00581905
T[T>A]G	0.00593034	0.00356522	0.00615877	0.00572777	0.00000194	0.00030390	0.00298607	0.00000399	0.00003146	0.00148205	0.00070582	0.00070697	0.00131539	0.00008627	0.01328400	0.00442002	0.04118725	0.00484238
T[T>A]T	0.00104512	0.00069113	0.02011539	0.00351656	0.00019316	0.00193865	0.00562185	0.00126117	0.00129142	0.00015880	0.00122412	0.01195217	0.00219818	0.00013921	0.26893697	0.02525084	0.01409773	0.00400449
T[T>C]A	0.00856468	0.01065339	0.00270450	0.00083644	0.00229107	0.00026363	0.07032245	0.00062948	0.00059355	0.00527412	0.00007950	0.02103486	0.00099844	0.00000272	0.03655064	0.06502830	0.00691813	0.02859462
T[T>C]C	0.00408413	0.00744765	0.00553857	0.00000591	0.00063522	0.00479724	0.03807402	0.00001315	0.00096299	0.00151685	0.00531954	0.01042242	0.01429080	0.00009081	0.02509708	0.01182985	0.00018550	0.01080725
T[T>C]G	0.01267752	0.00443844	0.00340815	0.00100497	0.00007587	0.00042704	0.03446499	0.00006512	0.00106257	0.00398612	0.00276028	0.01781690	0.00195871	0.00000048	0.01485286	0.02043251	0.00376645	0.01258552
T[T>C]T	0.01543326	0.00852273	0.00000000	0.00002626	0.00082944	0.00523512	0.05230074	0.00023360	0.00036074	0.00328410	0.00040672	0.03154279	0.01971310	0.00034787	0.09254185	0.03323814	0.00034529	0.01195396
T[T>G]A	0.00421481	0.00891767	0.00755577	0.00000587	0.00010486	0.00018175	0.00603489	0.00009062	0.00000000	0.00047143	0.00001907	0.00000170	0.00000383	0.00017124	0.02162027	0.00024212	0.00221235	0.05710868
T[T>G]C	0.00682748	0.00725977	0.01807341	0.00000098	0.00001368	0.00070603	0.00430516	0.00012899	0.00874688	0.00118837	0.00118682	0.00070416	0.00006852	0.00011988	0.01689734	0.00052524	0.00074448	0.03402402
T[T>G]G	0.00889307	0.01226975	0.01132875	0.00180632	0.00001188	0.00074287	0.00352139	0.00006910	0.00440696	0.00089490	0.00086748	0.00234192	0.00148455	0.00000260	0.00832557	0.00062793	0.00491221	0.02110399
T[T>G]T	0.00160970	0.00752593	0.01206305	0.00010086	0.00002736	0.00073941	0.00710956	0.00014391	0.11885998	0.00027024	0.00047714	0.00822973	0.00574616	0.00000000	0.01567429	0.00059388	0.00025142	0.35869784
