MutationsType	SBS96A	SBS96B	SBS96C	SBS96D	SBS96E	SBS96F	SBS96G	SBS96H	SBS96I	SBS96J	SBS96K	SBS96L	SBS96M	SBS96N	SBS96O	SBS96P	SBS96Q
A[C>A]A	0.00003376	0.00145359	0.00010596	0.04898211	0.00799282	0.04117058	0.00034651	0.02212536	0.00068473	0.00059431	0.05447342	0.00418788	0.00225944	0.00017569	0.00096490	0.00373757	0.00057621
A[C>A]C	0.00009149	0.00038264	0.00070168	0.03962458	0.00887120	0.01383416	0.00065560	0.02268944	0.00179235	0.00008820	0.01592690	0.00007590	0.00135850	0.00068239	0.00065262	0.00252955	0.00153290
A[C>A]G	0.00002821	0.00012706	0.00022537	0.01838222	0.00254324	0.00264499	0.00001731	0.00048682	0.00010309	0.00010597	0.00081731	0.00003573	0.00009201	0.00028503	0.00013194	0.00074211	0.00003780
A[C>A]T	0.00025097	0.00058937	0.00027085	0.03524272	0.00309727	0.01822343	0.00673333	0.01353402	0.00096735	0.00014134	0.02192403	0.00073488	0.00016276	0.00396961	0.00027989	0.00434766	0.00376963
A[C>G]A	0.00006363	0.00000000	0.00020870	0.00675165	0.00769694	0.01534902	0.00492392	0.03048965	0.00235877	0.00025267	0.00100573	0.00076801	0.00067147	0.00157754	0.00344906	0.00657357	0.00456693
A[C>G]C	0.00000672	0.00001478	0.00011739	0.00249471	0.00346844	0.01196998	0.00177384	0.01838803	0.00090199	0.00006725	0.00359203	0.00066395	0.00051536	0.00272423	0.00098349	0.00189770	0.00338232
A[C>G]G	0.00001658	0.00060474	0.00000380	0.00129729	0.00146121	0.00396471	0.00048554	0.00000000	0.00003430	0.00006161	0.00227567	0.00032131	0.00044866	0.00062847	0.00030773	0.00074625	0.00115629
A[C>G]T	0.00002894	0.00008967	0.00032142	0.00285772	0.00624583	0.02176136	0.00510536	0.02510479	0.00178614	0.00008058	0.00537047	0.00244532	0.00030995	0.00383027	0.00424102	0.00501467	0.00476886
A[C>T]A	0.00000325	0.00094641	0.00083556	0.00760494	0.03024864	0.03008143	0.09224133	0.01119593	0.02561532	0.00180170	0.00680850	0.00145028	0.00246595	0.00393257	0.00858228	0.02303623	0.00701815
A[C>T]C	0.02244554	0.03878799	0.00171112	0.00361386	0.01512801	0.01722557	0.02173209	0.01485248	0.00616490	0.00012866	0.00431519	0.00685749	0.00253468	0.00251767	0.00023949	0.00756912	0.00144821
A[C>T]G	0.00000213	0.00046291	0.00001101	0.00228037	0.00028573	0.00499250	0.00102036	0.00909235	0.36688963	0.00728075	0.00159740	0.00022763	0.00000000	0.00156585	0.00000000	0.00028676	0.00057240
A[C>T]T	0.00867897	0.01265315	0.00351547	0.00274632	0.01998745	0.02609583	0.03061207	0.01268365	0.01043332	0.00085969	0.00924314	0.00727053	0.00116660	0.02564351	0.00053140	0.01205362	0.00640286
A[T>A]A	0.00252356	0.00209776	0.00021556	0.00468289	0.00778333	0.00930760	0.00504442	0.00249194	0.00130885	0.00001970	0.00120765	0.01328964	0.00105285	0.00055135	0.00001243	0.04687046	0.00217477
A[T>A]C	0.00043274	0.00047927	0.00122504	0.00316354	0.00833148	0.00525887	0.00287241	0.00952147	0.00342457	0.00023328	0.00070091	0.00315080	0.00065786	0.00175099	0.00041407	0.00939692	0.00127003
A[T>A]G	0.00068703	0.00170199	0.00013662	0.00851603	0.00910469	0.00963334	0.00199944	0.01052401	0.00157651	0.00013269	0.00181062	0.00012952	0.00016713	0.00302148	0.00108777	0.04592176	0.00109521
A[T>A]T	0.00385108	0.00819294	0.00007415	0.00420495	0.00142847	0.00633105	0.02934279	0.00041214	0.00020974	0.00052802	0.00393647	0.07012682	0.00114439	0.03121652	0.00085936	0.00079501	0.03381307
A[T>C]A	0.00029571	0.00063449	0.00111539	0.00542865	0.08522881	0.03160272	0.02290037	0.01428892	0.00209903	0.00018929	0.00142973	0.00056245	0.00023026	0.00632800	0.00216556	0.04434723	0.00088078
A[T>C]C	0.00004764	0.00020580	0.00062149	0.00004044	0.02838552	0.01049949	0.00370323	0.00840032	0.00347956	0.00010881	0.00272715	0.00046236	0.01202414	0.00573785	0.00022299	0.00398621	0.00040054
A[T>C]G	0.00000699	0.00118129	0.00088138	0.00432470	0.06848054	0.02553871	0.03421073	0.01040289	0.00034942	0.00000206	0.00372530	0.00022152	0.00082353	0.01127521	0.00052517	0.01972132	0.00022748
A[T>C]T	0.00059581	0.00218783	0.00083443	0.00034990	0.06538486	0.02967934	0.00361194	0.01978425	0.00632721	0.00022412	0.00663109	0.00276423	0.00911345	0.04909530	0.00214565	0.01606612	0.00444942
A[T>G]A	0.00043572	0.00002797	0.00058262	0.00085225	0.00320446	0.01134346	0.00051990	0.00433466	0.00002435	0.00147344	0.00070451	0.01109447	0.00074293	0.00363484	0.00001772	0.00210790	0.00900566
A[T>G]C	0.00016702	0.00104389	0.00020095	0.00012536	0.00121236	0.01131604	0.00027362	0.00264372	0.00038408	0.00465413	0.00060311	0.00058622	0.00052403	0.00290731	0.00000583	0.00031078	0.01169117
A[T>G]G	0.00021115	0.00158148	0.00020837	0.00075191	0.00717284	0.01337528	0.00146739	0.00849257	0.00077089	0.00098542	0.00295735	0.00052552	0.00088887	0.00960087	0.00001037	0.00672558	0.00748828
A[T>G]T	0.00031961	0.00023673	0.00001062	0.00001921	0.00000077	0.02622520	0.00103041	0.00079167	0.00000000	0.06591921	0.00025444	0.00000000	0.01209796	0.01300165	0.00015225	0.00033066	0.06693856
C[C>A]A	0.00053564	0.00137465	0.00006518	0.09275429	0.00026224	0.01396618	0.00000000	0.02394065	0.00003955	0.00022167	0.08085352	0.00000555	0.00003882	0.01335463	0.00138017	0.00095944	0.00489556
C[C>A]C	0.00018999	0.00102154	0.00031971	0.09769033	0.00043721	0.00370624	0.02717946	0.02558440	0.00174422	0.00001937	0.00901272	0.00129167	0.00137133	0.00316738	0.00054589	0.00423838	0.00014238
C[C>A]G	0.00000929	0.00039741	0.00000000	0.02901725	0.00370912	0.00017596	0.00387800	0.00025278	0.00013899	0.00003649	0.01190695	0.00128779	0.00029813	0.00024832	0.00000000	0.00182432	0.00000000
C[C>A]T	0.00015584	0.00142959	0.00029877	0.08811506	0.00000000	0.00514131	0.08004055	0.00399324	0.00000000	0.00000346	0.02593747	0.01163926	0.00002457	0.00000469	0.00000000	0.00050301	0.00007669
C[C>G]A	0.00000095	0.00043899	0.00003400	0.00897326	0.00469219	0.00651420	0.00122232	0.03001192	0.00020418	0.00011840	0.00000008	0.00001174	0.00070746	0.00150994	0.00633033	0.00342993	0.00021862
C[C>G]C	0.00000918	0.00113678	0.00043377	0.00765666	0.00762914	0.01268608	0.00173675	0.02115821	0.00061212	0.00006513	0.00311704	0.00166330	0.00002545	0.00048698	0.00059981	0.00563831	0.00007639
C[C>G]G	0.00002250	0.00072888	0.00029980	0.00337015	0.00262278	0.00204988	0.00035095	0.00172763	0.00043734	0.00000049	0.00453627	0.00019784	0.00049141	0.00135229	0.00007447	0.00291376	0.00003078
C[C>G]T	0.00006554	0.00065508	0.00002369	0.00710446	0.00664311	0.01843444	0.00157513	0.03337960	0.00002950	0.00003002	0.00376431	0.00465807	0.00001812	0.00073598	0.00675466	0.00206847	0.00258275
C[C>T]A	0.06148232	0.11744695	0.00064656	0.01413298	0.01055130	0.02483441	0.00470432	0.01505788	0.00363388	0.00045981	0.00724828	0.00472945	0.00157968	0.04531809	0.00001765	0.00392808	0.00516748
C[C>T]C	0.06177544	0.20423238	0.00000000	0.01214880	0.00940885	0.01559372	0.00489080	0.01755463	0.00024268	0.00012987	0.00258946	0.00479904	0.00179510	0.00099862	0.00003842	0.00557701	0.00012583
C[C>T]G	0.00629086	0.02427223	0.00427104	0.00228374	0.01315984	0.00430479	0.01817315	0.00402823	0.18705159	0.00733960	0.01688437	0.00919161	0.00250034	0.00427633	0.00253082	0.01293625	0.01419703
C[C>T]T	0.06916509	0.14088456	0.00050995	0.01846980	0.01358061	0.02376260	0.00740078	0.02577867	0.00027055	0.00021977	0.00201152	0.02368957	0.00216560	0.00585704	0.00083446	0.00824487	0.00077678
C[T>A]A	0.00022361	0.00058797	0.00013238	0.00481391	0.00182513	0.00001361	0.00050959	0.00537282	0.00004949	0.00002996	0.00018109	0.00340703	0.00013870	0.00183935	0.00012985	0.08150955	0.00016639
C[T>A]C	0.00003990	0.00068463	0.00045890	0.00660427	0.00232145	0.00543537	0.00269024	0.01945886	0.00003194	0.00171512	0.00176792	0.01400247	0.03891892	0.00008675	0.00019867	0.04838306	0.00045416
C[T>A]G	0.00007913	0.00037632	0.00011422	0.02025274	0.00126381	0.00117695	0.00082748	0.00809522	0.00063510	0.00032791	0.00017293	0.00026817	0.01139317	0.00185060	0.00033338	0.13059740	0.00079303
C[T>A]T	0.00043533	0.00000000	0.00015968	0.00829980	0.00004253	0.00601292	0.00000131	0.01023383	0.00000670	0.00702545	0.00075847	0.04591879	0.07274125	0.00002249	0.00044426	0.04226196	0.00007102
C[T>C]A	0.00052969	0.00101704	0.00005327	0.00508610	0.02699941	0.01474866	0.01290230	0.00826277	0.00020319	0.00033010	0.00000000	0.00760373	0.01082464	0.01074380	0.00018734	0.00568598	0.00276577
C[T>C]C	0.00026438	0.00055300	0.00001612	0.00171600	0.01901656	0.00627865	0.00149900	0.01227993	0.00270107	0.00154468	0.00265013	0.00003461	0.17603664	0.00069762	0.00001245	0.00130663	0.00356204
C[T>C]G	0.00000000	0.00033609	0.00046022	0.00533859	0.03274413	0.01184286	0.03312632	0.00583157	0.00049180	0.00163962	0.00000722	0.00028029	0.09438150	0.00236262	0.00013875	0.00955171	0.00117275
C[T>C]T	0.00183757	0.00801151	0.00029936	0.00055864	0.01747453	0.00122987	0.00487152	0.00096332	0.00005131	0.00755072	0.00411443	0.02467328	0.41571228	0.03117177	0.00013688	0.00252189	0.00046313
C[T>G]A	0.00008629	0.00036206	0.00003389	0.00038634	0.00201805	0.00361613	0.00068042	0.00691897	0.00004986	0.00197902	0.00008968	0.00340057	0.00041181	0.00105112	0.00006215	0.00397941	0.01192032
C[T>G]C	0.00002169	0.00093730	0.00038215	0.00003593	0.00306828	0.00558540	0.00300355	0.01001421	0.00047660	0.03091169	0.00241392	0.00550623	0.00176554	0.00011931	0.00015120	0.00185554	0.01334170
C[T>G]G	0.00000000	0.00109498	0.00000291	0.00274978	0.00438638	0.00580985	0.00412803	0.01598352	0.00035320	0.01367258	0.00328045	0.00138093	0.00033769	0.00022862	0.00024718	0.00839849	0.00697218
C[T>G]T	0.00000000	0.00000000	0.00001063	0.00074862	0.00309241	0.00076520	0.00002973	0.00099605	0.00072266	0.55025038	0.00266491	0.00304962	0.00150867	0.00000788	0.00000000	0.00359925	0.01629643
G[C>A]A	0.00000000	0.00046617	0.00035369	0.02720804	0.00732623	0.01252849	0.00104959	0.00519159	0.00123039	0.00122659	0.14014568	0.00012456	0.00251778	0.00017549	0.00043703	0.00530345	0.00660178
G[C>A]C	0.00020327	0.00000000	0.00017664	0.04468351	0.01057510	0.00867779	0.00429609	0.01107825	0.00033423	0.00000677	0.01654690	0.00000539	0.00076685	0.00016986	0.00018899	0.00372896	0.00026747
G[C>A]G	0.00001307	0.00000859	0.00010551	0.01804748	0.00337286	0.00172735	0.00036716	0.00003646	0.00074548	0.00009194	0.00788365	0.00000000	0.00018711	0.00005293	0.00004832	0.00093131	0.00056161
G[C>A]T	0.00000017	0.00000000	0.00000000	0.01922262	0.00492510	0.00883760	0.01052568	0.01034640	0.00000676	0.00034007	0.07971717	0.00011060	0.00001101	0.00016590	0.00015550	0.00130289	0.00388176
G[C>G]A	0.00001341	0.00000660	0.00006761	0.00602040	0.00291092	0.00418722	0.00092480	0.01960291	0.00020239	0.00002723	0.00052902	0.00019269	0.00106955	0.00038497	0.00149625	0.00291995	0.00080336
G[C>G]C	0.00000063	0.00032195	0.00016721	0.00671293	0.00375609	0.00638102	0.00213096	0.01304923	0.00077444	0.00001644	0.00057365	0.00074789	0.00133751	0.00012271	0.00048738	0.00398739	0.00251964
G[C>G]G	0.00001421	0.00042498	0.00002831	0.00387299	0.00110644	0.00105971	0.00033918	0.00340926	0.00032827	0.00003569	0.00029033	0.00009545	0.00009480	0.00053563	0.00020717	0.00089424	0.00005854
G[C>G]T	0.00000014	0.00029508	0.00015899	0.00278032	0.00562700	0.00694548	0.00251480	0.02251740	0.00024301	0.00000141	0.00110687	0.00138330	0.00065065	0.00105417	0.00301218	0.00443919	0.00160824
G[C>T]A	0.00009116	0.00022182	0.00009263	0.00265141	0.01650528	0.01686644	0.08495877	0.01851192	0.00378514	0.00033573	0.00735248	0.00003884	0.00243010	0.00107669	0.00770281	0.00918293	0.00640528
G[C>T]C	0.01330156	0.02839542	0.00171899	0.00282654	0.01772484	0.01298302	0.07530541	0.01275566	0.00141724	0.00009683	0.00515828	0.00051795	0.00002809	0.00100471	0.00039649	0.01158442	0.00648152
G[C>T]G	0.00000595	0.00000239	0.00000052	0.00000000	0.00628405	0.00000304	0.05603701	0.00000024	0.21363898	0.00774947	0.01560033	0.00000034	0.00134541	0.00012847	0.00216381	0.00374050	0.01556914
G[C>T]T	0.02268340	0.00520315	0.00046022	0.00235488	0.01288208	0.01700037	0.06742046	0.00806707	0.00061521	0.00001277	0.00334241	0.00152898	0.00101590	0.03855109	0.00202074	0.01008912	0.00422845
G[T>A]A	0.00042974	0.00033196	0.00037308	0.00619128	0.00260560	0.00216661	0.00181143	0.00788751	0.00008850	0.00014700	0.00109850	0.00173297	0.00010193	0.00004877	0.00000333	0.03228056	0.00098676
G[T>A]C	0.00025488	0.00008257	0.00016263	0.00268652	0.00189641	0.00312775	0.00264568	0.01053684	0.00002624	0.00029664	0.00210954	0.00274279	0.00293090	0.00024363	0.00025187	0.00855289	0.00060593
G[T>A]G	0.00027639	0.00048893	0.00013705	0.01342640	0.00253172	0.00271499	0.00274538	0.01537959	0.00010693	0.00021206	0.00046021	0.00000661	0.00054727	0.00126090	0.00006635	0.02129904	0.00070134
G[T>A]T	0.00035341	0.00012169	0.00013261	0.00530472	0.00047005	0.00365207	0.00359386	0.01595809	0.00014840	0.00154417	0.00285725	0.02014065	0.00493961	0.00782864	0.00061550	0.00489822	0.00078877
G[T>C]A	0.00010905	0.00002753	0.00004980	0.00283561	0.03662466	0.00506791	0.02132253	0.01081523	0.00028426	0.00002531	0.00002439	0.00000593	0.00035702	0.00227652	0.00011130	0.00315233	0.00139776
G[T>C]C	0.00009447	0.00000000	0.00004907	0.00051444	0.01768515	0.00516796	0.00107582	0.00693411	0.00211070	0.00090114	0.00282753	0.00019930	0.01403376	0.00248048	0.00023560	0.00388437	0.00120805
G[T>C]G	0.00003971	0.00038098	0.00006591	0.00181897	0.02970933	0.00477308	0.01784363	0.01264579	0.00124109	0.00116761	0.00510632	0.00028304	0.00362598	0.00334789	0.00023358	0.00559918	0.00133275
G[T>C]T	0.00040885	0.00869581	0.00039734	0.00003477	0.01667788	0.00258923	0.00977512	0.00226181	0.00004875	0.00067010	0.00222154	0.00546957	0.00480013	0.27252793	0.00000000	0.00226016	0.00252607
G[T>G]A	0.00007310	0.00021321	0.00011820	0.00026415	0.00234515	0.00312073	0.00051649	0.00693492	0.00016993	0.00035960	0.00082806	0.00255165	0.00075664	0.00019544	0.00004246	0.00235018	0.00069262
G[T>G]C	0.00012145	0.00034536	0.00013163	0.00006637	0.00141019	0.00358818	0.00041030	0.00315198	0.00009463	0.00589798	0.00016979	0.00129584	0.00030861	0.00007286	0.00013997	0.00128917	0.00027615
G[T>G]G	0.00023695	0.00291101	0.00016335	0.00163616	0.00357631	0.00366535	0.00138928	0.01657314	0.00057057	0.00147940	0.00708789	0.00547479	0.00077756	0.00388226	0.00121472	0.00322032	0.00195558
G[T>G]T	0.00110069	0.00188267	0.00000691	0.00001423	0.00002488	0.00225586	0.00276075	0.00548637	0.00023546	0.12033564	0.00119667	0.00671291	0.00616743	0.00635537	0.00009192	0.00006962	0.00139003
T[C>A]A	0.00038226	0.00212663	0.00053699	0.04075783	0.00011366	0.03330025	0.00103395	0.00084983	0.00000460	0.00003199	0.08428103	0.00141742	0.00016492	0.01043516	0.07705327	0.00256695	0.00427163
T[C>A]C	0.00051964	0.00347076	0.00017585	0.05204743	0.00343617	0.02402820	0.00250464	0.01544162	0.00244298	0.00016795	0.04727720	0.01211100	0.00072336	0.00800714	0.03083202	0.00144851	0.00025414
T[C>A]G	0.00000953	0.00019987	0.00003020	0.01212491	0.00195036	0.00305943	0.00003788	0.00007818	0.00063807	0.00001359	0.01497577	0.00000000	0.00010701	0.00015499	0.01106615	0.00122166	0.00003227
T[C>A]T	0.00047468	0.00086611	0.00100735	0.03425298	0.00271248	0.02550672	0.01812671	0.00362529	0.00187851	0.00279179	0.15516686	0.00338512	0.00084170	0.00083100	0.03506314	0.01059466	0.00502469
T[C>G]A	0.00000000	0.00013479	0.00009760	0.00163606	0.00374427	0.00135923	0.00140991	0.01247219	0.00004133	0.00013392	0.00163080	0.00182459	0.00324096	0.00375815	0.29743732	0.00481472	0.00151813
T[C>G]C	0.00000297	0.00139846	0.00003769	0.00535775	0.00416427	0.01515536	0.00135128	0.02836813	0.00027456	0.00000338	0.00373250	0.00492104	0.00065435	0.00027938	0.06572734	0.00178677	0.00522121
T[C>G]G	0.00000000	0.00029065	0.00007192	0.00220078	0.00176966	0.00205101	0.00038495	0.00008242	0.00011451	0.00002330	0.00118880	0.00000000	0.00046145	0.00102876	0.01411704	0.00071005	0.00006329
T[C>G]T	0.00051173	0.00005016	0.00002979	0.00057929	0.00877283	0.01213748	0.00229265	0.02402934	0.00211634	0.00142601	0.00014839	0.01370394	0.00054232	0.00022623	0.38738703	0.00321700	0.00445489
T[C>T]A	0.14073495	0.00006753	0.55379716	0.00268138	0.00576721	0.02962259	0.00026780	0.00026643	0.00131830	0.00001237	0.00868067	0.01772944	0.00020319	0.00003472	0.00214412	0.00402904	0.00236761
T[C>T]C	0.44750128	0.16484070	0.07679668	0.00722313	0.00000000	0.01240104	0.00003668	0.00026385	0.00001972	0.00003146	0.00000000	0.01395554	0.00000000	0.08775716	0.00243170	0.00433813	0.00136982
T[C>T]G	0.09369666	0.05669072	0.04309002	0.00000000	0.01160547	0.00415942	0.00302567	0.00020740	0.10115902	0.00384712	0.01313575	0.00000000	0.00046254	0.00249742	0.00129224	0.00542572	0.00275912
T[C>T]T	0.02689717	0.11524158	0.29338179	0.00739304	0.01050981	0.02144205	0.00300430	0.00154963	0.00001091	0.00041600	0.00001064	0.00201987	0.00137296	0.03927888	0.00284222	0.01493238	0.01335678
T[T>A]A	0.00010934	0.00200163	0.00000785	0.00244278	0.00322103	0.00351996	0.00589227	0.00224002	0.00793918	0.00083265	0.01022472	0.02997046	0.00049437	0.01292245	0.00036175	0.05123258	0.06134952
T[T>A]C	0.00029276	0.00190047	0.00015000	0.00231459	0.00322401	0.01131137	0.00001946	0.01121461	0.00005816	0.00021727	0.00172889	0.03719548	0.00539507	0.00130582	0.00044563	0.01495465	0.00508081
T[T>A]G	0.00000061	0.00148807	0.00000000	0.00649279	0.00386878	0.00563265	0.00085486	0.00485277	0.00048457	0.00000491	0.00078784	0.01395693	0.00147165	0.00439734	0.00009723	0.03593730	0.00362039
T[T>A]T	0.00065961	0.00022535	0.00131574	0.00449293	0.00284294	0.01252490	0.01352444	0.00208389	0.00214174	0.00139052	0.00183877	0.24857484	0.00270370	0.02655042	0.00006622	0.00953811	0.00551770
T[T>C]A	0.00224340	0.00416180	0.00027468	0.00115996	0.04133083	0.00245711	0.01919236	0.01359009	0.00010877	0.00069220	0.00003363	0.04332561	0.00096089	0.06994325	0.00000179	0.00590550	0.02223264
T[T>C]C	0.00059510	0.00114540	0.00000002	0.00000016	0.02287592	0.00501863	0.00927479	0.00859570	0.00453292	0.00096377	0.00487860	0.02668505	0.01420118	0.01380986	0.00004983	0.00009096	0.00973668
T[T>C]G	0.00005573	0.00348845	0.00006964	0.00096776	0.02496216	0.00402032	0.01695728	0.00564133	0.00039381	0.00108121	0.00267816	0.01683264	0.00194259	0.02229404	0.00000720	0.00608812	0.01031678
T[T>C]T	0.00088465	0.00300094	0.00024912	0.00007751	0.03618803	0.00012739	0.03096056	0.01042316	0.00472402	0.00046143	0.00085178	0.09192148	0.01945450	0.03553280	0.00051983	0.00244786	0.00871658
T[T>G]A	0.00012047	0.00043683	0.00006660	0.00004108	0.00365535	0.00742524	0.00001161	0.00862544	0.00025424	0.00000448	0.00002795	0.02399207	0.00000000	0.00007461	0.00033762	0.00319711	0.05404265
T[T>G]C	0.00001117	0.00119151	0.00018729	0.00000006	0.00502695	0.01603946	0.00071111	0.00697480	0.00068711	0.00866080	0.00137478	0.01735225	0.00000791	0.00058386	0.00025955	0.00183094	0.03531245
T[T>G]G	0.00000034	0.00089207	0.00006837	0.00175134	0.00510378	0.01194598	0.00251778	0.01169024	0.00119899	0.00449516	0.00087934	0.00920321	0.00145718	0.00052996	0.00000469	0.00658868	0.01872666
T[T>G]T	0.00002584	0.00019794	0.00027859	0.00018389	0.00490669	0.00555707	0.00680126	0.00809191	0.00114699	0.11776496	0.00023141	0.01791689	0.00569501	0.00067684	0.00000000	0.00311474	0.40086819
