MutationsType	SBS96A	SBS96B	SBS96C	SBS96D	SBS96E	SBS96F	SBS96G	SBS96H	SBS96I	SBS96J	SBS96K	SBS96L	SBS96M	SBS96N	SBS96O	SBS96P	SBS96Q
A[C>A]A	0.00807520	0.04249602	0.02227164	0.04956967	0.00003650	0.00072154	0.00059824	0.00007206	0.00203520	0.05449589	0.00041549	0.00234569	0.00098697	0.00445346	0.00342589	0.00036155	0.00022900
A[C>A]C	0.00896905	0.01333360	0.02295768	0.03988316	0.00009603	0.00179050	0.00012061	0.00069357	0.00106630	0.01562545	0.00077557	0.00137851	0.00066494	0.00016545	0.00236898	0.00070681	0.00094877
A[C>A]G	0.00263943	0.00282125	0.00041065	0.01840754	0.00002976	0.00010932	0.00011750	0.00021668	0.00032212	0.00063930	0.00004694	0.00012836	0.00014369	0.00007811	0.00065615	0.00031510	0.00002889
A[C>A]T	0.00328677	0.01862921	0.01355053	0.03556898	0.00020682	0.00100229	0.00015361	0.00032861	0.00096666	0.02168160	0.00670190	0.00019592	0.00028169	0.00100450	0.00448240	0.00384864	0.00302428
A[C>G]A	0.00802247	0.01467844	0.03057563	0.00682462	0.00004672	0.00227297	0.00026532	0.00022616	0.00006815	0.00106809	0.00500522	0.00066734	0.00351131	0.00073164	0.00638307	0.00154691	0.00493281
A[C>G]C	0.00356627	0.01167207	0.01874260	0.00256331	0.00000349	0.00084028	0.00004652	0.00007229	0.00007963	0.00373226	0.00177387	0.00050802	0.00091670	0.00052456	0.00181494	0.00271305	0.00382267
A[C>G]G	0.00155297	0.00426718	0.00000000	0.00129439	0.00002253	0.00002820	0.00006874	0.00000591	0.00062833	0.00223258	0.00053482	0.00044010	0.00031221	0.00025477	0.00055006	0.00065941	0.00130324
A[C>G]T	0.00661890	0.02188665	0.02531148	0.00297216	0.00003306	0.00171684	0.00008761	0.00031380	0.00012179	0.00545390	0.00510447	0.00025623	0.00419973	0.00218480	0.00443884	0.00377672	0.00543907
A[C>T]A	0.03175004	0.03087061	0.01199552	0.00772062	0.00000780	0.02557962	0.00181378	0.00076396	0.00096532	0.00726755	0.09134209	0.00244325	0.00875474	0.00158665	0.02004761	0.00419251	0.00649509
A[C>T]C	0.01588281	0.01637615	0.01505011	0.00363799	0.02273445	0.00618791	0.00014685	0.00177749	0.03879500	0.00441042	0.02170084	0.00253540	0.00022866	0.00742528	0.00645282	0.00249273	0.00098020
A[C>T]G	0.00029402	0.00533029	0.00884732	0.00227178	0.00001061	0.36683787	0.00694878	0.00004371	0.00028975	0.00110750	0.00048263	0.00001435	0.00000000	0.00025138	0.00035880	0.00172809	0.00081911
A[C>T]T	0.02073240	0.02676433	0.01297939	0.00275382	0.00874887	0.01057577	0.00079872	0.00381883	0.01289594	0.00948349	0.03040908	0.00118880	0.00045457	0.00750436	0.01020390	0.02522454	0.00595369
A[T>A]A	0.00792421	0.00997820	0.00178578	0.00393323	0.00253259	0.00121078	0.00001499	0.00023436	0.00210202	0.00126978	0.00526338	0.00100332	0.00001180	0.01342898	0.05012781	0.00063066	0.00219075
A[T>A]C	0.00846045	0.00502708	0.00955376	0.00315059	0.00043416	0.00344026	0.00021642	0.00119386	0.00045272	0.00069042	0.00298616	0.00066298	0.00040315	0.00313177	0.00908461	0.00191202	0.00169571
A[T>A]G	0.00945594	0.00981022	0.00996736	0.00800388	0.00064321	0.00172628	0.00009428	0.00017362	0.00180807	0.00168599	0.00215467	0.00019826	0.00108608	0.00024258	0.04839979	0.00300517	0.00100245
A[T>A]T	0.00101247	0.00672022	0.00067704	0.00415769	0.00406420	0.00018923	0.00049218	0.00005728	0.00849741	0.00398616	0.02866476	0.00096085	0.00084530	0.06680230	0.00061117	0.03091504	0.04315522
A[T>C]A	0.08620716	0.03244264	0.01412487	0.00510118	0.00030614	0.00236041	0.00019035	0.00104172	0.00082931	0.00139642	0.02420832	0.00016922	0.00216187	0.00054302	0.04219770	0.00773006	0.00089586
A[T>C]C	0.02768277	0.01073345	0.00857471	0.00004464	0.00007771	0.00350289	0.00011406	0.00058122	0.00021698	0.00263385	0.00435278	0.01196661	0.00026968	0.00046938	0.00356169	0.00638724	0.00042204
A[T>C]G	0.06831068	0.02621228	0.01074631	0.00425269	0.00001784	0.00034020	0.00000081	0.00085250	0.00142546	0.00370541	0.03526272	0.00086953	0.00050479	0.00032147	0.01753893	0.01273713	0.00008469
A[T>C]T	0.06535974	0.02997289	0.02024222	0.00036886	0.00060716	0.00644688	0.00021844	0.00091733	0.00236152	0.00678145	0.00485366	0.00921303	0.00220741	0.00277643	0.01322755	0.04974694	0.00474060
A[T>G]A	0.00327011	0.01200052	0.00443471	0.00083079	0.00041425	0.00003851	0.00147950	0.00059120	0.00007530	0.00069079	0.00059709	0.00069530	0.00003384	0.01111199	0.00195937	0.00356911	0.00867739
A[T>G]C	0.00124415	0.01212468	0.00274033	0.00010502	0.00018358	0.00035198	0.00469881	0.00017973	0.00102788	0.00065743	0.00030995	0.00060433	0.00000326	0.00063165	0.00026825	0.00283573	0.01000053
A[T>G]G	0.00742803	0.01389851	0.00852304	0.00076842	0.00023594	0.00091907	0.00103241	0.00019347	0.00171085	0.00287478	0.00154699	0.00091195	0.00000909	0.00048002	0.00629521	0.00955926	0.00656890
A[T>G]T	0.00005952	0.02910206	0.00089477	0.00000961	0.00030089	0.00000000	0.06586034	0.00001118	0.00035084	0.00020098	0.00104866	0.01204644	0.00013928	0.00005711	0.00018360	0.01248495	0.05604016
C[C>A]A	0.00027882	0.01354372	0.02384058	0.09385592	0.00053075	0.00003203	0.00020503	0.00009373	0.00127214	0.08042948	0.00000000	0.00005830	0.00137327	0.00006896	0.00086028	0.01325331	0.00425037
C[C>A]C	0.00055412	0.00272607	0.02510317	0.09890557	0.00016790	0.00183224	0.00004854	0.00029056	0.00103357	0.00806590	0.02662665	0.00138114	0.00053248	0.00171464	0.00470058	0.00313430	0.00027736
C[C>A]G	0.00384198	0.00009076	0.00017625	0.02927136	0.00001032	0.00011802	0.00004334	0.00000000	0.00044653	0.01183233	0.00395298	0.00026341	0.00000000	0.00144019	0.00144371	0.00029059	0.00000000
C[C>A]T	0.00000000	0.00506742	0.00442989	0.08849528	0.00016291	0.00000000	0.00000204	0.00019860	0.00182924	0.02568635	0.07884959	0.00002122	0.00000000	0.01235210	0.00028301	0.00000409	0.00008627
C[C>G]A	0.00498825	0.00531520	0.02993634	0.00912661	0.00000843	0.00018748	0.00010063	0.00005673	0.00046843	0.00000187	0.00121273	0.00074756	0.00637428	0.00001545	0.00328228	0.00139110	0.00037827
C[C>G]C	0.00798488	0.01238711	0.02113440	0.00774948	0.00001443	0.00054800	0.00007705	0.00043226	0.00122452	0.00314867	0.00184102	0.00003091	0.00062593	0.00171077	0.00543890	0.00050646	0.00007720
C[C>G]G	0.00275507	0.00202437	0.00172826	0.00341047	0.00002069	0.00045714	0.00000075	0.00028550	0.00075575	0.00450190	0.00037970	0.00053435	0.00007461	0.00021987	0.00253833	0.00137920	0.00006341
C[C>G]T	0.00672295	0.01778409	0.03369899	0.00728054	0.00007142	0.00002251	0.00003134	0.00001948	0.00077233	0.00374252	0.00161947	0.00002140	0.00671044	0.00454329	0.00172533	0.00073991	0.00296131
C[C>T]A	0.01089393	0.02423815	0.01505306	0.01434823	0.06235054	0.00353444	0.00047828	0.00068190	0.11745937	0.00723087	0.00487807	0.00150631	0.00002426	0.00525050	0.00349710	0.04525540	0.00485942
C[C>T]C	0.00953910	0.01397233	0.01768324	0.01229512	0.06372726	0.00017784	0.00010974	0.00000000	0.20466537	0.00212460	0.00492460	0.00183325	0.00003826	0.00553823	0.00545953	0.00070828	0.00027957
C[C>T]G	0.01400121	0.00413815	0.00421669	0.00239263	0.00645518	0.18631325	0.00724245	0.00430819	0.02449280	0.01691768	0.01761889	0.00231194	0.00260189	0.00923134	0.01087462	0.00418763	0.01474140
C[C>T]T	0.01401991	0.02232312	0.02582846	0.01872540	0.07019109	0.00037807	0.00019681	0.00057112	0.14077525	0.00163283	0.00751137	0.00213509	0.00082483	0.02524370	0.00745322	0.00580339	0.00099263
C[T>A]A	0.00192257	0.00000031	0.00401498	0.00354220	0.00017332	0.00005381	0.00002152	0.00015002	0.00057935	0.00021443	0.00052968	0.00013700	0.00012903	0.00345988	0.08784440	0.00189495	0.00016461
C[T>A]C	0.00234128	0.00489481	0.01872649	0.00609343	0.00006301	0.00005714	0.00177894	0.00032080	0.00068620	0.00181141	0.00272130	0.03900393	0.00021139	0.01424283	0.05169329	0.00017491	0.00055284
C[T>A]G	0.00139649	0.00106769	0.00613683	0.01908681	0.00003924	0.00064785	0.00036922	0.00009945	0.00033804	0.00014000	0.00089430	0.01136510	0.00036181	0.00020077	0.13698627	0.00187825	0.00064219
C[T>A]T	0.00000000	0.00632147	0.00967346	0.00776202	0.00028583	0.00000862	0.00716771	0.00021397	0.00013604	0.00066914	0.00000652	0.07286474	0.00045519	0.04665555	0.04439122	0.00000752	0.00006196
C[T>C]A	0.02635373	0.01519259	0.00848526	0.00511961	0.00053004	0.00022106	0.00030248	0.00008678	0.00094958	0.00000000	0.01312618	0.01080889	0.00019724	0.00760171	0.00542091	0.01161835	0.00305052
C[T>C]C	0.01837252	0.00556900	0.01245869	0.00165840	0.00021548	0.00249319	0.00184323	0.00001733	0.00053577	0.00267511	0.00205295	0.17672154	0.00000366	0.00007885	0.00133270	0.00135334	0.00346180
C[T>C]G	0.03272244	0.01194469	0.00608290	0.00521406	0.00000000	0.00041222	0.00180268	0.00040925	0.00049106	0.00001135	0.03349092	0.09466090	0.00014137	0.00036945	0.00863406	0.00300884	0.00108701
C[T>C]T	0.01752423	0.00037943	0.00072045	0.00039408	0.00178034	0.00001641	0.00830789	0.00033185	0.00785138	0.00396401	0.00545285	0.41707676	0.00012192	0.02611835	0.00197300	0.03103928	0.00059047
C[T>G]A	0.00202809	0.00363761	0.00689704	0.00034729	0.00008124	0.00003917	0.00207298	0.00003063	0.00041791	0.00012413	0.00071758	0.00034322	0.00004707	0.00338293	0.00423037	0.00099073	0.01089339
C[T>G]C	0.00313359	0.00541842	0.01020711	0.00004698	0.00001316	0.00044579	0.03106459	0.00036526	0.00090185	0.00253467	0.00298319	0.00168078	0.00013362	0.00548139	0.00188223	0.00019433	0.01146308
C[T>G]G	0.00449916	0.00526596	0.01609312	0.00270434	0.00000293	0.00039323	0.01367345	0.00001773	0.00108679	0.00325752	0.00413827	0.00037605	0.00022945	0.00131046	0.00877600	0.00027138	0.00623332
C[T>G]T	0.00329149	0.00042288	0.00082081	0.00073877	0.00000000	0.00071489	0.54783111	0.00000000	0.00000000	0.00201727	0.00001663	0.00138088	0.00000000	0.00133503	0.00287334	0.00002820	0.01353295
G[C>A]A	0.00748152	0.01240137	0.00520888	0.02757884	0.00000000	0.00124838	0.00123572	0.00031689	0.00121862	0.14156163	0.00119320	0.00245937	0.00046075	0.00012770	0.00482468	0.00019409	0.00551730
G[C>A]C	0.01045192	0.00859078	0.01115363	0.04431472	0.00017224	0.00038208	0.00001638	0.00021859	0.00144261	0.01631395	0.00439325	0.00077505	0.00019498	0.00001757	0.00372621	0.00026625	0.00007871
G[C>A]G	0.00336169	0.00181366	0.00003203	0.01804696	0.00001242	0.00077520	0.00008918	0.00010117	0.00028581	0.00772620	0.00039574	0.00020491	0.00005552	0.00000178	0.00073056	0.00009965	0.00050835
G[C>A]T	0.00467458	0.00854331	0.01056372	0.01944328	0.00000000	0.00000843	0.00028876	0.00000000	0.00079750	0.08058055	0.01051112	0.00001896	0.00018363	0.00003526	0.00101934	0.00014342	0.00342477
G[C>G]A	0.00312517	0.00333230	0.01967405	0.00610663	0.00000698	0.00020881	0.00004304	0.00002772	0.00006872	0.00046008	0.00094730	0.00103595	0.00147024	0.00012621	0.00291851	0.00036381	0.00118148
G[C>G]C	0.00382160	0.00600407	0.01318269	0.00671818	0.00000292	0.00072637	0.00002352	0.00016854	0.00035281	0.00062562	0.00216462	0.00129682	0.00045668	0.00069866	0.00393819	0.00014985	0.00297581
G[C>G]G	0.00119496	0.00091479	0.00336349	0.00389413	0.00001780	0.00032038	0.00003583	0.00003170	0.00044130	0.00027383	0.00039636	0.00008608	0.00024669	0.00017147	0.00076561	0.00045217	0.00012875
G[C>G]T	0.00579933	0.00602446	0.02269515	0.00283561	0.00000140	0.00024774	0.00000142	0.00017705	0.00031331	0.00112000	0.00253182	0.00064728	0.00296558	0.00132022	0.00438269	0.00104912	0.00212822
G[C>T]A	0.01702064	0.01667954	0.01914778	0.00261328	0.00006649	0.00389708	0.00031096	0.00013509	0.00035802	0.00761106	0.08364210	0.00242718	0.00774683	0.00007193	0.00855652	0.00110241	0.00614148
G[C>T]C	0.01854301	0.01223945	0.01336880	0.00288379	0.01342142	0.00133888	0.00009741	0.00191402	0.02848584	0.00544298	0.07461256	0.00002808	0.00037250	0.00045186	0.00991410	0.00129721	0.00687139
G[C>T]G	0.00655436	0.00000000	0.00000000	0.00000102	0.00000000	0.21348235	0.00768743	0.00000000	0.00000000	0.01617970	0.05493598	0.00129698	0.00207059	0.00000000	0.00267153	0.00019379	0.01630555
G[C>T]T	0.01357225	0.01717875	0.00852845	0.00237835	0.02269661	0.00076296	0.00001790	0.00062280	0.00513067	0.00350424	0.06658640	0.00093639	0.00210478	0.00157699	0.00890942	0.03797789	0.00396712
G[T>A]A	0.00275829	0.00193907	0.00733103	0.00580713	0.00040042	0.00008662	0.00015416	0.00038421	0.00036716	0.00108185	0.00181874	0.00012160	0.00000325	0.00170337	0.03466893	0.00010067	0.00115904
G[T>A]C	0.00191437	0.00273379	0.01049030	0.00260977	0.00023673	0.00003856	0.00029684	0.00018142	0.00011004	0.00204955	0.00265817	0.00295185	0.00022912	0.00265490	0.00925782	0.00023262	0.00089789
G[T>A]G	0.00260198	0.00222661	0.01493126	0.01318208	0.00022514	0.00010760	0.00021746	0.00017366	0.00049673	0.00039338	0.00275116	0.00057243	0.00005678	0.00002923	0.02342136	0.00128719	0.00077822
G[T>A]T	0.00054646	0.00314017	0.01587226	0.00523451	0.00036787	0.00012114	0.00153843	0.00009443	0.00018571	0.00285377	0.00346963	0.00489116	0.00064341	0.02052005	0.00546809	0.00757355	0.00090951
G[T>C]A	0.03509313	0.00470940	0.01095393	0.00278439	0.00009937	0.00022871	0.00003198	0.00006729	0.00011110	0.00004140	0.02198806	0.00035080	0.00014263	0.00000834	0.00338679	0.00346935	0.00150655
G[T>C]C	0.01721704	0.00514735	0.00694249	0.00050368	0.00008635	0.00196698	0.00092030	0.00007144	0.00003619	0.00282993	0.00150421	0.01415436	0.00020586	0.00017172	0.00372510	0.00301083	0.00124666
G[T>C]G	0.02911592	0.00418253	0.01290761	0.00182247	0.00002814	0.00129065	0.00118596	0.00006801	0.00047281	0.00503627	0.01822772	0.00365917	0.00021289	0.00024970	0.00527575	0.00416842	0.00131697
G[T>C]T	0.01554201	0.00269078	0.00171022	0.00003131	0.00056723	0.00004494	0.00061081	0.00042621	0.01025158	0.00239999	0.00962987	0.00465996	0.00000000	0.00704987	0.00182808	0.26816995	0.00261184
G[T>G]A	0.00237013	0.00296001	0.00693547	0.00023769	0.00004663	0.00019220	0.00035790	0.00012326	0.00022627	0.00085717	0.00055659	0.00070138	0.00004201	0.00255218	0.00243648	0.00027372	0.00085297
G[T>G]C	0.00145489	0.00364914	0.00319030	0.00008904	0.00011923	0.00013134	0.00581201	0.00009089	0.00036983	0.00016261	0.00042013	0.00030608	0.00014945	0.00133055	0.00130135	0.00011290	0.00021045
G[T>G]G	0.00372793	0.00295400	0.01668355	0.00164724	0.00025214	0.00056991	0.00144692	0.00020452	0.00288887	0.00710712	0.00143073	0.00067820	0.00117162	0.00563338	0.00322712	0.00380011	0.00194197
G[T>G]T	0.00004214	0.00201435	0.00551257	0.00000862	0.00111123	0.00021158	0.11981657	0.00002763	0.00186681	0.00099345	0.00263643	0.00620527	0.00011792	0.00642656	0.00008397	0.00640210	0.00109068
T[C>A]A	0.00012047	0.03570456	0.00087119	0.04144625	0.00038155	0.00000049	0.00003277	0.00044838	0.00221641	0.08439762	0.00090605	0.00017837	0.07662002	0.00142463	0.00213046	0.01041060	0.00247079
T[C>A]C	0.00364121	0.02451922	0.01565078	0.05264573	0.00050446	0.00253277	0.00016709	0.00022732	0.00372180	0.04707371	0.00243245	0.00074247	0.03113988	0.01266373	0.00123236	0.00772548	0.00002192
T[C>A]G	0.00207034	0.00318416	0.00006368	0.01223836	0.00001127	0.00058827	0.00001827	0.00001747	0.00035114	0.01505321	0.00008236	0.00009869	0.01105722	0.00000000	0.00100770	0.00016108	0.00000339
T[C>A]T	0.00312259	0.02670818	0.00372005	0.03524445	0.00046289	0.00193354	0.00272849	0.00098105	0.00077893	0.15592577	0.01780250	0.00082545	0.03516426	0.00321753	0.00925998	0.00081657	0.00372516
T[C>G]A	0.00361642	0.00072491	0.01249326	0.00156664	0.00000000	0.00005110	0.00009751	0.00006557	0.00020758	0.00179249	0.00114263	0.00332015	0.29690278	0.00100818	0.00515747	0.00367604	0.00158949
T[C>G]C	0.00422397	0.01466451	0.02858018	0.00545171	0.00000676	0.00032016	0.00000213	0.00004142	0.00139920	0.00365337	0.00127837	0.00058847	0.06564952	0.00448219	0.00192828	0.00032537	0.00588328
T[C>G]G	0.00187121	0.00214697	0.00006549	0.00225656	0.00000058	0.00010437	0.00002916	0.00008343	0.00029907	0.00117073	0.00038156	0.00047607	0.01415831	0.00000066	0.00051042	0.00105439	0.00006550
T[C>G]T	0.00846635	0.01174255	0.02415805	0.00054764	0.00043789	0.00216920	0.00132305	0.00003577	0.00006571	0.00008050	0.00193756	0.00050762	0.38887063	0.01255910	0.00341694	0.00038001	0.00485211
T[C>T]A	0.00514835	0.03083600	0.00017841	0.00242567	0.13179479	0.00137202	0.00001236	0.56371864	0.00024936	0.00802331	0.00029461	0.00024379	0.00210366	0.01686156	0.00564571	0.00028901	0.00389972
T[C>T]C	0.00000000	0.01265855	0.00077088	0.00700599	0.44886769	0.00000705	0.00002371	0.07663360	0.15496335	0.00003181	0.00016894	0.00001702	0.00217851	0.01448483	0.00245495	0.08427784	0.00539998
T[C>T]G	0.01241319	0.00000000	0.00014233	0.00000000	0.09411401	0.10168923	0.00384047	0.04390751	0.05604210	0.01313637	0.00279381	0.00039833	0.00114402	0.00000000	0.00391801	0.00163236	0.00207365
T[C>T]T	0.01022920	0.02125637	0.00168469	0.00731556	0.02982713	0.00000058	0.00037420	0.28207030	0.11399693	0.00004375	0.00283467	0.00132817	0.00232347	0.00135368	0.01461176	0.03852392	0.03598305
T[T>A]A	0.00304417	0.00349810	0.00165480	0.00213007	0.00016288	0.00757836	0.00081991	0.00001435	0.00219892	0.01051326	0.00580649	0.00056137	0.00040309	0.02561956	0.05212484	0.01317332	0.07129470
T[T>A]C	0.00299021	0.01190404	0.01093116	0.00203643	0.00028250	0.00006292	0.00021950	0.00015372	0.00187060	0.00166898	0.00001951	0.00528702	0.00043382	0.03759784	0.01655202	0.00150021	0.00560132
T[T>A]G	0.00397096	0.00606870	0.00421502	0.00609966	0.00000466	0.00045282	0.00000371	0.00000239	0.00150042	0.00076354	0.00089644	0.00138934	0.00011335	0.01381280	0.03793110	0.00439828	0.00420318
T[T>A]T	0.00203140	0.01532176	0.00149443	0.00394848	0.00036831	0.00223166	0.00136113	0.00149195	0.00028941	0.00169523	0.01308669	0.00237521	0.00007019	0.25585090	0.01166907	0.02555690	0.00562157
T[T>C]A	0.03896503	0.00197241	0.01362619	0.00112081	0.00236998	0.00009654	0.00069781	0.00023695	0.00457670	0.00002145	0.01968764	0.00084153	0.00000000	0.04154402	0.00591893	0.07064963	0.02808027
T[T>C]C	0.02178902	0.00484542	0.00875526	0.00001025	0.00060937	0.00439201	0.00096443	0.00000179	0.00117812	0.00504510	0.00970312	0.01416341	0.00010814	0.02626968	0.00002537	0.01439048	0.01172144
T[T>C]G	0.02409371	0.00386738	0.00585289	0.00099023	0.00011323	0.00041429	0.00110207	0.00005841	0.00366491	0.00278369	0.01713963	0.00188346	0.00000086	0.01637222	0.00532647	0.02270561	0.01204089
T[T>C]T	0.03478572	0.00009333	0.01075429	0.00004966	0.00086583	0.00494289	0.00047379	0.00028706	0.00294238	0.00058829	0.03098270	0.01915294	0.00038797	0.09274288	0.00195880	0.03633401	0.01059334
T[T>G]A	0.00356277	0.00767209	0.00875333	0.00003239	0.00012696	0.00027734	0.00000843	0.00009107	0.00049000	0.00005947	0.00002322	0.00000400	0.00030490	0.02277822	0.00280639	0.00011985	0.05553454
T[T>G]C	0.00506821	0.01709180	0.00710826	0.00000030	0.00002858	0.00066121	0.00876250	0.00022167	0.00117835	0.00140407	0.00079751	0.00001789	0.00021779	0.01705992	0.00153395	0.00058217	0.03375568
T[T>G]G	0.00531476	0.01211186	0.01187175	0.00172018	0.00000302	0.00114564	0.00452388	0.00009041	0.00093757	0.00088194	0.00252061	0.00146516	0.00000115	0.00877087	0.00626820	0.00059733	0.01962067
T[T>G]T	0.00450408	0.00846354	0.00812001	0.00018504	0.00002703	0.00129268	0.11982598	0.00015163	0.00034084	0.00048045	0.00679156	0.00500033	0.00000000	0.01686765	0.00193880	0.00063532	0.36206018
