10403 624 -1476781597 1350189512 -385493719
-1163409706 -1001842849 -65631724 -1927047675 1780638466
529687195 433444128 1630423713 1987899374 707344279
309014252 1612877565 1273780634 644518483 -1088920712
-1492336871 704793606 230239951 -1820721468 1231353589
-581356750 -80115445 -1575793456 288035473 33569566
-665985785 127555996 1187163629 984043466 -959306045
151253288 1552885001 -2004148938 -2062015937 -263217292
441422821 -1340010654 -945599621 1947447424 -1539647871
1451446862 1151655543 902377548 2044430557 1134350842
-315107533 -1562907944 1219233529 -183158170 -1872957009
1147300900 779250901 1845294994 -474568213 1238499376
-950233487 -281463426 -1375388697 -635260164 601628621
78635050 -1889360989 2012172424 -2109578007 322151318
-1556177633 -2076351276 1746698693 1395649474 -132471717
-1408680992 2001687137 -468392786 -1727662761 -862854740
452162237 1686338138 -1529246701 -1704648136 -403620135
993614022 -1355537265 388729220 1297928885 2092755954
1731607243 -1573624944 -258864559 432627678 1073613511
801225820 -787447379 -1032150902 -1763471229 -216768536
269980873 -1439081994 -1821079553 -2026382796 -134062171
409401378 -1120899781 1653503808 -1620853183 1909040910
50625591 555565836 1138904221 649614010 -1333284621
-241694312 953444025 -1308186842 -1929984145 825054948
94120085 -1800335278 535837611 34764528 264465969
-95897026 -672118361 1758426556 -321399923 1914671338
-1903366813 1011556168 939963561 -382451626 -1502485793
-191430764 -2022101627 -790743934 -1088641509 612065952
-579855839 507091310 -1168608489 700666988 -1323297155
-1907139814 -1887812141 1615372536 1800240793 1528112518
677173839 -473967548 -223842699 1290888370 1142729867
-1404814768 -1545027055 -716225378 462682247 -1851531492
-777382547 -1648971446 1133951555 -2123657560 -1475885943
-1212393802 149859775 -206383884 267971429 1504551138
1108823803 1789394432 -294885887 -738411570 1387911671
-1998842420 -618344355 728535930 -588690765 172943448
726959737 -2080582682 1545493807 -1405419100 -335961003
1217784082 -1510765205 -811487824 670696945 -1149960450
211883879 1654061180 -1778432179 1532494250 -1623656669
1548594696 -1978481559 1231658262 -1012733793 -672966060
-956720827 -1678951102 643327963 -1712567968 -1957649951
1235947054 -1142902569 -1933605076 -160925123 438041562
1343012755 2139283384 -1595834791 -967462330 -554479601
871816964 84396597 917937522 -1280516533 -2029858544
317667793 -1991120546 147826247 1073791452 206530861
1293648394 -1498700797 -758547096 -2078297015 500437878
-1153002625 545296308 502478629 -1934292574 -401084229
52446400 1762971073 31232142 1099233207 801482892
-211610595 41522234 -1138973581 -1145272552 1877763641
129482918 1133753071 1347120228 -1924472811 -764706350
2004918059 -650140560 -675258959 -411171906 -908614361
976829244 -1022199027 -1592184214 2066137315 1454832840
-1205431255 9681366 -1332629921 2028107028 -1034042107
756876802 -1618089573 -484708320 951118241 1260995310
-1956729193 407271916 2123144701 412966042 273742163
651419256 -1200800231 2042298118 -122190385 43035076
272295413 -489908686 -1750675445 -1188026416 -446336623
1251036702 1701909511 228091036 79723757 292098762
1508003267 -974246872 -1004575735 155226166 1077688639
-1201599884 -1649327387 -1975700894 15880827 1656179584
-1491274367 1076438350 -1658464905 -1734739124 6100957
480204026 1474412083 -1801394728 375129593 -1711837850
1226229935 2015270692 1431296981 988928658 1448571115
95181616 -1495894671 -215758722 1297347303 578174460
-674140467 -467459286 -1676260701 1783040904 -1040047127
-1686989162 -486656993 -497791020 -714755899 -1121087806
1551706971 -1765124384 1565585761 -948684882 -695047081
-1357370196 -1655930435 1519877466 -1173949677 1157340472
-1582252583 839191494 1533639567 172831876 1610727861
-1175236878 -1848999477 -1987297648 -2096404143 -305302818
1329086919 -1926576292 -21147475 -346070134 -1225083005
-107373848 1204212681 1723976950 -309354753 638862644
-890040667 -351921374 -1637452741 -2144529856 4513089
-1818068466 -212045001 102305292 903011229 -1432496710
2046334963 -474217320 -295475783 1467734566 845651567
1047822820 1875416981 1256780626 -1002962261 -72887824
-587444943 321277246 -1797914457 235798716 -134471027
-2060069910 1002935395 -1782719928 1734701993 1724265302
-1868006945 -554112364 466705541 1155454850 1323707675
196574624 821082401 592178286 188475927 -202072212
1718101373 1892310554 -152130349 -2001069064 208403865
1811142790 -1396100785 -974356668 1858933 -454375502
64484235 -19458736 329326865 130439070 -1545261177
293071388 -33168275 -1682017206 -676011709 -863254104
-1361706103 -484980298 -654261057 -1806024716 -1585931675
131056610 -1842063877 306288896 -1941142271 -1056403762
-1847013129 2063786188 -2021367971 -1657465222 -1407110733
-1211243688 -2017294983 486868710 -2058996689 2114792612
-931851435 -1961833454 48387179 569510064 -2114853647
1011192318 1579011687 -1346337924 122852941 -1525594966
1408933411 -1747228408 672170857 1867419670 -1353678945
-107985580 1902168133 2096160834 680062683 1487103072
-1420803871 -2089787090 1461397463 1234948652 -1382053571
-1409941798 818423443 1624201912 1751055705 1682400582
1385604879 1882098180 -1135953611 1282605170 261039435
-539972592 2129041617 -314835874 20438343 -1388327716
-967165907 -1555675894 -1781478653 1568979048 1494020937
-352156042 -665867649 -302843212 -587078107 -111530846
1847326651 -1883971648 586411201 1293640590 -2037715273
-1172868212 -1456364771 -1524295878 941329267 -543784424
842622265 -2024606810 -2022536721 -777480348 185945877
1143563474 337012267 -1622474896 1568095409 591500990
652958759 2051917372 -1449866739 611677546 -1636866077
-278939704 1136874281 -2117358378 -189381281 2094686228
1909715973 -568088318 1529180315 1414400800 -2077259615
-861825554 -1477433961 -758266644 112372989 484073370
-1856806829 -67413640 -448152295 398438918 1922161871
64181444 541906165 -1723074254 -1766844661 -1288109360
1822150801 -1293000418 -990885113 859991964 -612742163
1119278538 -1961986877 -1958451416 1714135817 -1421737162
-2126753729 -576817804 -112266779 -1738189470 -2082645637
793175680 1543181441 2090530894 -1627206537 1175897676
245016285 858642426 665298227 -371859240 -41417479
-215637914 1051500463 -1811496412 -1553380651 2129837458
-1181468693 1517467184 -145992591 1020943230 754887143
-1602893572 1115864525 -1541249494 -1796869725 -620050808
-1170349335 721258902 -694564065 1939290836 2028658629
-1590218302 410759771 -1787334176 860786785 -1549825362
-1418009769 1917482924 -983461699 -1808301990 38820371
1224611896 1928084697 1125957318 -226831729 1000005508
2011345077 875934194 989513931 -1076881008 1149290577
765298142 214857927 910152284 -2128207955 2060461706
288218755 -192227864 -1242426679 278282230 696694271
-836980684 840940965 2108767778 -449283269 -407392960
-1893598143 1413958926 1762683447 1640028428 -343971171
2014271674
