MutationsType	SBS96A	SBS96B	SBS96C	SBS96D	SBS96E	SBS96F	SBS96G	SBS96H	SBS96I	SBS96J	SBS96K	SBS96L	SBS96M	SBS96N	SBS96O	SBS96P
A[C>A]A	0.00004469	0.00001803	0.00155196	0.00703808	0.04372912	0.03884357	0.00073371	0.00058160	0.01714403	0.05727041	0.00063225	0.00442889	0.00179692	0.00079893	0.00095577	0.00207557
A[C>A]C	0.00006943	0.00065476	0.00037209	0.00839763	0.03737663	0.01659825	0.00090257	0.00153812	0.01960185	0.01784081	0.00009587	0.00020586	0.00140545	0.00080062	0.00073168	0.00117172
A[C>A]G	0.00003409	0.00017170	0.00014219	0.00257641	0.01797889	0.00302556	0.00003495	0.00009090	0.00012116	0.00185868	0.00010302	0.00006610	0.00004506	0.00030936	0.00012073	0.00024419
A[C>A]T	0.00016501	0.00039291	0.00083667	0.00325507	0.03346183	0.01818776	0.00665551	0.00065996	0.01099292	0.02352748	0.00022763	0.00095495	0.00023158	0.00395264	0.00026813	0.00487898
A[C>G]A	0.00005006	0.00020240	0.00000091	0.00791550	0.00701954	0.01868116	0.00486431	0.00230222	0.02730051	0.00125591	0.00027751	0.00086280	0.00061900	0.00210036	0.00358985	0.00296253
A[C>G]C	0.00000145	0.00012637	0.00011147	0.00324362	0.00223509	0.01357656	0.00175322	0.00091998	0.01601196	0.00370054	0.00010220	0.00053393	0.00042943	0.00250219	0.00089444	0.00262246
A[C>G]G	0.00002022	0.00000332	0.00067664	0.00173375	0.00112489	0.00308651	0.00052079	0.00002157	0.00000745	0.00260352	0.00004101	0.00033624	0.00052261	0.00063702	0.00030531	0.00185085
A[C>G]T	0.00001080	0.00033557	0.00024263	0.00642819	0.00264412	0.02304950	0.00516042	0.00163232	0.02141839	0.00578117	0.00009508	0.00230601	0.00040636	0.00392546	0.00438907	0.00406272
A[C>T]A	0.00000000	0.00052095	0.00120232	0.03637275	0.00824022	0.02757645	0.08801174	0.02676001	0.00821983	0.00759730	0.00173675	0.00182048	0.00279053	0.00540055	0.00885490	0.00789100
A[C>T]C	0.02406861	0.00218413	0.03783019	0.01709752	0.00341676	0.01726759	0.02130920	0.00632434	0.01207802	0.00399931	0.00005257	0.00718127	0.00259556	0.00317970	0.00027763	0.00126446
A[C>T]G	0.00000220	0.00002724	0.00054399	0.00019924	0.00214048	0.00580203	0.00150033	0.35664675	0.00596116	0.00104874	0.00581346	0.00026316	0.00043133	0.00113599	0.00009751	0.00054995
A[C>T]T	0.00864402	0.00456645	0.01365082	0.02448435	0.00249899	0.02407172	0.02928531	0.01148286	0.00936275	0.00889811	0.00086485	0.00746424	0.00122073	0.02375098	0.00041987	0.00728824
A[T>A]A	0.00266481	0.00022787	0.00202181	0.00935281	0.00998338	0.00748963	0.00479328	0.00174869	0.00775352	0.00118499	0.00005071	0.01363541	0.00113631	0.00904362	0.00001103	0.00259988
A[T>A]C	0.00042979	0.00106811	0.00050047	0.00881683	0.00390368	0.00625961	0.00285070	0.00361762	0.00972516	0.00036630	0.00026772	0.00301197	0.00062916	0.00297697	0.00038836	0.00073130
A[T>A]G	0.00075126	0.00011122	0.00190996	0.01117161	0.01328473	0.00928535	0.00193322	0.00179140	0.01561492	0.00203990	0.00010226	0.00017188	0.00037989	0.01067095	0.00113600	0.00134259
A[T>A]T	0.00422047	0.00007365	0.00959169	0.00224910	0.00370214	0.00581239	0.02842440	0.00060659	0.00026539	0.00464046	0.00045840	0.06658502	0.00122391	0.02728583	0.00080460	0.02402214
A[T>C]A	0.00029460	0.00085886	0.00078417	0.08952014	0.00842585	0.03059529	0.02513381	0.00254111	0.01511911	0.00096841	0.00018558	0.00072430	0.00042541	0.00942761	0.00218592	0.00124887
A[T>C]C	0.00002768	0.00056369	0.00037872	0.02489340	0.00012794	0.01076797	0.00457087	0.00326715	0.00802226	0.00244144	0.00014655	0.00041064	0.01190902	0.00443919	0.00031721	0.00063717
A[T>C]G	0.00002178	0.00050963	0.00160936	0.06766008	0.00525722	0.02452020	0.03525010	0.00077644	0.00918316	0.00316178	0.00000087	0.00039910	0.00103620	0.01042624	0.00074488	0.00070475
A[T>C]T	0.00045214	0.00102380	0.00443614	0.06565287	0.00067092	0.02895934	0.00569479	0.00694287	0.01773853	0.00515442	0.00020160	0.00275233	0.00966080	0.04159879	0.00191898	0.00454204
A[T>G]A	0.00040117	0.00063954	0.00010562	0.00327530	0.00090908	0.01059874	0.00064720	0.00003840	0.00297834	0.00095114	0.00145631	0.01096626	0.00090187	0.00326369	0.00001662	0.01000936
A[T>G]C	0.00017166	0.00021717	0.00119351	0.00118212	0.00008026	0.01026520	0.00031241	0.00035082	0.00138388	0.00078561	0.00453230	0.00073049	0.00058601	0.00230761	0.00000742	0.01359057
A[T>G]G	0.00016010	0.00035783	0.00211772	0.00813627	0.00104699	0.01298333	0.00154435	0.00083553	0.00722160	0.00287708	0.00096002	0.00046516	0.00095498	0.00910110	0.00001243	0.00818681
A[T>G]T	0.00027801	0.00009020	0.00102088	0.00011254	0.00002000	0.02103945	0.00084298	0.00000041	0.00035094	0.00054867	0.06592348	0.00000606	0.01169771	0.01048308	0.00014254	0.08042978
C[C>A]A	0.00041210	0.00025067	0.00212868	0.00024110	0.08539009	0.01475966	0.00000492	0.00001609	0.02197151	0.08392150	0.00021049	0.00000150	0.00001224	0.01207405	0.00128641	0.00366698
C[C>A]C	0.00020835	0.00024184	0.00111234	0.00011583	0.09652225	0.01007107	0.02592908	0.00144171	0.02277210	0.01377922	0.00003181	0.00151756	0.00114106	0.00358548	0.00036856	0.00023549
C[C>A]G	0.00000854	0.00000000	0.00038775	0.00448088	0.02819823	0.00012671	0.00364514	0.00027021	0.00047173	0.01285691	0.00002492	0.00152866	0.00036097	0.00038278	0.00000000	0.00000497
C[C>A]T	0.00013163	0.00031650	0.00132510	0.00009705	0.08384393	0.00642167	0.07924854	0.00044497	0.00122579	0.03070207	0.00000742	0.01217261	0.00000000	0.00008454	0.00000000	0.00026919
C[C>G]A	0.00000216	0.00002388	0.00046683	0.00435869	0.00904822	0.01090658	0.00132486	0.00014512	0.02779669	0.00000000	0.00015357	0.00000157	0.00066371	0.00185051	0.00627750	0.00006835
C[C>G]C	0.00003191	0.00033311	0.00112672	0.00807275	0.00759234	0.01473729	0.00189844	0.00043646	0.01896240	0.00336817	0.00009485	0.00174901	0.00006470	0.00116912	0.00064492	0.00024045
C[C>G]G	0.00005332	0.00019073	0.00082152	0.00307970	0.00326177	0.00184458	0.00032532	0.00059430	0.00190257	0.00460974	0.00000000	0.00023212	0.00051086	0.00163022	0.00006758	0.00003632
C[C>G]T	0.00008036	0.00002003	0.00068245	0.00575766	0.00676162	0.02218249	0.00178948	0.00001633	0.02848985	0.00392812	0.00006918	0.00435332	0.00002782	0.00083116	0.00662154	0.00174962
C[C>T]A	0.06693672	0.00032077	0.11773598	0.00943532	0.01365505	0.02413830	0.00516332	0.00383145	0.01141151	0.00747692	0.00037664	0.00458406	0.00176505	0.04063782	0.00005485	0.00612318
C[C>T]C	0.06975709	0.00005068	0.20227431	0.00677382	0.01209828	0.01686696	0.00527201	0.00038272	0.01483782	0.00202914	0.00009331	0.00481602	0.00179423	0.00167815	0.00010243	0.00037690
C[C>T]G	0.00755721	0.00331373	0.02430069	0.01684177	0.00232483	0.00374398	0.01500711	0.18519554	0.00444981	0.01356000	0.00690711	0.00926318	0.00279119	0.00489241	0.00251514	0.00872367
C[C>T]T	0.07552879	0.00099586	0.13846572	0.01275144	0.01889070	0.02521785	0.00783961	0.00051781	0.02105667	0.00199812	0.00022949	0.02308505	0.00210901	0.00679266	0.00064259	0.00138447
C[T>A]A	0.00025426	0.00007648	0.00078276	0.00323616	0.01361715	0.00010040	0.00021931	0.00009752	0.01819553	0.00004470	0.00002932	0.00344153	0.00017571	0.01676808	0.00013218	0.00005178
C[T>A]C	0.00005767	0.00037392	0.00068114	0.00222639	0.01190778	0.00682609	0.00262066	0.00007927	0.02581338	0.00174264	0.00178912	0.01421112	0.03902552	0.00954171	0.00024070	0.00072535
C[T>A]G	0.00006298	0.00014875	0.00070195	0.00345739	0.03519514	0.00052867	0.00029304	0.00089553	0.02791444	0.00044878	0.00039933	0.00029494	0.01174616	0.02613392	0.00048858	0.00105729
C[T>A]T	0.00031324	0.00036527	0.00000000	0.00000002	0.01312700	0.00571598	0.00005281	0.00001042	0.01577429	0.00092653	0.00724260	0.04703346	0.07219716	0.00860571	0.00045674	0.00013573
C[T>C]A	0.00054584	0.00008770	0.00139115	0.02329438	0.00562514	0.01462231	0.01345779	0.00024594	0.00737375	0.00006893	0.00036275	0.00761978	0.01084770	0.00924562	0.00016485	0.00289769
C[T>C]C	0.00027198	0.00000000	0.00054727	0.01415506	0.00191526	0.00807575	0.00287934	0.00232736	0.01205240	0.00217927	0.00180502	0.00000506	0.17452769	0.00040074	0.00000423	0.00337180
C[T>C]G	0.00000000	0.00017782	0.00046855	0.03148322	0.00592948	0.01178631	0.03345480	0.00073436	0.00549460	0.00007520	0.00190408	0.00035439	0.09310239	0.00223549	0.00025200	0.00146139
C[T>C]T	0.00167762	0.00072987	0.00969160	0.01400542	0.00108168	0.00087360	0.00727538	0.00008178	0.00228127	0.00350071	0.00764299	0.02611715	0.41580464	0.02718084	0.00015829	0.00012968
C[T>G]A	0.00009129	0.00002754	0.00039537	0.00197298	0.00075729	0.00451629	0.00070867	0.00004323	0.00665207	0.00005513	0.00196385	0.00354447	0.00046603	0.00149163	0.00006131	0.01045880
C[T>G]C	0.00002826	0.00033949	0.00093762	0.00320235	0.00003733	0.00664378	0.00296402	0.00054789	0.00900331	0.00190427	0.03109840	0.00545583	0.00174362	0.00027911	0.00015898	0.01189927
C[T>G]G	0.00000477	0.00000075	0.00113671	0.00461680	0.00323159	0.00760616	0.00401925	0.00032087	0.01581391	0.00315949	0.01378324	0.00141228	0.00028447	0.00165586	0.00023693	0.00623369
C[T>G]T	0.00000045	0.00000663	0.00000000	0.00393429	0.00092742	0.00130513	0.00002410	0.00067966	0.00376647	0.00177883	0.55016534	0.00251123	0.00142317	0.00040310	0.00000000	0.01442473
G[C>A]A	0.00000000	0.00016271	0.00060891	0.01000685	0.01689406	0.00540231	0.00138616	0.00142357	0.00791902	0.13701541	0.00117615	0.00022378	0.00284432	0.00072854	0.00053035	0.00369346
G[C>A]C	0.00017987	0.00017975	0.00000000	0.01000553	0.04221473	0.01020285	0.00434028	0.00038324	0.00965503	0.01849395	0.00000231	0.00000750	0.00073404	0.00048396	0.00018703	0.00031290
G[C>A]G	0.00000600	0.00010597	0.00000545	0.00355391	0.01709966	0.00169738	0.00040768	0.00076379	0.00003029	0.00859771	0.00008158	0.00000026	0.00014482	0.00007876	0.00007037	0.00065187
G[C>A]T	0.00000000	0.00000000	0.00000000	0.00530398	0.01272849	0.00595191	0.01069118	0.00006634	0.01071068	0.07850317	0.00051190	0.00019947	0.00001343	0.00018633	0.00020601	0.00203607
G[C>G]A	0.00001065	0.00005466	0.00000866	0.00280699	0.00603793	0.00705556	0.00090516	0.00024465	0.01836632	0.00051404	0.00002566	0.00013174	0.00092555	0.00075607	0.00144984	0.00017321
G[C>G]C	0.00000487	0.00010179	0.00032211	0.00396225	0.00677901	0.00803466	0.00207080	0.00073872	0.01177961	0.00077226	0.00001077	0.00062146	0.00139157	0.00090705	0.00051137	0.00191174
G[C>G]G	0.00002464	0.00001602	0.00045112	0.00121445	0.00385758	0.00159977	0.00034569	0.00028970	0.00319393	0.00045666	0.00005065	0.00008150	0.00009389	0.00062701	0.00021904	0.00003116
G[C>G]T	0.00000000	0.00009700	0.00034913	0.00554661	0.00292544	0.01002565	0.00260047	0.00032541	0.02051294	0.00090996	0.00000483	0.00129088	0.00060769	0.00154884	0.00307776	0.00045210
G[C>T]A	0.00007217	0.00008580	0.00027309	0.01856068	0.00233497	0.01765945	0.08282778	0.00483948	0.01510528	0.00728226	0.00021601	0.00007165	0.00247243	0.00135722	0.00804922	0.00506390
G[C>T]C	0.01439155	0.00187998	0.02793581	0.02097472	0.00298363	0.01317329	0.07240583	0.00335057	0.01057299	0.00459903	0.00011012	0.00032247	0.00002280	0.00256025	0.00042428	0.00541796
G[C>T]G	0.00000476	0.00000104	0.00000000	0.00858763	0.00000545	0.00017386	0.05167284	0.21250541	0.00000673	0.00900349	0.00725575	0.00000000	0.00131439	0.00004953	0.00214453	0.00947291
G[C>T]T	0.02293774	0.00149102	0.00618260	0.01561645	0.00253064	0.01576095	0.06547613	0.00116387	0.00612486	0.00416118	0.00001214	0.00187507	0.00118347	0.03412407	0.00179040	0.00395727
G[T>A]A	0.00042747	0.00040921	0.00032835	0.00329783	0.00961002	0.00257086	0.00161225	0.00023128	0.01254727	0.00117684	0.00016365	0.00174711	0.00011005	0.00598914	0.00000336	0.00095753
G[T>A]C	0.00025139	0.00016659	0.00008226	0.00189236	0.00333724	0.00429301	0.00255220	0.00003271	0.01102147	0.00208414	0.00033595	0.00266319	0.00295077	0.00185403	0.00022781	0.00032137
G[T>A]G	0.00025902	0.00019555	0.00055194	0.00257722	0.01547232	0.00480604	0.00263794	0.00011037	0.01782960	0.00100283	0.00019268	0.00000145	0.00055320	0.00505400	0.00006675	0.00043486
G[T>A]T	0.00032006	0.00016259	0.00038974	0.00031648	0.00555973	0.00547833	0.00346004	0.00011086	0.01535577	0.00291571	0.00149997	0.02033083	0.00492023	0.00772727	0.00057206	0.00039953
G[T>C]A	0.00011900	0.00002625	0.00002094	0.03010565	0.00294558	0.00648675	0.02212373	0.00016491	0.01181309	0.00002085	0.00003400	0.00000328	0.00033451	0.00124267	0.00011514	0.00116754
G[T>C]C	0.00009006	0.00006095	0.00001765	0.01529282	0.00064437	0.00561828	0.00162746	0.00189075	0.00724628	0.00258908	0.00098871	0.00017150	0.01413794	0.00236672	0.00020669	0.00082895
G[T>C]G	0.00004916	0.00003223	0.00043147	0.02676925	0.00172859	0.00628157	0.01802145	0.00133030	0.01344455	0.00448731	0.00111320	0.00020087	0.00381506	0.00293233	0.00022819	0.00088497
G[T>C]T	0.00027213	0.00079364	0.02220646	0.01486379	0.00007420	0.00126163	0.01102666	0.00006193	0.00534055	0.00228258	0.00059575	0.00687089	0.00501837	0.23817489	0.00000000	0.00274460
G[T>G]A	0.00009854	0.00007312	0.00020630	0.00228567	0.00039604	0.00384106	0.00054070	0.00014432	0.00645814	0.00072948	0.00034283	0.00248423	0.00074887	0.00052523	0.00004485	0.00046385
G[T>G]C	0.00012653	0.00012619	0.00032491	0.00147969	0.00014715	0.00361218	0.00043547	0.00008796	0.00267797	0.00020524	0.00598619	0.00130915	0.00026737	0.00022128	0.00016478	0.00051210
G[T>G]G	0.00033542	0.00009051	0.00297633	0.00371569	0.00126821	0.00550316	0.00130598	0.00084293	0.01601078	0.00645313	0.00145632	0.00554442	0.00073605	0.00399188	0.00125177	0.00155711
G[T>G]T	0.00112523	0.00009062	0.00212575	0.00000213	0.00000175	0.00281976	0.00271816	0.00029386	0.00519731	0.00079771	0.12063998	0.00652654	0.00587154	0.00577171	0.00010339	0.00173612
T[C>A]A	0.00034980	0.00048772	0.00292538	0.00021766	0.03360578	0.02459099	0.00124552	0.00000712	0.00070082	0.08711878	0.00003766	0.00176337	0.00017680	0.00946443	0.07755990	0.00745201
T[C>A]C	0.00048690	0.00031681	0.00384569	0.00338341	0.04718429	0.02282418	0.00273234	0.00205513	0.01168931	0.04936351	0.00017670	0.01275157	0.00075223	0.00713184	0.03124222	0.00092892
T[C>A]G	0.00001228	0.00000402	0.00023813	0.00244989	0.01080900	0.00223509	0.00008277	0.00064054	0.00011096	0.01519206	0.00002600	0.00000000	0.00004925	0.00029353	0.01123785	0.00007385
T[C>A]T	0.00052161	0.00076645	0.00106607	0.00534844	0.02327916	0.01504932	0.01765832	0.00260677	0.00632602	0.15305586	0.00278078	0.00352845	0.00146951	0.00284909	0.03483693	0.00434833
T[C>G]A	0.00000000	0.00002706	0.00034306	0.00131385	0.00171136	0.00344696	0.00179596	0.00006705	0.01150496	0.00180800	0.00016050	0.00177200	0.00354967	0.00392389	0.29936258	0.00064284
T[C>G]C	0.00002028	0.00000230	0.00145859	0.00278589	0.00494835	0.01834930	0.00152927	0.00019792	0.02436817	0.00416675	0.00000192	0.00460076	0.00060211	0.00055148	0.06653841	0.00291300
T[C>G]G	0.00000090	0.00002773	0.00036941	0.00191935	0.00208101	0.00175731	0.00040206	0.00015485	0.00004504	0.00138626	0.00002274	0.00000000	0.00045895	0.00092985	0.01384648	0.00015652
T[C>G]T	0.00050293	0.00000320	0.00001609	0.00480125	0.00057541	0.01479931	0.00300792	0.00214202	0.02037052	0.00025776	0.00143459	0.01361176	0.00077802	0.00043631	0.38237027	0.00399794
T[C>T]A	0.10865247	0.57517145	0.00000000	0.00778173	0.00247223	0.01821434	0.00169843	0.00135777	0.00066638	0.00753837	0.00000792	0.02017572	0.00032613	0.00013326	0.00268282	0.01510629
T[C>T]C	0.46235444	0.07368365	0.14217222	0.00001976	0.00660390	0.01448582	0.00179207	0.00000152	0.00055212	0.00007956	0.00002748	0.01460712	0.00000268	0.07105945	0.00124330	0.02603975
T[C>T]G	0.09660183	0.04482372	0.05307130	0.01458959	0.00000000	0.00024058	0.00126814	0.10203303	0.00037995	0.00734194	0.00375928	0.00000000	0.00039039	0.00089221	0.00119241	0.00180826
T[C>T]T	0.01739405	0.27185556	0.11081030	0.01125663	0.00666602	0.01831881	0.01034810	0.00007859	0.00073361	0.00019405	0.00045713	0.00192919	0.00151555	0.02851943	0.00468411	0.07342964
T[T>A]A	0.00015239	0.00002396	0.00283549	0.00575322	0.00731889	0.00188943	0.00483735	0.00938885	0.01135263	0.00925302	0.00078225	0.02706403	0.00041651	0.02079632	0.00028276	0.05255957
T[T>A]C	0.00033861	0.00014648	0.00194207	0.00258286	0.00383449	0.01151012	0.00001354	0.00002887	0.01165975	0.00182083	0.00020412	0.03664188	0.00549452	0.00405425	0.00035486	0.00416186
T[T>A]G	0.00000375	0.00000000	0.00182239	0.00493384	0.01038806	0.00499092	0.00080642	0.00052657	0.00948382	0.00116551	0.00000356	0.01383936	0.00168598	0.01052791	0.00012723	0.00300347
T[T>A]T	0.00035332	0.00162629	0.00059578	0.00358850	0.00536773	0.00886056	0.01288348	0.00223483	0.00158012	0.00206272	0.00137004	0.25356591	0.00265810	0.02461663	0.00011268	0.00615099
T[T>C]A	0.00223977	0.00056154	0.00714532	0.03479604	0.00162985	0.00452235	0.01973134	0.00005047	0.01674390	0.00005710	0.00063944	0.04046543	0.00105031	0.06092247	0.00000000	0.01508093
T[T>C]C	0.00066941	0.00000509	0.00161191	0.01883497	0.00000520	0.00603077	0.00959513	0.00478071	0.00859504	0.00361206	0.00091448	0.02545150	0.01411663	0.01113269	0.00002820	0.00719309
T[T>C]G	0.00011502	0.00006364	0.00453705	0.02276702	0.00115718	0.00445952	0.01705506	0.00049915	0.00709669	0.00244573	0.00106293	0.01603756	0.00203730	0.01925625	0.00000269	0.00800229
T[T>C]T	0.00092055	0.00038784	0.00411957	0.03159306	0.00009589	0.00156783	0.03114133	0.00461073	0.01185742	0.00033815	0.00052421	0.08974988	0.01949741	0.03127004	0.00046679	0.00583817
T[T>G]A	0.00013816	0.00003444	0.00043452	0.00417095	0.00014854	0.00847009	0.00004319	0.00032385	0.00830366	0.00009653	0.00001843	0.02361409	0.00000118	0.00040791	0.00030443	0.04560488
T[T>G]C	0.00004049	0.00008508	0.00122792	0.00532492	0.00000003	0.01533337	0.00073910	0.00076328	0.00525584	0.00117166	0.00864141	0.01700110	0.00000436	0.00053475	0.00034153	0.03599387
T[T>G]G	0.00000735	0.00001901	0.00095575	0.00587828	0.00216418	0.01240820	0.00228362	0.00159180	0.01061643	0.00079190	0.00454796	0.00884604	0.00136478	0.00173845	0.00000828	0.01647132
T[T>G]T	0.00001686	0.00013632	0.00026284	0.00681464	0.00015846	0.00837383	0.00597034	0.00162738	0.01202571	0.00001126	0.11887858	0.01871560	0.00476837	0.00022963	0.00000108	0.35722443
