MutationsType	ID83A	ID83B	ID83C	ID83D	ID83E	ID83F	ID83G	ID83H	ID83I
1:Del:C:0	0.00394537	0.00002049	0.00356917	0.04650331	0.10338439	0.03235254	0.30375563	0.00737943	0.01281434
1:Del:C:1	0.00000501	0.00050796	0.00839184	0.02390244	0.21475980	0.00353037	0.08862197	0.00016608	0.00311623
1:Del:C:2	0.00000000	0.00000000	0.01173791	0.00089483	0.18878408	0.00561877	0.00126311	0.00001245	0.00104950
1:Del:C:3	0.00246647	0.00195357	0.00908789	0.00506103	0.06791132	0.00044653	0.01001158	0.00017147	0.00092415
1:Del:C:4	0.00388054	0.00063900	0.00005764	0.00068002	0.04302647	0.00180177	0.01260814	0.00166347	0.00120540
1:Del:C:5	0.01487033	0.00361904	0.00047470	0.00043542	0.02332189	0.00078937	0.00077208	0.00236253	0.00213828
1:Del:T:0	0.00778229	0.00132604	0.11189432	0.04076768	0.03526294	0.00457321	0.09936023	0.01777953	0.00679582
1:Del:T:1	0.00000000	0.00000000	0.13339132	0.05220026	0.00536835	0.00008868	0.07898617	0.00000017	0.03450359
1:Del:T:2	0.00690052	0.00109082	0.13048498	0.01136740	0.01500631	0.01210772	0.07884074	0.01055520	0.00110387
1:Del:T:3	0.02006247	0.00240044	0.09980097	0.01476093	0.01365566	0.02258142	0.10706320	0.01658828	0.00297110
1:Del:T:4	0.04697166	0.00442422	0.05560928	0.00382126	0.01079228	0.01802844	0.08490219	0.01321140	0.00121003
1:Del:T:5	0.81536822	0.00021607	0.01367611	0.00235485	0.00637309	0.00121563	0.03164978	0.04420066	0.00149006
1:Ins:C:0	0.00000000	0.00000001	0.00000004	0.00000025	0.00000019	0.00000010	0.00000028	0.46159512	0.00000008
1:Ins:C:1	0.00016672	0.00000000	0.00674942	0.00173414	0.00651102	0.00154030	0.00014931	0.01217687	0.00003860
1:Ins:C:2	0.00001125	0.00000004	0.00681209	0.00119080	0.00460309	0.00004022	0.00007137	0.00044961	0.00000668
1:Ins:C:3	0.00051487	0.00052032	0.00078660	0.00006035	0.00834873	0.00000000	0.00007617	0.00163989	0.00020298
1:Ins:C:4	0.00315628	0.00146079	0.00004540	0.00015252	0.00777586	0.00004258	0.00029517	0.00169491	0.00000000
1:Ins:C:5	0.00910443	0.02444987	0.00000559	0.00059236	0.00696290	0.00003528	0.00056986	0.00244413	0.00050339
1:Ins:T:0	0.00124627	0.00215329	0.00795132	0.00662081	0.01522920	0.00579518	0.01858081	0.03223181	0.00400560
1:Ins:T:1	0.00000003	0.00000001	0.01872395	0.00506191	0.05901240	0.00022935	0.00612916	0.00249889	0.00022887
1:Ins:T:2	0.00070905	0.00003717	0.03544271	0.00064184	0.05098795	0.00001281	0.00096538	0.00174270	0.00002782
1:Ins:T:3	0.00115104	0.00407545	0.02351237	0.00155252	0.03077438	0.00046439	0.00179986	0.00095365	0.00026211
1:Ins:T:4	0.00372070	0.01651639	0.01506839	0.00158608	0.00782155	0.00093080	0.00236217	0.00489823	0.00086150
1:Ins:T:5	0.00193184	0.89997964	0.00055235	0.01336175	0.00964844	0.00832056	0.01937504	0.23706266	0.00700678
2:Del:R:0	0.00010178	0.00044908	0.02944293	0.01060509	0.00693093	0.00144984	0.01302796	0.00049949	0.07019181
2:Del:R:1	0.00341047	0.00051050	0.01864138	0.00983688	0.01006646	0.00113453	0.00112646	0.00683723	0.22132093
2:Del:R:2	0.00191993	0.00016685	0.00228670	0.00024150	0.01242022	0.00177253	0.00057106	0.00277558	0.05184441
2:Del:R:3	0.00080273	0.00018081	0.00000000	0.00002302	0.00610022	0.00003013	0.00004484	0.00054305	0.01040402
2:Del:R:4	0.00089970	0.00000000	0.00020920	0.00000000	0.00364332	0.00000065	0.00000949	0.00006231	0.00315853
2:Del:R:5	0.00000000	0.00000001	0.02571983	0.00054666	0.00041108	0.00000000	0.00060252	0.00000162	0.00125729
3:Del:R:0	0.00001555	0.00005349	0.01983426	0.01184702	0.00086758	0.00133598	0.00215071	0.00117912	0.00430528
3:Del:R:1	0.00491393	0.00463122	0.00329121	0.00092558	0.00014461	0.00501131	0.00259811	0.00499476	0.09194733
3:Del:R:2	0.00264099	0.00018734	0.00010897	0.00005970	0.00000049	0.00034810	0.00043020	0.00126793	0.02105660
3:Del:R:3	0.00057335	0.00008785	0.00007517	0.00000824	0.00000000	0.00000000	0.00003797	0.00051292	0.00385224
3:Del:R:4	0.00000000	0.00000004	0.00697321	0.00016097	0.00006663	0.00000001	0.00016901	0.00000166	0.00014105
3:Del:R:5	0.00000000	0.00000002	0.01010588	0.00022878	0.00010373	0.00000000	0.00025788	0.00000003	0.00045485
4:Del:R:0	0.00001467	0.00002034	0.01246951	0.00710771	0.00019334	0.00240719	0.00114059	0.00003539	0.00674267
4:Del:R:1	0.00210372	0.00059652	0.00070169	0.00142439	0.00055817	0.00258391	0.00313344	0.00071045	0.06073700
4:Del:R:2	0.00045851	0.00000000	0.00000000	0.00000000	0.00000012	0.00011157	0.00000620	0.00060435	0.01041116
4:Del:R:3	0.00000133	0.00000000	0.00447340	0.00008464	0.00004814	0.00000001	0.00017519	0.00001894	0.00398576
4:Del:R:4	0.00000000	0.00000003	0.00553627	0.00012478	0.00006916	0.00000001	0.00014686	0.00000208	0.00018556
4:Del:R:5	0.00016171	0.00000000	0.00139361	0.00000376	0.00000000	0.00000000	0.00001997	0.00000197	0.00024398
5:Del:R:0	0.00000000	0.00000000	0.01490262	0.24453479	0.00145552	0.02703018	0.00280522	0.00361935	0.00316140
5:Del:R:1	0.00299321	0.00000081	0.00000681	0.00004612	0.00000000	0.00755522	0.00027708	0.00047049	0.01223777
5:Del:R:2	0.00044658	0.00000011	0.00001293	0.00000000	0.00000000	0.00008886	0.00000111	0.00002880	0.00245981
5:Del:R:3	0.00009164	0.00000000	0.00000002	0.00000000	0.00000000	0.00000882	0.00000091	0.00000936	0.00058350
5:Del:R:4	0.00004373	0.00000001	0.00000000	0.00000002	0.00000000	0.00000000	0.00000089	0.00000028	0.00003942
5:Del:R:5	0.00002009	0.00000006	0.00010553	0.00000000	0.00000000	0.00000000	0.00000558	0.00003724	0.00005737
2:Ins:R:0	0.00036300	0.00035160	0.00763087	0.00217529	0.00244733	0.00204252	0.00223111	0.02419263	0.00119841
2:Ins:R:1	0.00021885	0.00000000	0.02169356	0.00167108	0.00314746	0.00001379	0.00148521	0.00000467	0.00020826
2:Ins:R:2	0.00114689	0.00009555	0.00848231	0.00016724	0.00138025	0.00054387	0.00035285	0.00123533	0.00008498
2:Ins:R:3	0.00045711	0.00034150	0.00132074	0.00010339	0.00098764	0.00012769	0.00019512	0.00100377	0.00010980
2:Ins:R:4	0.00199810	0.00271012	0.00000000	0.00000000	0.00003032	0.00000000	0.00010911	0.00306479	0.00001441
2:Ins:R:5	0.01393970	0.01806594	0.00075937	0.00330200	0.00000000	0.00051640	0.00073720	0.00048902	0.00032610
3:Ins:R:0	0.00004144	0.00000000	0.00476984	0.00007599	0.00011442	0.00121503	0.00012925	0.00677264	0.00003445
3:Ins:R:1	0.00132034	0.00018078	0.00759637	0.00049868	0.00040003	0.00000734	0.00073821	0.00268275	0.00050092
3:Ins:R:2	0.00019567	0.00000006	0.00089309	0.00000071	0.00000449	0.00047790	0.00001491	0.00014680	0.00043298
3:Ins:R:3	0.00003241	0.00001016	0.00000000	0.00000000	0.00000000	0.00001020	0.00000366	0.00018061	0.00000000
3:Ins:R:4	0.00010734	0.00000082	0.00000000	0.00000000	0.00000000	0.00000000	0.00000322	0.00060575	0.00000000
3:Ins:R:5	0.00220400	0.00047282	0.00000000	0.00000000	0.00000000	0.00000000	0.00012429	0.00246494	0.00000000
4:Ins:R:0	0.00000585	0.00000001	0.00312437	0.00018612	0.00000000	0.00154943	0.00029696	0.00605667	0.00007173
4:Ins:R:1	0.00124289	0.00065548	0.00437413	0.00115591	0.00029453	0.00041319	0.00052401	0.00139336	0.00131814
4:Ins:R:2	0.00002192	0.00001360	0.00000697	0.00000000	0.00000000	0.00013371	0.00000227	0.00002856	0.00005701
4:Ins:R:3	0.00012245	0.00000543	0.00000000	0.00000000	0.00000000	0.00004687	0.00000655	0.00089985	0.00000000
4:Ins:R:4	0.00031512	0.00004345	0.00000000	0.00000000	0.00000000	0.00000000	0.00001718	0.00168188	0.00004603
4:Ins:R:5	0.00251348	0.00066738	0.00052278	0.00029244	0.00000000	0.00000991	0.00022473	0.00041146	0.00009578
5:Ins:R:0	0.00000000	0.00000003	0.00551843	0.00019006	0.00009764	0.00862299	0.00042033	0.00271244	0.00010878
5:Ins:R:1	0.00011274	0.00148084	0.00566510	0.01029661	0.00022116	0.00540968	0.00311184	0.02668776	0.00302746
5:Ins:R:2	0.00003250	0.00006861	0.00000111	0.00000000	0.00000000	0.00105763	0.00000732	0.00064884	0.00007122
5:Ins:R:3	0.00009438	0.00004186	0.00000000	0.00000000	0.00000000	0.00000000	0.00001108	0.00002861	0.00000000
5:Ins:R:4	0.00002710	0.00006093	0.00000000	0.00000000	0.00000000	0.00000000	0.00000790	0.00004712	0.00000000
5:Ins:R:5	0.00011154	0.00000245	0.00020714	0.00000206	0.00000000	0.00000000	0.00001055	0.00001780	0.00004918
2:Del:M:1	0.00010368	0.00050844	0.02581848	0.00442523	0.00845495	0.00002821	0.00196313	0.00301398	0.18283100
3:Del:M:1	0.00000033	0.00002461	0.01477072	0.01023246	0.00056053	0.00102639	0.00181699	0.00166217	0.00649473
3:Del:M:2	0.00294636	0.00137339	0.00841695	0.00415649	0.00047630	0.00429499	0.00080385	0.00352770	0.04785643
4:Del:M:1	0.00011506	0.00000261	0.00980464	0.00599639	0.00007135	0.00281322	0.00141657	0.00004312	0.01050064
4:Del:M:2	0.00056241	0.00000567	0.00567778	0.00085116	0.00032718	0.00868777	0.00204086	0.00091846	0.02916166
4:Del:M:3	0.00064994	0.00000232	0.00219847	0.00058216	0.00010268	0.00471987	0.00101534	0.00214457	0.04740541
5:Del:M:1	0.00052451	0.00000034	0.00302185	0.28159602	0.00076058	0.08081192	0.00077836	0.00350726	0.00024568
5:Del:M:2	0.00000012	0.00000001	0.00232360	0.10535013	0.00103961	0.26126121	0.00021836	0.00272468	0.00005323
5:Del:M:3	0.00000000	0.00000001	0.00435588	0.02991628	0.00038918	0.22061384	0.00004808	0.00065555	0.00041132
5:Del:M:4	0.00040656	0.00000000	0.00065497	0.00754235	0.00028183	0.12170483	0.00006738	0.00000863	0.00281308
5:Del:M:5	0.00248723	0.00053751	0.00027300	0.00611937	0.00000856	0.10042472	0.00211766	0.00064244	0.00122466
