MutationsType	SBS96A	SBS96B	SBS96C	SBS96D	SBS96E	SBS96F	SBS96G	SBS96H	SBS96I	SBS96J	SBS96K	SBS96L	SBS96M	SBS96N	SBS96O	SBS96P	SBS96Q	SBS96R	SBS96S	SBS96T	SBS96U	SBS96V
A[C>A]A	0.00002928	0.00201023	0.04290931	0.00832763	0.00045727	0.03981622	0.02475682	0.00059641	0.00102873	0.00074552	0.00435208	0.00481330	0.05814600	0.05934118	0.01030284	0.00230043	0.00015335	0.00184669	0.00761071	0.00807883	0.00149897	0.00509975
A[C>A]C	0.00016430	0.00023000	0.03217698	0.01122243	0.00039084	0.01244458	0.01702770	0.00019327	0.00232130	0.00059272	0.00233128	0.00099848	0.01488233	0.05528121	0.00320884	0.00103546	0.00083690	0.00070135	0.00168138	0.03794807	0.00111655	0.00468240
A[C>A]G	0.00007045	0.00010422	0.01603353	0.00157276	0.00015326	0.00293600	0.00084562	0.00008101	0.00018031	0.00003576	0.00057065	0.00037891	0.00112652	0.02157078	0.00074789	0.00008869	0.00018754	0.00023186	0.00122952	0.00067906	0.00004659	0.00089520
A[C>A]T	0.00024403	0.00050168	0.03197057	0.00397435	0.00032696	0.01913784	0.01284673	0.00048541	0.00134920	0.00589355	0.00103598	0.00197491	0.02246441	0.03376549	0.00683574	0.00017014	0.00388054	0.00032203	0.00264457	0.01628351	0.00094026	0.00633917
A[C>G]A	0.00003871	0.00000000	0.00736432	0.01761315	0.00033480	0.01248222	0.02965147	0.00016952	0.00205211	0.00377326	0.00289821	0.00105329	0.00110466	0.00809525	0.00538873	0.00117938	0.00126457	0.00391131	0.00269694	0.00770090	0.00659448	0.00064246
A[C>G]C	0.00001016	0.00014600	0.00279097	0.00891292	0.00027555	0.01087670	0.01735801	0.00007329	0.00135702	0.00061056	0.00158159	0.00027408	0.00255318	0.00507866	0.00339301	0.00064496	0.00259971	0.00098249	0.00093464	0.00656043	0.00399406	0.00054837
A[C>G]G	0.00004853	0.00049928	0.00158548	0.00309744	0.00008296	0.00435933	0.00000000	0.00001299	0.00012153	0.00017907	0.00046072	0.00002612	0.00211086	0.00092101	0.00119835	0.00018951	0.00092832	0.00023023	0.00023348	0.00077601	0.00147752	0.00019325
A[C>G]T	0.00006919	0.00019583	0.00354212	0.01452668	0.00040485	0.01943191	0.02502083	0.00033835	0.00129194	0.00395755	0.00283584	0.00190126	0.00407300	0.00625868	0.01134081	0.00014986	0.00299763	0.00401687	0.00112415	0.01194905	0.01010467	0.00057288
A[C>T]A	0.00005360	0.00105452	0.00998286	0.06625325	0.00105690	0.02868725	0.01520844	0.00144547	0.02505419	0.08911271	0.01357823	0.00174327	0.00672812	0.00720340	0.02179459	0.00190160	0.00381419	0.00730685	0.00504361	0.00568837	0.01046900	0.00218964
A[C>T]C	0.01954311	0.03971238	0.00353390	0.03079206	0.00149843	0.01441959	0.01586497	0.00027745	0.00643079	0.01770843	0.00604098	0.00797973	0.00341647	0.00994791	0.01289839	0.00200547	0.00241921	0.00012225	0.00201423	0.00683129	0.00244772	0.00383186
A[C>T]G	0.00001001	0.00040666	0.00145910	0.00161717	0.00010558	0.00411328	0.00695522	0.01255687	0.36327749	0.01521232	0.00035854	0.00035962	0.00254331	0.00182114	0.00252891	0.00043247	0.00092019	0.00217511	0.00240550	0.00390633	0.00158337	0.00673235
A[C>T]T	0.00812472	0.01075355	0.00465788	0.04174305	0.00241188	0.02502916	0.01383381	0.00042780	0.00974455	0.03043633	0.00610204	0.00773325	0.00726177	0.00577715	0.01612011	0.00108099	0.03261799	0.00045083	0.00283550	0.00810344	0.00595882	0.00586444
A[T>A]A	0.00213587	0.00237732	0.00327003	0.00543886	0.00031696	0.00890467	0.00227678	0.00007401	0.00069320	0.00520060	0.00517379	0.01240321	0.00222211	0.00455912	0.01962795	0.00103576	0.00029529	0.00000671	0.05856900	0.00313473	0.00622855	0.00057873
A[T>A]C	0.00062973	0.00039740	0.00317167	0.01138451	0.00106449	0.00378994	0.00881152	0.00033898	0.00223507	0.00303562	0.00380208	0.00341700	0.00045895	0.00392029	0.00932515	0.00109516	0.00120490	0.00012798	0.00670287	0.00905913	0.00480420	0.00055480
A[T>A]G	0.00060213	0.00144882	0.00725445	0.01385375	0.00034315	0.00904644	0.01021496	0.00009322	0.00113339	0.00063394	0.00426830	0.00019990	0.00235249	0.00694059	0.01071484	0.00027449	0.00375895	0.00056663	0.05704003	0.00245717	0.00248451	0.00054677
A[T>A]T	0.00419263	0.00832052	0.00524420	0.00015136	0.00006884	0.01040767	0.00204743	0.00057245	0.00024093	0.02894699	0.00013920	0.05119941	0.00673827	0.00077621	0.00119187	0.00134716	0.03968149	0.00057194	0.00012541	0.00476865	0.08227085	0.00296070
A[T>C]A	0.00038067	0.00057626	0.00548766	0.02431887	0.00150225	0.01876383	0.01035478	0.00010330	0.00102924	0.02261700	0.07100104	0.00049187	0.00109449	0.01878742	0.21113238	0.00055673	0.00448363	0.00183633	0.02261450	0.01890594	0.01483825	0.00104513
A[T>C]C	0.00020324	0.00041024	0.00015984	0.01527331	0.00035402	0.00870236	0.00744332	0.00027688	0.00301408	0.00337313	0.04018015	0.00050987	0.00255861	0.00494528	0.01634370	0.01272502	0.00399327	0.00021079	0.00189283	0.00807565	0.00607470	0.00051982
A[T>C]G	0.00009138	0.00130761	0.00385319	0.05191591	0.00117785	0.01930007	0.00804099	0.00000234	0.00018093	0.02818876	0.07341326	0.00131517	0.00144895	0.01317297	0.07156586	0.00079792	0.00929824	0.00044631	0.00985820	0.01753559	0.00724180	0.00052810
A[T>C]T	0.00055448	0.00212364	0.00058403	0.03306577	0.00124081	0.02248676	0.01514462	0.00065393	0.00605256	0.00233646	0.06187956	0.00278842	0.00434051	0.01416326	0.12330256	0.00801463	0.05007163	0.00095888	0.00154336	0.02216691	0.01969727	0.00105454
A[T>G]A	0.00049213	0.00003214	0.00072901	0.00286837	0.00037383	0.01123417	0.00395956	0.00136287	0.00018072	0.00026134	0.00209139	0.01185619	0.00035675	0.00218372	0.00813460	0.00083644	0.00361590	0.00003347	0.00216652	0.00413425	0.00753714	0.01002066
A[T>G]C	0.00023689	0.00091997	0.00002085	0.00222751	0.00016023	0.01250058	0.00292205	0.00435198	0.00024044	0.00020022	0.00090820	0.00105694	0.00076034	0.00162353	0.00300302	0.00070513	0.00262751	0.00000938	0.00029251	0.00173653	0.00102674	0.01700381
A[T>G]G	0.00028271	0.00150962	0.00097059	0.01442384	0.00025433	0.01234993	0.00758399	0.00094348	0.00029078	0.00052063	0.00218789	0.00060488	0.00206445	0.00339182	0.00681309	0.00079752	0.01048928	0.00003823	0.00345207	0.00792722	0.00274081	0.00768683
A[T>G]T	0.00030180	0.00064043	0.00001174	0.00026618	0.00012091	0.02742283	0.00139736	0.06708322	0.00031991	0.00120661	0.00103946	0.00001160	0.00128151	0.00188177	0.00238490	0.01226607	0.01386075	0.00024301	0.00049311	0.00283469	0.00365548	0.10858230
C[C>A]A	0.00032811	0.00171353	0.10791288	0.00050069	0.00043017	0.01804240	0.02311992	0.00019434	0.00034473	0.00025779	0.00254840	0.00000774	0.08303296	0.01628273	0.00538164	0.00029274	0.01572270	0.00132016	0.00225749	0.02633611	0.00253084	0.00846640
C[C>A]C	0.00021549	0.00135654	0.10275406	0.00052687	0.00027016	0.00623537	0.02945662	0.00005361	0.00170740	0.02931188	0.00167621	0.00313715	0.01512853	0.02284122	0.00589110	0.00117389	0.00289214	0.00093038	0.00574340	0.01985037	0.00022112	0.00368124
C[C>A]G	0.00000000	0.00039992	0.03204342	0.00572139	0.00008787	0.00012551	0.00089184	0.00000576	0.00009213	0.00381321	0.00138005	0.00192409	0.01223296	0.00760641	0.00297872	0.00009894	0.00010954	0.00001866	0.00051067	0.00205701	0.00004898	0.00123918
C[C>A]T	0.00029907	0.00151793	0.08749353	0.00005546	0.00027980	0.01006266	0.00698497	0.00011712	0.00001696	0.08362927	0.00004774	0.01355856	0.03441666	0.02525767	0.00093897	0.00006274	0.00003410	0.00000000	0.00092915	0.05104116	0.00043453	0.00516261
C[C>G]A	0.00000004	0.00039610	0.00874140	0.01055606	0.00016960	0.00250227	0.02995679	0.00014734	0.00010976	0.00057209	0.00219456	0.00012066	0.00003347	0.00728624	0.00607711	0.00064298	0.00141926	0.00559880	0.00238358	0.00648266	0.00253485	0.00035786
C[C>G]C	0.00008904	0.00090713	0.00696812	0.01615813	0.00064795	0.00995163	0.02030374	0.00001239	0.00015903	0.00073933	0.00261020	0.00225492	0.00182024	0.01040690	0.00731799	0.00039213	0.00046922	0.00069795	0.00201111	0.00963647	0.00109966	0.00062170
C[C>G]G	0.00006378	0.00078666	0.00454061	0.00485834	0.00015705	0.00191528	0.00159902	0.00002210	0.00024828	0.00024217	0.00057065	0.00028940	0.00404545	0.00082998	0.00255470	0.00032980	0.00133853	0.00044836	0.00055677	0.00175351	0.00045418	0.00033007
C[C>G]T	0.00007216	0.00081555	0.00651766	0.01270620	0.00038404	0.01421151	0.03248195	0.00014392	0.00021679	0.00081458	0.00270718	0.00408109	0.00341714	0.01167310	0.01020409	0.00020932	0.00018588	0.00631424	0.00167997	0.01722984	0.00575420	0.00063317
C[C>T]A	0.05545775	0.11133836	0.01414300	0.01886037	0.00382284	0.02614093	0.01976470	0.00049250	0.00203857	0.00448580	0.00758620	0.00315907	0.01005628	0.01402101	0.01117035	0.00099312	0.03682618	0.00009225	0.00320720	0.00501757	0.00727033	0.00122140
C[C>T]C	0.06251406	0.18600243	0.01321778	0.01075972	0.00004732	0.01751961	0.01975054	0.00003197	0.00030801	0.00472924	0.00348282	0.00611953	0.00269274	0.00785049	0.00789020	0.00176623	0.00482527	0.00121869	0.00474559	0.06315721	0.00026983	0.00124579
C[C>T]G	0.00713038	0.02253689	0.00403553	0.03122739	0.00291242	0.00216447	0.00167241	0.00711421	0.19498347	0.01686951	0.00391506	0.00883958	0.01283515	0.00626498	0.01043587	0.00248859	0.00310327	0.00310091	0.00195695	0.00868775	0.00994596	0.00342143
C[C>T]T	0.06391263	0.12835496	0.02024576	0.02247776	0.00105105	0.02377076	0.02589188	0.00008874	0.00032250	0.00697019	0.00655088	0.02112185	0.00285745	0.00690510	0.02283734	0.00191991	0.00269304	0.00132301	0.00347686	0.03930497	0.00569034	0.00437978
C[T>A]A	0.00014944	0.00094891	0.00078266	0.00036520	0.00030202	0.00000983	0.00010444	0.00003490	0.00001801	0.00008399	0.00058443	0.00305879	0.00000285	0.00397135	0.00146444	0.00017715	0.00146678	0.00016941	0.11822890	0.03552406	0.00142668	0.00016792
C[T>A]C	0.00023136	0.00080258	0.00778171	0.00218932	0.00032194	0.00361406	0.01942620	0.00198250	0.00046587	0.00325759	0.00449852	0.01309553	0.00249952	0.00343290	0.00378599	0.04001577	0.00007882	0.00033140	0.05242571	0.02453990	0.00097879	0.00177844
C[T>A]G	0.00007382	0.00051636	0.01973124	0.00150733	0.00029011	0.00133852	0.00411032	0.00060041	0.00033809	0.00063343	0.00064348	0.00053964	0.00191885	0.00338858	0.00035718	0.01207213	0.00089109	0.00020640	0.15868319	0.03821717	0.00016860	0.00144238
C[T>A]T	0.00035355	0.00000896	0.00683360	0.00000000	0.00008121	0.00752105	0.00481256	0.00726461	0.00019568	0.00004900	0.00000000	0.04846453	0.00093355	0.00213514	0.00099147	0.07150287	0.00085148	0.00041140	0.05597115	0.04880753	0.00381447	0.00125176
C[T>C]A	0.00042520	0.00148648	0.00522607	0.01185088	0.00063293	0.01498848	0.00740574	0.00056766	0.00006230	0.01399126	0.04427880	0.00764317	0.00000134	0.00484901	0.01272182	0.01107140	0.00984589	0.00001525	0.00736199	0.00626467	0.01071596	0.00129723
C[T>C]C	0.00015046	0.00078652	0.00167319	0.00564992	0.00030409	0.00637917	0.01329804	0.00570678	0.00250302	0.00252167	0.04509351	0.00303564	0.00260701	0.00502647	0.00240791	0.17172806	0.00004606	0.00012628	0.00247115	0.00511090	0.00442327	0.00323231
C[T>C]G	0.00002270	0.00057059	0.00545289	0.03264439	0.00057584	0.01058606	0.00692104	0.00347186	0.00051777	0.03332183	0.03843303	0.00207089	0.00045702	0.00817887	0.01833674	0.08686659	0.00111751	0.00000727	0.00391663	0.00663581	0.00488902	0.00298024
C[T>C]T	0.00173342	0.00612666	0.00118834	0.01063339	0.00047478	0.00297844	0.00422342	0.01612160	0.00006568	0.00620712	0.03573291	0.04235587	0.00134836	0.00859020	0.00953766	0.42238097	0.03816648	0.00000001	0.00112641	0.00293446	0.00217496	0.00161296
C[T>G]A	0.00006427	0.00035906	0.00019740	0.00276860	0.00024840	0.00297141	0.00550002	0.00196838	0.00003638	0.00036841	0.00116549	0.00323269	0.00002945	0.00191307	0.00354812	0.00031150	0.00144914	0.00002312	0.00456445	0.00381916	0.00321948	0.01451001
C[T>G]C	0.00015391	0.00078745	0.00012866	0.00708653	0.00027658	0.00500630	0.00971045	0.03053564	0.00027652	0.00271849	0.00203641	0.00558187	0.00207283	0.00143999	0.00253086	0.00106216	0.00014538	0.00001412	0.00150237	0.00240295	0.00114035	0.01931659
C[T>G]G	0.00000000	0.00125493	0.00363253	0.01018586	0.00020056	0.00315668	0.01501654	0.01332218	0.00018628	0.00377277	0.00175419	0.00106870	0.00304009	0.00187992	0.00462400	0.00009448	0.00015888	0.00003533	0.00818560	0.00694753	0.00275708	0.01447147
C[T>G]T	0.00000014	0.00000000	0.00109267	0.00348372	0.00028332	0.00661768	0.00238675	0.53520871	0.00026030	0.00006542	0.00203151	0.00300050	0.00323883	0.00133513	0.00210446	0.00529224	0.00003117	0.00000001	0.00143134	0.00308989	0.00429891	0.04421334
G[C>A]A	0.00001901	0.00048033	0.02463172	0.00796782	0.00023659	0.01266785	0.00266117	0.00101210	0.00161887	0.00049053	0.00247430	0.00110589	0.13049564	0.07590119	0.00656669	0.00202623	0.00025317	0.00096301	0.00382469	0.00780585	0.00317270	0.00730212
G[C>A]C	0.00012023	0.00002184	0.02311663	0.00399871	0.00028407	0.00672829	0.00713186	0.00000653	0.00025243	0.00456816	0.00186671	0.00046581	0.01605267	0.10148836	0.00290381	0.00139985	0.00006132	0.00046253	0.00265638	0.03615790	0.00048863	0.00351872
G[C>A]G	0.00003526	0.00000193	0.01500799	0.00250081	0.00012829	0.00178761	0.00019031	0.00009800	0.00057151	0.00064470	0.00068962	0.00001932	0.00751835	0.02406954	0.00132148	0.00016845	0.00003955	0.00018304	0.00101711	0.00036432	0.00025663	0.00091531
G[C>A]T	0.00000000	0.00000177	0.01062147	0.00220971	0.00006473	0.00724473	0.00867652	0.00052776	0.00003834	0.01102063	0.00089583	0.00022877	0.07342296	0.07637467	0.00354313	0.00019527	0.00005640	0.00001498	0.00160367	0.01556669	0.00197919	0.00475928
G[C>G]A	0.00001170	0.00000797	0.00581381	0.00775899	0.00022227	0.00200604	0.01951815	0.00002302	0.00009833	0.00054624	0.00115821	0.00012922	0.00020793	0.00481036	0.00288510	0.00093854	0.00027492	0.00150939	0.00224639	0.00493549	0.00251219	0.00053280
G[C>G]C	0.00001215	0.00040342	0.00707555	0.00838944	0.00039389	0.00535423	0.01032728	0.00006219	0.00032897	0.00149386	0.00117170	0.00037852	0.00070039	0.00271336	0.00408323	0.00088010	0.00007492	0.00045847	0.00146199	0.01926893	0.00322713	0.00028756
G[C>G]G	0.00004034	0.00033589	0.00450716	0.00299241	0.00008102	0.00062281	0.00341059	0.00001015	0.00016412	0.00012586	0.00028295	0.00016561	0.00043085	0.00026983	0.00107185	0.00005099	0.00058007	0.00024164	0.00050949	0.00122566	0.00010390	0.00010915
G[C>G]T	0.00002413	0.00024281	0.00245515	0.01106024	0.00028218	0.00469292	0.02163374	0.00000558	0.00010633	0.00229675	0.00159151	0.00122338	0.00087652	0.00700236	0.00537480	0.00091051	0.00103282	0.00269317	0.00126304	0.01049780	0.00435142	0.00033338
G[C>T]A	0.00003334	0.00057828	0.00169071	0.03328936	0.00052233	0.01601306	0.02059636	0.00020018	0.00464550	0.09324895	0.00847325	0.00040023	0.00823265	0.01085904	0.01702327	0.00203063	0.00052374	0.00721575	0.00493599	0.00159896	0.00579246	0.00497138
G[C>T]C	0.01310523	0.02688247	0.00301480	0.03786311	0.00043501	0.01149749	0.01492724	0.00013033	0.00031814	0.07994110	0.00692390	0.00044689	0.00632675	0.00951897	0.01733207	0.00045087	0.00096028	0.00089858	0.00410918	0.01006414	0.00949097	0.00170765
G[C>T]G	0.00000034	0.00000000	0.00026625	0.01976777	0.00012455	0.00000000	0.00006832	0.00813247	0.21681599	0.04902665	0.00276814	0.00000000	0.00926463	0.00408720	0.00655183	0.00206962	0.00003868	0.00132099	0.00058116	0.00189782	0.01954175	0.00109739
G[C>T]T	0.01840339	0.00471368	0.00293489	0.03241652	0.00027850	0.01591644	0.01226497	0.00000766	0.00017429	0.06468604	0.00473990	0.00112425	0.00499827	0.00636477	0.01515462	0.00035631	0.04153338	0.00121717	0.00344306	0.00476880	0.00925692	0.00132021
G[T>A]A	0.00042729	0.00040280	0.00385737	0.00460412	0.00012619	0.00157738	0.00771566	0.00007489	0.00018562	0.00125463	0.00117982	0.00166476	0.00136105	0.00630071	0.00213216	0.00005303	0.00011643	0.00002190	0.04894469	0.00021256	0.00167759	0.00033586
G[T>A]C	0.00023494	0.00020034	0.00301292	0.00389390	0.00018854	0.00208180	0.01021376	0.00031772	0.00022321	0.00239727	0.00187264	0.00225132	0.00192173	0.00183644	0.00135187	0.00338801	0.00011277	0.00014303	0.01001095	0.00530972	0.00232395	0.00040489
G[T>A]G	0.00029394	0.00051703	0.01110526	0.00363854	0.00020974	0.00180239	0.01551449	0.00019464	0.00025053	0.00235414	0.00207768	0.00001903	0.00119795	0.00617949	0.00546735	0.00070423	0.00127998	0.00002811	0.03605324	0.00089924	0.00092035	0.00049006
G[T>A]T	0.00032875	0.00002498	0.00573893	0.00295616	0.00015856	0.00244815	0.01741124	0.00149345	0.00023336	0.00314831	0.00048820	0.02030802	0.00345136	0.00187354	0.00110589	0.00480825	0.00837391	0.00038347	0.00902979	0.00300477	0.00300675	0.00076771
G[T>C]A	0.00005931	0.00017619	0.00249559	0.01069447	0.00033598	0.00395284	0.00967976	0.00006544	0.00114060	0.02559557	0.06902320	0.00009475	0.00049428	0.00415760	0.00857813	0.00012479	0.00068419	0.00034427	0.00291098	0.00542709	0.00555737	0.00053734
G[T>C]C	0.00004336	0.00000169	0.00054685	0.00841347	0.00029312	0.00462712	0.00533660	0.00146117	0.00195337	0.00103543	0.02998287	0.00033009	0.00272475	0.00490672	0.00413637	0.01479852	0.00224954	0.00013733	0.00196757	0.00625233	0.00387931	0.00058242
G[T>C]G	0.00003029	0.00045922	0.00190432	0.02058054	0.00050041	0.00251220	0.01273192	0.00097267	0.00123322	0.01697048	0.04203935	0.00025541	0.00451984	0.00604711	0.01188548	0.00370361	0.00261541	0.00020177	0.00237868	0.00696519	0.00310622	0.00104965
G[T>C]T	0.00080724	0.00828745	0.00001975	0.00544509	0.00038497	0.00160323	0.00592281	0.00120217	0.00016564	0.00578968	0.03291460	0.00767256	0.00235332	0.00505119	0.00451580	0.00451207	0.30845738	0.00000000	0.00208362	0.01208402	0.00214220	0.00187372
G[T>G]A	0.00006998	0.00032672	0.00036344	0.00439435	0.00028446	0.00211058	0.00642975	0.00026111	0.00007171	0.00018677	0.00077813	0.00248752	0.00091233	0.00118898	0.00193939	0.00052661	0.00014730	0.00004804	0.00165260	0.00245315	0.00188772	0.00119678
G[T>G]C	0.00010844	0.00032602	0.00015929	0.00266500	0.00021462	0.00293273	0.00276332	0.00608822	0.00003847	0.00014373	0.00061309	0.00162866	0.00000678	0.00077640	0.00124075	0.00017115	0.00006592	0.00002040	0.00031144	0.00494052	0.00084969	0.00123785
G[T>G]G	0.00032898	0.00248642	0.00281258	0.00934247	0.00019182	0.00105903	0.01613566	0.00141365	0.00045683	0.00044639	0.00124068	0.00605746	0.00681255	0.00182489	0.00334708	0.00093157	0.00380846	0.00046886	0.00122397	0.00597161	0.00060649	0.00322879
G[T>G]T	0.00092446	0.00190272	0.00002152	0.00027158	0.00004668	0.00386766	0.00648337	0.11086398	0.00008801	0.00254217	0.00008813	0.00669297	0.00192169	0.00125687	0.00126072	0.00705098	0.00665165	0.00000733	0.00016812	0.00287537	0.00156605	0.00880847
T[C>A]A	0.00033872	0.00263863	0.04850541	0.00093197	0.00076166	0.03812146	0.00380181	0.00000053	0.00015039	0.00120400	0.00193127	0.00255871	0.08615157	0.02428324	0.00380276	0.00036373	0.01083384	0.07872398	0.00256904	0.00448523	0.00253509	0.01999060
T[C>A]C	0.00068127	0.00321995	0.05700606	0.00748658	0.00044996	0.02515127	0.01694258	0.00010065	0.00249455	0.00265051	0.00216035	0.01421635	0.04802083	0.02952732	0.00327487	0.00017583	0.00729753	0.02929736	0.00336403	0.01904839	0.00008391	0.00431156
T[C>A]G	0.00002737	0.00022358	0.01106781	0.00234898	0.00015683	0.00293903	0.00032557	0.00011160	0.00006334	0.00009688	0.00059041	0.00002582	0.01425198	0.01585375	0.00124989	0.00006934	0.00004275	0.01207712	0.00045072	0.00048971	0.00016309	0.00112871
T[C>A]T	0.00060226	0.00103120	0.05576558	0.01481063	0.00062678	0.03197177	0.00459778	0.00247264	0.00030837	0.01699668	0.00197264	0.00390430	0.14536651	0.00104036	0.00680761	0.00054019	0.00025752	0.03544114	0.00282134	0.01327568	0.00593168	0.00853343
T[C>G]A	0.00000000	0.00005367	0.00201205	0.00382760	0.00027443	0.00235108	0.01371071	0.00010284	0.00006339	0.00096896	0.00127483	0.00114656	0.00076137	0.00607227	0.00208018	0.00392931	0.00369285	0.31613129	0.00525152	0.00831515	0.02459958	0.00117204
T[C>G]C	0.00002333	0.00154194	0.00492745	0.00740156	0.00036849	0.01323389	0.02922349	0.00005537	0.00038756	0.00044880	0.00204551	0.00444781	0.00437710	0.01207555	0.00389446	0.00079183	0.00070891	0.06325147	0.00236231	0.00812561	0.01735553	0.00099784
T[C>G]G	0.00000070	0.00033857	0.00221717	0.00300067	0.00010700	0.00237190	0.00006369	0.00001792	0.00006248	0.00011602	0.00050265	0.00002035	0.00081376	0.00126200	0.00100231	0.00042977	0.00086646	0.01375662	0.00046248	0.00099046	0.00242822	0.00020284
T[C>G]T	0.00019646	0.00040013	0.00128495	0.00138548	0.00152831	0.01582223	0.02589194	0.00147033	0.00172190	0.00322302	0.00270165	0.01133286	0.00098583	0.00971634	0.01843207	0.00051183	0.00018431	0.36775921	0.00163883	0.02177724	0.05513379	0.00156305
T[C>T]A	0.20072835	0.00044389	0.00379239	0.00367450	0.52862639	0.04392851	0.00086742	0.00005042	0.00099013	0.00234339	0.00196303	0.01569730	0.00821262	0.00166176	0.00355201	0.00063900	0.00103048	0.00625780	0.00224311	0.01222874	0.00210002	0.00304201
T[C>T]C	0.36461232	0.20548323	0.00849799	0.00005151	0.08911577	0.02651931	0.01222999	0.00044857	0.00024921	0.00265317	0.00055582	0.01447745	0.00236101	0.00014391	0.00048627	0.00021591	0.01748331	0.00381373	0.00147079	0.01077159	0.00174876	0.00252280
T[C>T]G	0.07772894	0.05671198	0.00000357	0.02096015	0.04163141	0.00000000	0.00000000	0.00373940	0.10901742	0.00150359	0.00305452	0.00000096	0.00859807	0.00750682	0.00894967	0.00047044	0.00437862	0.00164862	0.00019588	0.00853086	0.00405560	0.00159595
T[C>T]T	0.08188467	0.10621688	0.00710426	0.00474212	0.29776430	0.03059651	0.00544651	0.00078366	0.00010186	0.00410517	0.00381781	0.00175752	0.00001282	0.01141310	0.02147593	0.00032764	0.04865613	0.00117861	0.00167204	0.00850998	0.00815048	0.00147901
T[T>A]A	0.00031992	0.00316466	0.00219597	0.00060127	0.00056005	0.00735809	0.00155805	0.00136835	0.00655876	0.00632016	0.00148778	0.01549355	0.01154796	0.00169569	0.00059318	0.00015382	0.01598689	0.00030008	0.06333955	0.00325435	0.10045483	0.00112325
T[T>A]C	0.00038358	0.00226051	0.00137504	0.00075617	0.00030152	0.01308807	0.01211503	0.00020239	0.00008174	0.00013093	0.00589690	0.03432859	0.00250187	0.00509823	0.00162216	0.00557136	0.00111596	0.00022729	0.02181682	0.00439269	0.01331928	0.00174050
T[T>A]G	0.00000069	0.00160298	0.00217231	0.00413343	0.00013177	0.00642528	0.00498735	0.00000275	0.00006243	0.00013883	0.00263151	0.01214960	0.00157398	0.00454170	0.00447511	0.00178226	0.00535211	0.00020537	0.06607777	0.00063311	0.00890557	0.00051470
T[T>A]T	0.00083593	0.00005190	0.00238052	0.00378640	0.00051602	0.01477990	0.00315804	0.00121693	0.00174497	0.01336202	0.00398253	0.28095284	0.00496083	0.00445128	0.00210677	0.00179723	0.02570314	0.00011446	0.02512107	0.00317878	0.03330079	0.00740786
T[T>C]A	0.00229016	0.00644960	0.00126549	0.00506643	0.00042047	0.00335002	0.01240996	0.00095146	0.00027203	0.01710889	0.07921186	0.03068008	0.00096240	0.00717075	0.01022924	0.00182279	0.07854160	0.00000350	0.00420391	0.01005064	0.07497321	0.00170564
T[T>C]C	0.00062055	0.00175217	0.00009404	0.00444604	0.00022129	0.00583622	0.00794431	0.00109070	0.00332397	0.00958014	0.04371920	0.02106864	0.00711698	0.00245439	0.00313440	0.01511660	0.01372349	0.00008371	0.00036686	0.00573446	0.03038899	0.00234324
T[T>C]G	0.00026599	0.00395871	0.00166855	0.01307750	0.00048231	0.00419650	0.00516554	0.00115769	0.00047833	0.01813984	0.03877034	0.01308436	0.00315581	0.00261967	0.01011566	0.00231577	0.02206272	0.00018228	0.00171381	0.00534518	0.02336177	0.00162773
T[T>C]T	0.00080769	0.00320637	0.00002211	0.01650015	0.00045156	0.00076669	0.00995095	0.00095466	0.00436746	0.03487849	0.05702112	0.08862451	0.00208629	0.00333841	0.01105794	0.02085073	0.04147056	0.00060425	0.00026158	0.00661719	0.04655707	0.00288407
T[T>G]A	0.00011808	0.00087431	0.00000553	0.00331871	0.00015747	0.00748318	0.00765741	0.00000000	0.00001086	0.00006747	0.00172206	0.01938269	0.00005467	0.00194078	0.00382449	0.00000921	0.00016944	0.00014937	0.00211410	0.00608825	0.04945956	0.04268024
T[T>G]C	0.00008683	0.00152858	0.00000484	0.00878135	0.00020294	0.01641541	0.00690744	0.00849611	0.00015180	0.00040768	0.00233503	0.01749883	0.00198189	0.00225727	0.00421013	0.00015315	0.00020348	0.00001877	0.00026982	0.00431752	0.01594556	0.03521839
T[T>G]G	0.00000031	0.00128141	0.00198788	0.01047088	0.00024348	0.01099962	0.00992174	0.00470762	0.00056728	0.00133484	0.00193790	0.00761128	0.00110635	0.00303419	0.00452928	0.00099473	0.00023650	0.00003981	0.00511280	0.00706763	0.02288876	0.01383178
T[T>G]T	0.00003327	0.00133035	0.00037013	0.00371070	0.00018228	0.00473405	0.00302097	0.11814862	0.00030249	0.00806135	0.00362622	0.02153642	0.00402551	0.00120732	0.00293392	0.00414064	0.00014040	0.00000000	0.00017980	0.00413323	0.08736661	0.46930502
