MutationsType	SBS96A	SBS96B	SBS96C	SBS96D	SBS96E	SBS96F	SBS96G	SBS96H	SBS96I	SBS96J	SBS96K	SBS96L	SBS96M	SBS96N	SBS96O	SBS96P	SBS96Q
A[C>A]A	0.00816238	0.04243543	0.02266348	0.04974299	0.00003780	0.00076284	0.00005142	0.00062756	0.00134981	0.05464254	0.00041130	0.00095856	0.00243873	0.00472857	0.00412073	0.00027100	0.00035350
A[C>A]C	0.00876563	0.01385920	0.02299859	0.04019310	0.00009198	0.00218266	0.00074654	0.00011212	0.00023947	0.01507382	0.00075778	0.00064839	0.00145476	0.00031226	0.00272432	0.00065535	0.00067518
A[C>A]G	0.00250680	0.00297642	0.00033828	0.01851651	0.00001525	0.00013728	0.00020777	0.00016526	0.00011177	0.00065891	0.00006233	0.00023141	0.00013333	0.00011140	0.00062455	0.00031673	0.00002180
A[C>A]T	0.00322081	0.01882227	0.01374183	0.03566963	0.00019896	0.00092352	0.00032703	0.00016950	0.00059184	0.02192904	0.00668542	0.00015851	0.00032343	0.00111215	0.00490371	0.00394350	0.00267866
A[C>G]A	0.00797406	0.01456941	0.03128082	0.00688304	0.00003913	0.00226551	0.00022372	0.00032031	0.00000750	0.00103209	0.00490155	0.00339153	0.00072905	0.00053734	0.00634970	0.00161944	0.00493207
A[C>G]C	0.00358075	0.01153246	0.01908729	0.00258760	0.00000691	0.00067666	0.00013004	0.00004331	0.00004912	0.00395177	0.00189259	0.00085690	0.00068048	0.00038452	0.00210260	0.00261973	0.00404871
A[C>G]G	0.00156968	0.00421881	0.00000000	0.00131025	0.00002519	0.00000083	0.00002477	0.00006170	0.00059913	0.00233128	0.00054806	0.00034348	0.00036067	0.00025299	0.00059037	0.00065915	0.00150895
A[C>G]T	0.00661433	0.02228740	0.02568711	0.00284256	0.00004344	0.00157677	0.00036862	0.00012540	0.00017971	0.00526282	0.00514485	0.00433428	0.00026925	0.00198574	0.00509046	0.00367805	0.00592684
A[C>T]A	0.03248162	0.03093822	0.01202652	0.00765168	0.00001604	0.02579464	0.00067673	0.00162989	0.00098909	0.00745142	0.09023809	0.00832708	0.00261262	0.00168133	0.02042014	0.00384087	0.00697161
A[C>T]C	0.01590668	0.01595505	0.01527301	0.00365384	0.02260326	0.00625309	0.00207200	0.00022838	0.03936458	0.00442273	0.02124994	0.00011290	0.00251967	0.00775856	0.00660647	0.00274860	0.00091484
A[C>T]G	0.00016915	0.00579939	0.00890501	0.00212861	0.00001544	0.36819410	0.00002936	0.00663373	0.00026378	0.00117580	0.00050070	0.00015449	0.00022179	0.00023032	0.00056828	0.00213062	0.00043672
A[C>T]T	0.02093744	0.02687887	0.01282596	0.00261800	0.00856630	0.01049284	0.00426175	0.00085078	0.01295067	0.00955443	0.02959483	0.00040054	0.00114066	0.00750481	0.01101695	0.02556790	0.00601287
A[T>A]A	0.00801010	0.00992635	0.00172322	0.00376140	0.00253922	0.00105822	0.00019988	0.00004322	0.00200565	0.00127444	0.00523520	0.00000995	0.00096553	0.01343752	0.05092459	0.00055378	0.00281871
A[T>A]C	0.00863277	0.00484833	0.00963659	0.00329401	0.00037100	0.00349240	0.00130761	0.00023630	0.00046934	0.00061321	0.00292983	0.00021575	0.00070044	0.00320817	0.00874284	0.00169594	0.00201165
A[T>A]G	0.00954753	0.01003935	0.01009066	0.00806204	0.00063720	0.00171093	0.00023292	0.00013693	0.00161417	0.00157645	0.00213315	0.00102254	0.00015292	0.00017552	0.04729703	0.00309425	0.00089040
A[T>A]T	0.00083329	0.00583674	0.00067563	0.00409896	0.00419276	0.00019237	0.00004698	0.00040627	0.00890316	0.00380037	0.02830591	0.00092587	0.00108608	0.06399763	0.00044107	0.03075572	0.05276123
A[T>C]A	0.08663804	0.03266897	0.01359086	0.00529283	0.00036485	0.00231661	0.00095386	0.00018542	0.00070565	0.00124691	0.02426773	0.00206865	0.00038612	0.00055130	0.04269309	0.00715396	0.00138999
A[T>C]C	0.02786476	0.01108084	0.00838480	0.00009405	0.00007063	0.00347417	0.00059131	0.00014543	0.00017626	0.00247989	0.00423107	0.00022693	0.01197508	0.00058946	0.00403850	0.00614227	0.00080090
A[T>C]G	0.06897142	0.02608643	0.01049159	0.00424533	0.00002671	0.00029562	0.00078111	0.00001432	0.00118881	0.00398371	0.03473356	0.00029047	0.00105553	0.00041782	0.01837739	0.01200732	0.00012299
A[T>C]T	0.06566565	0.03016383	0.01992749	0.00034016	0.00057717	0.00642897	0.00110760	0.00027339	0.00247985	0.00641601	0.00473553	0.00216057	0.00913000	0.00264311	0.01432298	0.04976250	0.00564725
A[T>G]A	0.00316815	0.01216478	0.00442425	0.00073928	0.00045086	0.00004275	0.00051549	0.00144010	0.00004309	0.00075669	0.00059477	0.00001297	0.00076177	0.01119708	0.00225841	0.00346768	0.00876004
A[T>G]C	0.00120281	0.01271112	0.00267297	0.00011741	0.00014438	0.00034342	0.00022572	0.00475276	0.00109301	0.00052660	0.00031999	0.00000284	0.00065616	0.00050433	0.00038811	0.00294046	0.00833935
A[T>G]G	0.00731091	0.01403119	0.00873053	0.00071270	0.00025764	0.00087191	0.00019579	0.00106409	0.00171608	0.00293055	0.00145192	0.00000660	0.00098590	0.00043573	0.00647549	0.00941386	0.00599299
A[T>G]T	0.00000349	0.03020414	0.00077198	0.00001378	0.00031304	0.00000566	0.00001601	0.06559452	0.00044812	0.00016246	0.00111726	0.00020949	0.01205317	0.00000938	0.00025613	0.01235018	0.04779774
C[C>A]A	0.00042458	0.01343128	0.02375450	0.09383593	0.00052200	0.00006597	0.00010485	0.00028020	0.00123907	0.08040874	0.00000619	0.00138165	0.00013958	0.00009240	0.00119824	0.01290093	0.00409158
C[C>A]C	0.00044147	0.00280742	0.02492738	0.09958257	0.00016568	0.00189524	0.00032031	0.00004788	0.00082601	0.00802460	0.02692723	0.00037694	0.00149764	0.00195127	0.00471419	0.00314469	0.00044813
C[C>A]G	0.00384367	0.00008830	0.00015533	0.02929122	0.00000705	0.00016562	0.00000143	0.00007797	0.00032100	0.01172092	0.00382494	0.00000000	0.00026951	0.00158264	0.00142644	0.00032153	0.00000000
C[C>A]T	0.00012460	0.00492867	0.00434136	0.08832479	0.00017051	0.00021253	0.00017770	0.00000053	0.00111600	0.02595003	0.07937988	0.00000000	0.00000135	0.01292633	0.00025961	0.00003216	0.00005111
C[C>G]A	0.00491248	0.00536278	0.03024016	0.00915620	0.00000041	0.00018649	0.00003910	0.00011153	0.00036926	0.00000217	0.00127853	0.00623011	0.00090568	0.00004785	0.00338939	0.00180427	0.00051044
C[C>G]C	0.00793391	0.01246267	0.02137739	0.00785101	0.00001963	0.00055443	0.00051630	0.00013628	0.00105526	0.00299944	0.00185068	0.00058063	0.00003319	0.00176384	0.00520787	0.00057945	0.00019814
C[C>G]G	0.00285132	0.00209380	0.00163249	0.00340967	0.00002380	0.00046965	0.00026543	0.00000485	0.00068395	0.00456239	0.00035893	0.00007061	0.00049475	0.00025111	0.00251969	0.00152693	0.00011334
C[C>G]T	0.00665307	0.01756434	0.03404843	0.00727317	0.00009429	0.00005505	0.00004197	0.00005739	0.00059135	0.00365639	0.00170931	0.00651775	0.00009425	0.00455690	0.00257189	0.00092472	0.00308147
C[C>T]A	0.01034444	0.02431178	0.01484642	0.01428992	0.06227994	0.00365719	0.00079175	0.00045674	0.12009698	0.00709069	0.00423520	0.00003009	0.00158431	0.00518783	0.00407848	0.04588289	0.00474783
C[C>T]C	0.00880700	0.01383439	0.01775549	0.01208744	0.06399058	0.00017886	0.00002199	0.00010059	0.20936471	0.00228540	0.00452772	0.00005075	0.00163276	0.00577869	0.00676760	0.00072266	0.00042490
C[C>T]G	0.01397821	0.00369728	0.00439798	0.00224557	0.00659922	0.18571765	0.00401624	0.00711885	0.02498862	0.01840527	0.01741226	0.00282120	0.00269718	0.00919406	0.01044623	0.00408128	0.01439748
C[C>T]T	0.01393385	0.02222160	0.02600525	0.01857861	0.07111684	0.00034905	0.00061309	0.00019189	0.14282025	0.00139146	0.00723953	0.00083072	0.00206948	0.02592032	0.00762103	0.00505381	0.00145972
C[T>A]A	0.00189912	0.00000000	0.00369953	0.00334968	0.00016904	0.00006127	0.00021290	0.00002405	0.00052691	0.00016708	0.00050805	0.00013964	0.00015158	0.00338750	0.08775451	0.00178999	0.00023127
C[T>A]C	0.00222968	0.00476669	0.01890664	0.00628926	0.00006889	0.00005622	0.00030857	0.00179962	0.00061437	0.00173551	0.00281872	0.00024265	0.03902166	0.01453822	0.05100255	0.00013579	0.00043713
C[T>A]G	0.00145931	0.00098301	0.00595215	0.01915075	0.00001754	0.00057513	0.00005961	0.00031244	0.00023419	0.00019142	0.00094217	0.00036865	0.01147524	0.00022593	0.13493764	0.00163176	0.00117807
C[T>A]T	0.00000907	0.00646179	0.00956347	0.00776832	0.00023557	0.00000727	0.00017482	0.00715850	0.00000010	0.00049477	0.00000213	0.00045992	0.07220662	0.04775011	0.04346558	0.00003265	0.00003150
C[T>C]A	0.02668339	0.01547162	0.00832930	0.00502311	0.00053786	0.00014377	0.00009126	0.00034759	0.00103752	0.00001983	0.01330928	0.00012671	0.01085726	0.00784457	0.00605264	0.01117600	0.00343265
C[T>C]C	0.01865086	0.00555112	0.01245387	0.00160006	0.00014712	0.00245549	0.00002782	0.00226856	0.00034923	0.00280073	0.00233654	0.00000490	0.17542316	0.00025691	0.00157327	0.00090879	0.00362595
C[T>C]G	0.03319593	0.01205923	0.00578984	0.00527207	0.00000000	0.00047902	0.00024611	0.00179532	0.00025413	0.00001143	0.03325535	0.00020768	0.09449742	0.00055195	0.00909914	0.00269675	0.00104327
C[T>C]T	0.01740761	0.00018856	0.00057121	0.00037280	0.00160094	0.00008251	0.00040806	0.00864332	0.00792157	0.00342770	0.00553639	0.00018627	0.41577321	0.02768249	0.00152424	0.03050628	0.00136004
C[T>G]A	0.00204142	0.00361106	0.00689337	0.00031716	0.00008435	0.00004795	0.00004614	0.00210868	0.00036716	0.00013450	0.00070845	0.00008277	0.00035749	0.00340655	0.00437585	0.00102747	0.01007808
C[T>G]C	0.00305779	0.00551821	0.01023413	0.00004077	0.00004195	0.00037832	0.00025797	0.03134118	0.00092908	0.00259984	0.00313627	0.00010197	0.00162677	0.00545481	0.00176668	0.00025860	0.00988357
C[T>G]G	0.00457774	0.00518825	0.01630343	0.00268726	0.00000041	0.00028972	0.00002148	0.01362183	0.00106721	0.00335397	0.00416245	0.00017974	0.00044504	0.00125194	0.00894076	0.00029144	0.00520856
C[T>G]T	0.00323264	0.00022515	0.00062891	0.00064519	0.00000000	0.00065397	0.00000000	0.54770883	0.00000000	0.00205847	0.00000000	0.00000000	0.00081204	0.00053311	0.00281602	0.00002030	0.00996389
G[C>A]A	0.00756728	0.01163766	0.00485065	0.02788948	0.00000053	0.00130264	0.00023757	0.00116073	0.00027199	0.14240461	0.00096473	0.00033341	0.00265574	0.00021998	0.00501705	0.00034697	0.00452529
G[C>A]C	0.01003143	0.00918393	0.01117246	0.04456582	0.00015732	0.00052751	0.00012968	0.00001865	0.00000039	0.01593789	0.00443812	0.00021405	0.00093084	0.00007319	0.00407172	0.00029257	0.00011049
G[C>A]G	0.00331695	0.00186655	0.00002438	0.01815329	0.00000552	0.00090092	0.00003581	0.00010000	0.00002236	0.00761753	0.00041702	0.00010710	0.00026738	0.00000281	0.00086378	0.00008378	0.00027102
G[C>A]T	0.00446098	0.00809754	0.01059291	0.01966810	0.00000000	0.00005638	0.00000000	0.00035724	0.00000000	0.08109371	0.01058501	0.00019517	0.00005036	0.00009839	0.00138914	0.00018951	0.00296242
G[C>G]A	0.00301795	0.00332064	0.01993807	0.00614261	0.00000123	0.00023117	0.00001981	0.00008034	0.00000498	0.00036626	0.00091396	0.00138543	0.00103299	0.00010209	0.00308279	0.00047187	0.00137704
G[C>G]C	0.00384048	0.00621592	0.01331267	0.00676153	0.00000605	0.00064741	0.00014893	0.00006076	0.00029903	0.00065179	0.00214897	0.00032185	0.00140197	0.00067776	0.00359776	0.00019880	0.00287522
G[C>G]G	0.00120225	0.00081824	0.00336427	0.00400018	0.00002029	0.00037133	0.00003424	0.00005746	0.00038131	0.00025428	0.00029067	0.00026353	0.00014750	0.00015511	0.00069854	0.00065040	0.00018216
G[C>G]T	0.00576881	0.00550563	0.02327385	0.00283924	0.00001727	0.00026217	0.00014248	0.00000865	0.00026163	0.00122079	0.00251219	0.00293505	0.00063290	0.00128041	0.00427423	0.00119998	0.00250307
G[C>T]A	0.01742454	0.01647924	0.01918689	0.00258812	0.00006118	0.00440561	0.00013103	0.00032823	0.00019857	0.00765911	0.08332228	0.00808953	0.00248641	0.00004480	0.00890876	0.00128279	0.00546461
G[C>T]C	0.01893769	0.01202323	0.01328768	0.00273942	0.01339021	0.00103378	0.00178465	0.00012828	0.02901658	0.00565272	0.07403185	0.00042054	0.00008226	0.00059722	0.01034863	0.00134967	0.00761844
G[C>T]G	0.00682694	0.00000000	0.00000000	0.00000237	0.00000000	0.21337384	0.00000000	0.00748246	0.00000000	0.01589211	0.05448895	0.00188028	0.00136296	0.00000000	0.00252616	0.00020504	0.01688014
G[C>T]T	0.01386888	0.01702208	0.00853001	0.00237428	0.02296156	0.00097924	0.00073425	0.00001005	0.00468452	0.00364524	0.06624530	0.00200072	0.00079404	0.00141718	0.00897379	0.03773442	0.00425165
G[T>A]A	0.00269353	0.00204037	0.00723124	0.00565416	0.00035804	0.00012409	0.00043927	0.00010264	0.00030044	0.00097891	0.00181923	0.00000655	0.00013414	0.00161585	0.03570351	0.00012960	0.00129245
G[T>A]C	0.00194078	0.00271084	0.01059415	0.00259448	0.00025578	0.00005565	0.00022089	0.00028542	0.00008508	0.00208347	0.00263605	0.00016981	0.00292627	0.00254722	0.00924011	0.00024192	0.00126604
G[T>A]G	0.00245847	0.00234633	0.01491365	0.01301328	0.00022956	0.00013065	0.00019490	0.00020426	0.00040028	0.00031971	0.00275470	0.00011414	0.00062290	0.00004009	0.02424132	0.00143213	0.00090059
G[T>A]T	0.00048227	0.00293809	0.01599477	0.00525692	0.00029875	0.00023216	0.00020425	0.00154224	0.00019490	0.00280124	0.00346552	0.00059926	0.00495084	0.02103547	0.00553503	0.00747543	0.00107582
G[T>C]A	0.03571042	0.00457630	0.01090680	0.00278954	0.00006322	0.00028378	0.00006975	0.00006145	0.00003024	0.00009644	0.02217703	0.00013817	0.00033315	0.00000357	0.00390717	0.00272826	0.00145508
G[T>C]C	0.01746651	0.00520454	0.00692948	0.00052557	0.00008641	0.00169640	0.00004519	0.00090307	0.00000814	0.00275568	0.00156800	0.00016161	0.01433769	0.00026845	0.00396592	0.00267427	0.00172442
G[T>C]G	0.02952494	0.00399632	0.01293880	0.00180472	0.00006124	0.00137892	0.00011352	0.00115538	0.00030728	0.00514518	0.01818215	0.00025217	0.00377567	0.00025299	0.00570762	0.00381257	0.00144672
G[T>C]T	0.01503136	0.00305036	0.00124121	0.00002486	0.00067196	0.00004097	0.00038196	0.00059932	0.01154328	0.00237141	0.00792007	0.00000000	0.00432015	0.00615423	0.00183830	0.26984459	0.00192021
G[T>G]A	0.00234771	0.00293901	0.00710350	0.00030528	0.00005833	0.00025630	0.00012561	0.00039297	0.00020996	0.00088150	0.00041836	0.00001678	0.00070700	0.00251044	0.00236334	0.00027221	0.00087039
G[T>G]C	0.00143506	0.00372723	0.00320615	0.00011216	0.00013565	0.00009490	0.00012649	0.00575633	0.00037455	0.00012748	0.00043279	0.00018329	0.00038053	0.00129990	0.00115449	0.00011846	0.00026543
G[T>G]G	0.00375419	0.00285949	0.01682734	0.00160650	0.00026782	0.00046910	0.00026375	0.00149939	0.00292023	0.00717965	0.00143108	0.00102308	0.00068899	0.00579400	0.00341251	0.00386755	0.00175708
G[T>G]T	0.00001519	0.00183544	0.00558413	0.00002476	0.00112073	0.00022407	0.00003980	0.11908800	0.00191870	0.00108687	0.00263905	0.00008971	0.00592793	0.00646987	0.00002659	0.00632392	0.00076149
T[C>A]A	0.00006190	0.03613525	0.00053372	0.04109223	0.00038644	0.00000000	0.00047326	0.00006710	0.00223744	0.08419429	0.00082934	0.07729313	0.00022310	0.00141017	0.00270273	0.01046870	0.00142893
T[C>A]C	0.00347820	0.02441123	0.01565407	0.05262652	0.00048341	0.00249981	0.00023813	0.00021236	0.00348460	0.04772242	0.00237104	0.03099684	0.00067721	0.01305903	0.00194888	0.00826268	0.00000842
T[C>A]G	0.00203655	0.00318789	0.00005421	0.01221030	0.00000991	0.00057276	0.00001782	0.00003245	0.00017267	0.01522297	0.00010285	0.01116294	0.00010142	0.00001214	0.00093093	0.00029643	0.00000076
T[C>A]T	0.00354121	0.02585161	0.00340612	0.03577011	0.00032437	0.00178698	0.00122921	0.00271990	0.00080875	0.15544698	0.01758143	0.03538965	0.00106352	0.00315641	0.00854450	0.00090296	0.00345713
T[C>G]A	0.00296504	0.00024148	0.01277723	0.00147834	0.00000000	0.00008808	0.00002746	0.00012961	0.00010771	0.00153658	0.00110443	0.30102513	0.00332303	0.00050539	0.00502713	0.00339007	0.00184772
T[C>G]C	0.00402408	0.01472113	0.02895692	0.00546786	0.00000957	0.00042047	0.00005319	0.00000758	0.00141023	0.00342043	0.00126035	0.06576345	0.00071008	0.00421038	0.00191289	0.00093229	0.00703678
T[C>G]G	0.00187652	0.00209926	0.00011061	0.00227107	0.00000000	0.00009218	0.00005689	0.00003607	0.00028934	0.00108613	0.00038790	0.01417823	0.00047303	0.00000067	0.00049699	0.00113199	0.00010195
T[C>G]T	0.00757201	0.01180416	0.02445688	0.00040314	0.00037094	0.00183989	0.00007586	0.00130067	0.00004350	0.00015990	0.00195607	0.38600197	0.00047685	0.01162673	0.00347367	0.00715206	0.00630582
T[C>T]A	0.00439556	0.03136897	0.00030036	0.00224548	0.12669829	0.00129387	0.56530800	0.00001012	0.00015497	0.00791056	0.00098445	0.00249167	0.00029137	0.01613129	0.00372430	0.00025224	0.00446807
T[C>T]C	0.00000000	0.01266582	0.00096763	0.00672589	0.45519639	0.00002101	0.07401147	0.00005068	0.14765439	0.00004421	0.00153951	0.00214072	0.00000000	0.01455032	0.00107353	0.07990765	0.00546241
T[C>T]G	0.01250774	0.00000000	0.00013033	0.00000000	0.09409655	0.10161732	0.04383637	0.00370508	0.05561399	0.01281767	0.00271863	0.00107170	0.00064600	0.00000000	0.00393442	0.00142695	0.00160642
T[C>T]T	0.00922832	0.02134624	0.00159187	0.00693698	0.02796636	0.00001925	0.28212250	0.00028273	0.11777702	0.00009873	0.00987224	0.00182596	0.00132188	0.00041060	0.00856222	0.03772963	0.03736249
T[T>A]A	0.00279823	0.00253934	0.00160530	0.00225640	0.00019297	0.00770053	0.00003004	0.00068316	0.00241321	0.01034950	0.00556194	0.00037961	0.00057085	0.02243580	0.05062146	0.01327948	0.08187394
T[T>A]C	0.00291366	0.01211319	0.01099055	0.00215188	0.00028215	0.00009822	0.00017033	0.00022298	0.00184365	0.00142240	0.00001939	0.00035036	0.00530897	0.03803015	0.01623757	0.00148266	0.00639257
T[T>A]G	0.00401178	0.00602706	0.00415630	0.00624010	0.00000381	0.00037162	0.00000598	0.00004944	0.00160309	0.00075198	0.00082484	0.00009854	0.00127556	0.01368551	0.03687603	0.00432387	0.00488529
T[T>A]T	0.00154094	0.01582168	0.00083926	0.00346035	0.00014068	0.00193627	0.00156940	0.00127767	0.00019826	0.00160550	0.01251073	0.00014487	0.00232346	0.26347799	0.01363395	0.02548767	0.00456285
T[T>C]A	0.03946393	0.00168643	0.01338169	0.00124848	0.00238313	0.00009594	0.00035572	0.00054347	0.00499766	0.00001776	0.01922417	0.00000000	0.00100922	0.03956849	0.00534890	0.07095429	0.03520618
T[T>C]C	0.02196242	0.00468887	0.00885054	0.00002154	0.00059522	0.00404347	0.00001740	0.00087129	0.00125519	0.00511558	0.00966387	0.00004972	0.01443491	0.02600187	0.00014962	0.01410167	0.01401534
T[T>C]G	0.02454253	0.00345019	0.00569595	0.00101824	0.00009572	0.00039869	0.00003946	0.00098909	0.00405370	0.00285996	0.01686862	0.00000266	0.00198332	0.01582368	0.00516178	0.02228826	0.01482987
T[T>C]T	0.03540435	0.00011545	0.01027808	0.00005682	0.00084835	0.00481969	0.00016848	0.00045290	0.00320731	0.00054896	0.03027698	0.00031406	0.01919762	0.09337667	0.00205395	0.03652211	0.01322181
T[T>G]A	0.00331243	0.00739028	0.00879145	0.00003822	0.00012424	0.00025381	0.00006703	0.00000562	0.00046718	0.00009463	0.00004530	0.00021187	0.00000000	0.02211756	0.00267955	0.00021929	0.05800088
T[T>G]C	0.00488131	0.01733350	0.00713209	0.00000409	0.00004014	0.00068757	0.00014868	0.00894457	0.00121380	0.00121756	0.00081646	0.00014232	0.00005955	0.01692336	0.00175238	0.00068996	0.03254325
T[T>G]G	0.00537872	0.01207033	0.01187127	0.00170463	0.00000394	0.00096698	0.00014011	0.00440593	0.00093859	0.00096261	0.00257654	0.00000129	0.00154540	0.00837790	0.00636224	0.00058560	0.02115607
T[T>G]T	0.00454659	0.00967162	0.00770604	0.00012238	0.00002001	0.00106449	0.00015447	0.12064092	0.00030571	0.00042237	0.00759030	0.00000000	0.00517271	0.01654252	0.00109866	0.00044482	0.33265474
