MutationsType	SBS96A	SBS96B	SBS96C	SBS96D	SBS96E	SBS96F	SBS96G	SBS96H	SBS96I	SBS96J	SBS96K	SBS96L	SBS96M	SBS96N	SBS96O	SBS96P	SBS96Q	SBS96R
A[C>A]A	0.00897863	0.02333033	0.04476842	0.04966305	0.00001121	0.00080141	0.00690180	0.00061568	0.00009654	0.05522775	0.00147673	0.00236922	0.00036433	0.00095308	0.00445810	0.00067512	0.00385303	0.00018034
A[C>A]C	0.01178961	0.02354243	0.01209619	0.03984733	0.00011176	0.00176298	0.00420120	0.00011270	0.00063461	0.01636690	0.00034087	0.00136428	0.00054393	0.00061326	0.00027296	0.00123656	0.00073474	0.00185263
A[C>A]G	0.00317647	0.00045372	0.00307871	0.01842446	0.00002972	0.00007291	0.00100634	0.00013159	0.00022146	0.00097803	0.00009663	0.00012477	0.00003934	0.00010884	0.00013737	0.00045530	0.00022713	0.00005952
A[C>A]T	0.00576557	0.01419122	0.01900158	0.03559693	0.00018664	0.00103600	0.00121976	0.00012474	0.00034181	0.02225202	0.00057693	0.00021188	0.00682428	0.00026480	0.00111369	0.00405663	0.00464871	0.00353136
A[C>G]A	0.01276801	0.03146701	0.01164614	0.00692381	0.00006765	0.00223587	0.00399856	0.00026162	0.00017477	0.00096357	0.00000018	0.00068928	0.00459478	0.00336648	0.00064698	0.00141897	0.00453048	0.00551860
A[C>G]C	0.00527810	0.01917709	0.01045839	0.00260908	0.00000627	0.00093844	0.00264758	0.00004038	0.00007315	0.00362703	0.00001465	0.00051710	0.00168399	0.00088420	0.00045008	0.00266766	0.00130520	0.00374616
A[C>G]G	0.00243536	0.00000000	0.00436296	0.00133545	0.00001684	0.00001214	0.00077985	0.00007722	0.00000398	0.00221277	0.00060307	0.00040416	0.00047273	0.00030305	0.00026173	0.00069187	0.00011055	0.00137484
A[C>G]T	0.01136292	0.02608151	0.02016702	0.00316400	0.00003921	0.00165726	0.00343595	0.00009703	0.00027314	0.00520733	0.00008254	0.00026662	0.00485322	0.00415292	0.00218162	0.00368970	0.00282129	0.00562442
A[C>T]A	0.05140152	0.01337508	0.02743397	0.00843383	0.00001897	0.02473495	0.01330243	0.00167193	0.00055118	0.00595736	0.00070762	0.00237628	0.09040120	0.00799351	0.00175387	0.00359386	0.00988557	0.00906961
A[C>T]C	0.02597442	0.01580581	0.01406345	0.00391939	0.02242856	0.00568463	0.00474346	0.00013537	0.00126557	0.00379899	0.03822842	0.00252242	0.02072689	0.00015188	0.00876940	0.00517560	0.00124452	0.00252567
A[C>T]G	0.00032445	0.00809093	0.00705982	0.00200460	0.00000418	0.37086421	0.00023785	0.00629156	0.00003357	0.00144079	0.00036969	0.00000000	0.00000669	0.00000000	0.00011782	0.00153646	0.00165333	0.00045888
A[C>T]T	0.03816521	0.01394401	0.02382177	0.00334332	0.00889292	0.00944535	0.00366425	0.00073588	0.00310489	0.00854897	0.01168049	0.00115334	0.02823112	0.00029196	0.00839135	0.02750894	0.00220085	0.00846017
A[T>A]A	0.00980330	0.00076541	0.01029148	0.00345828	0.00252433	0.00108049	0.00646837	0.00002559	0.00017888	0.00108524	0.00206112	0.00094692	0.00513902	0.00001491	0.01334690	0.00048754	0.05575213	0.00224383
A[T>A]C	0.01003884	0.00946015	0.00396182	0.00325683	0.00042476	0.00336401	0.00625054	0.00018965	0.00115331	0.00051238	0.00039581	0.00059497	0.00271369	0.00026284	0.00324895	0.00158478	0.00788190	0.00182524
A[T>A]G	0.01485336	0.00942418	0.00862913	0.00813148	0.00067693	0.00141815	0.00358832	0.00008629	0.00005402	0.00148104	0.00156820	0.00019572	0.00175375	0.00102172	0.00024302	0.00310695	0.04949719	0.00141919
A[T>A]T	0.00081179	0.00104698	0.00871130	0.00419751	0.00400278	0.00008767	0.01053758	0.00051124	0.00005028	0.00368812	0.00855791	0.00108713	0.02927624	0.00085258	0.06382939	0.03137480	0.00042059	0.04218558
A[T>C]A	0.09508475	0.01274473	0.02769544	0.00583577	0.00046072	0.00143427	0.05895270	0.00024648	0.00044164	0.00025608	0.00045356	0.00022293	0.02219901	0.00171421	0.00081920	0.00462329	0.02610512	0.00233750
A[T>C]C	0.01406144	0.00733308	0.01056181	0.00004736	0.00003409	0.00375158	0.03601552	0.00011712	0.00063096	0.00270709	0.00029654	0.01201737	0.00414531	0.00034708	0.00044043	0.00445837	0.00242088	0.00016912
A[T>C]G	0.05971428	0.00900901	0.02406225	0.00462331	0.00002163	0.00019239	0.06387934	0.00000225	0.00058067	0.00283454	0.00115579	0.00072356	0.03465340	0.00043143	0.00053678	0.00950081	0.00756989	0.00006079
A[T>C]T	0.06490347	0.01913869	0.02669420	0.00082506	0.00069359	0.00574110	0.05279230	0.00021905	0.00061670	0.00577095	0.00179444	0.00921063	0.00310880	0.00183477	0.00264516	0.04743195	0.00202450	0.00588770
A[T>G]A	0.00446496	0.00447508	0.01238319	0.00082136	0.00044406	0.00002482	0.00271949	0.00145692	0.00054297	0.00058147	0.00002970	0.00076171	0.00048400	0.00002736	0.01121544	0.00339726	0.00179103	0.00871605
A[T>G]C	0.00217666	0.00286434	0.01277031	0.00010762	0.00012396	0.00037256	0.00064521	0.00472392	0.00023817	0.00063997	0.00111258	0.00063688	0.00029958	0.00000340	0.00064846	0.00271255	0.00008343	0.01042604
A[T>G]G	0.01166100	0.00860795	0.01312760	0.00084643	0.00020754	0.00060105	0.00285229	0.00097660	0.00017669	0.00267542	0.00151021	0.00090543	0.00125698	0.00000791	0.00051030	0.00961980	0.00478887	0.00742004
A[T>G]T	0.00015859	0.00083531	0.03302905	0.00000377	0.00029610	0.00000000	0.00039928	0.06577901	0.00002744	0.00029230	0.00038502	0.01226237	0.00145161	0.00028597	0.00000000	0.01214967	0.00051906	0.05879633
C[C>A]A	0.00024243	0.02499245	0.01508582	0.09383257	0.00052593	0.00001947	0.00060801	0.00024028	0.00008842	0.08255734	0.00128008	0.00003593	0.00000376	0.00142687	0.00004181	0.01301375	0.00171445	0.00462215
C[C>A]C	0.00071143	0.02668992	0.00229165	0.09760156	0.00013344	0.00200715	0.00040136	0.00004151	0.00037837	0.01068157	0.00104639	0.00143183	0.02811901	0.00049057	0.00185677	0.00346628	0.00535843	0.00035206
C[C>A]G	0.00559494	0.00011670	0.00008588	0.02973248	0.00000451	0.00005580	0.00064089	0.00004864	0.00000000	0.01227047	0.00027421	0.00030240	0.00368864	0.00000000	0.00171586	0.00037815	0.00046801	0.00000140
C[C>A]T	0.00000000	0.00632000	0.00707302	0.08714953	0.00005292	0.00000182	0.00000979	0.00001075	0.00041525	0.02767100	0.00150149	0.00003418	0.08578947	0.00000000	0.01256351	0.00071124	0.00110721	0.00019146
C[C>G]A	0.00777412	0.03064536	0.00234822	0.00906224	0.00001084	0.00019343	0.00239515	0.00011607	0.00005028	0.00000000	0.00037012	0.00077754	0.00107347	0.00618382	0.00000788	0.00144053	0.00220440	0.00087737
C[C>G]C	0.01314784	0.02165452	0.01021783	0.00791168	0.00001706	0.00042563	0.00251464	0.00009672	0.00031690	0.00299685	0.00105295	0.00002739	0.00154156	0.00052515	0.00185175	0.00054803	0.00289274	0.00014588
C[C>G]G	0.00429539	0.00175578	0.00175981	0.00355698	0.00002530	0.00034616	0.00087408	0.00000043	0.00019326	0.00449158	0.00066247	0.00048108	0.00026048	0.00003563	0.00026177	0.00142471	0.00164411	0.00012609
C[C>G]T	0.00895870	0.03452639	0.01545042	0.00718031	0.00005604	0.00002536	0.00530357	0.00004485	0.00001393	0.00371301	0.00066229	0.00003820	0.00151519	0.00677259	0.00455976	0.00067870	0.00103358	0.00315733
C[C>T]A	0.01328405	0.01567611	0.02518190	0.01417400	0.06063384	0.00350633	0.00765576	0.00046484	0.00052678	0.00716084	0.11917992	0.00156179	0.00428154	0.00000922	0.00520809	0.04776269	0.00287747	0.00492801
C[C>T]C	0.00803117	0.01842813	0.01529158	0.01163121	0.06027441	0.00014942	0.00772594	0.00016032	0.00000000	0.00273624	0.21033206	0.00181340	0.00548922	0.00003499	0.00561118	0.00054129	0.00781895	0.00028438
C[C>T]G	0.02643509	0.00429756	0.00285434	0.00290178	0.00639839	0.18729242	0.00295521	0.00667684	0.00362949	0.01639854	0.02386827	0.00234108	0.01315236	0.00212307	0.00972429	0.00571467	0.00445357	0.01705414
C[C>T]T	0.02071833	0.02655194	0.02165067	0.01850112	0.06847101	0.00024818	0.00576458	0.00021507	0.00035587	0.00145928	0.14191797	0.00211096	0.00710556	0.00077978	0.02685922	0.01009165	0.00557074	0.00142989
C[T>A]A	0.00305769	0.00195304	0.00000000	0.00224520	0.00014439	0.00004571	0.00134565	0.00001445	0.00019102	0.00011027	0.00055775	0.00007062	0.00044926	0.00014580	0.00330668	0.00189625	0.10346980	0.00016749
C[T>A]C	0.00170113	0.01770346	0.00451691	0.00491777	0.00002433	0.00006332	0.00308542	0.00182646	0.00043459	0.00198308	0.00063136	0.03882759	0.00297435	0.00025454	0.01433009	0.00012016	0.06375543	0.00054932
C[T>A]G	0.00188585	0.00293690	0.00191971	0.01611196	0.00002258	0.00073944	0.00168623	0.00036630	0.00013251	0.00039068	0.00025952	0.01131554	0.00098383	0.00043725	0.00012749	0.00181887	0.16534938	0.00032742
C[T>A]T	0.00002957	0.00872317	0.00756792	0.00689882	0.00031582	0.00000628	0.00028249	0.00719321	0.00022187	0.00084995	0.00000000	0.07262618	0.00000000	0.00047593	0.04729283	0.00010109	0.05369941	0.00009760
C[T>C]A	0.01154763	0.00731068	0.01595764	0.00486358	0.00050205	0.00031649	0.03757024	0.00036284	0.00016423	0.00000000	0.00122227	0.01097955	0.01408790	0.00023229	0.00727285	0.00924701	0.00564514	0.00175752
C[T>C]C	0.00485253	0.01168245	0.00671867	0.00161644	0.00017459	0.00312588	0.02661268	0.00201306	0.00006629	0.00311525	0.00053125	0.17549688	0.00208938	0.00001825	0.00021268	0.00021816	0.00206421	0.00181333
C[T>C]G	0.02791789	0.00551701	0.01115094	0.00541105	0.00000000	0.00031556	0.03084352	0.00177628	0.00031552	0.00000009	0.00023945	0.09433295	0.03386524	0.00009811	0.00061245	0.00174995	0.00439407	0.00108608
C[T>C]T	0.01277799	0.00025030	0.00238754	0.00062513	0.00177996	0.00002887	0.01298867	0.00824822	0.00018669	0.00450989	0.00715282	0.41707755	0.00479012	0.00010177	0.02773407	0.03125300	0.00073999	0.00207685
C[T>G]A	0.00223108	0.00696566	0.00325456	0.00027929	0.00007006	0.00006020	0.00173029	0.00198959	0.00003219	0.00009386	0.00040756	0.00036467	0.00071566	0.00006473	0.00342955	0.00097923	0.00475713	0.01155519
C[T>G]C	0.00481706	0.01036848	0.00466336	0.00007949	0.00002331	0.00040963	0.00145564	0.03102251	0.00029355	0.00231368	0.00088565	0.00173572	0.00289245	0.00011687	0.00559592	0.00014903	0.00110777	0.01286064
C[T>G]G	0.00711591	0.01651260	0.00362329	0.00279739	0.00000000	0.00031919	0.00195387	0.01363483	0.00000478	0.00309957	0.00105556	0.00037259	0.00397585	0.00014190	0.00132655	0.00021647	0.00799649	0.00714500
C[T>G]T	0.00447069	0.00049061	0.00095931	0.00084744	0.00000000	0.00060998	0.00149367	0.55117545	0.00000073	0.00162219	0.00000000	0.00218948	0.00001590	0.00000000	0.00152558	0.00000167	0.00140377	0.01678521
G[C>A]A	0.01084282	0.00533970	0.01386503	0.03013008	0.00000000	0.00102554	0.00306323	0.00122054	0.00030769	0.14071849	0.00031163	0.00243222	0.00074236	0.00042971	0.00011670	0.00099649	0.00260474	0.00708933
G[C>A]C	0.01048531	0.01143391	0.00859713	0.04444848	0.00019354	0.00036597	0.00697164	0.00001038	0.00013995	0.01701961	0.00000222	0.00077551	0.00437941	0.00020733	0.00005823	0.00131956	0.00262972	0.00051840
G[C>A]G	0.00401814	0.00001716	0.00206826	0.01825245	0.00001582	0.00074381	0.00135863	0.00008712	0.00008116	0.00800346	0.00000358	0.00019200	0.00036561	0.00005217	0.00000747	0.00029616	0.00015050	0.00084230
G[C>A]T	0.00512447	0.01098785	0.00895173	0.02078424	0.00000000	0.00001341	0.00345176	0.00026818	0.00000000	0.08051134	0.00000000	0.00003506	0.01072062	0.00018222	0.00003451	0.00091470	0.00030626	0.00408045
G[C>G]A	0.00502498	0.02013287	0.00134416	0.00612764	0.00000857	0.00020409	0.00130352	0.00004523	0.00003347	0.00048167	0.00000804	0.00104880	0.00082346	0.00135791	0.00015059	0.00031183	0.00215425	0.00148772
G[C>G]C	0.00587135	0.01347324	0.00491834	0.00667144	0.00000184	0.00067097	0.00204491	0.00001883	0.00015975	0.00069568	0.00027015	0.00131341	0.00211250	0.00036891	0.00066569	0.00015610	0.00324503	0.00299330
G[C>G]G	0.00203816	0.00346218	0.00052800	0.00393942	0.00001400	0.00026309	0.00020005	0.00003456	0.00001405	0.00032787	0.00038742	0.00008583	0.00030909	0.00022196	0.00019442	0.00047638	0.00044081	0.00025183
G[C>G]T	0.00847900	0.02320878	0.00368226	0.00288785	0.00000571	0.00018562	0.00313269	0.00000046	0.00011905	0.00107931	0.00026292	0.00061530	0.00237739	0.00288074	0.00129682	0.00102293	0.00302775	0.00250732
G[C>T]A	0.02703326	0.02063212	0.01346406	0.00309063	0.00006367	0.00359813	0.00842703	0.00028028	0.00009779	0.00666820	0.00015603	0.00250855	0.08561721	0.00755927	0.00005338	0.00110750	0.00314637	0.00691337
G[C>T]C	0.03188481	0.01475586	0.00911264	0.00339790	0.01324282	0.00072128	0.00634045	0.00009383	0.00145041	0.00445260	0.02830905	0.00004956	0.07428993	0.00018249	0.00076180	0.00243002	0.00348897	0.00822177
G[C>T]G	0.01237698	0.00000000	0.00000000	0.00000000	0.00000000	0.21517388	0.00444859	0.00707108	0.00000000	0.01640618	0.00000000	0.00145167	0.05477131	0.00170897	0.00000000	0.00001908	0.00021686	0.01609470
G[C>T]T	0.02442280	0.00968343	0.01500327	0.00274751	0.02287200	0.00042353	0.00510941	0.00000639	0.00027518	0.00257307	0.00451753	0.00092100	0.06698015	0.00195120	0.00174828	0.03941054	0.00420727	0.00499711
G[T>A]A	0.00385267	0.00684513	0.00142008	0.00547423	0.00041439	0.00005747	0.00196462	0.00016023	0.00034708	0.00107920	0.00030662	0.00008839	0.00179478	0.00000101	0.00167463	0.00007574	0.03885839	0.00114895
G[T>A]C	0.00235023	0.01060919	0.00190804	0.00247310	0.00023054	0.00002992	0.00180998	0.00030362	0.00019564	0.00208165	0.00008969	0.00293295	0.00271693	0.00021346	0.00265603	0.00020872	0.01051635	0.00103229
G[T>A]G	0.00335494	0.01486098	0.00106383	0.01273181	0.00024113	0.00013693	0.00203181	0.00021627	0.00015798	0.00062718	0.00046707	0.00055584	0.00287506	0.00005907	0.00002996	0.00123369	0.02651969	0.00082552
G[T>A]T	0.00101849	0.01626708	0.00223537	0.00513622	0.00034965	0.00015809	0.00097968	0.00154876	0.00009830	0.00286230	0.00015706	0.00486778	0.00351668	0.00063208	0.02071429	0.00756961	0.00645976	0.00121370
G[T>C]A	0.00947256	0.00925974	0.00426262	0.00252308	0.00007040	0.00044407	0.05480917	0.00002388	0.00013937	0.00016233	0.00004453	0.00020279	0.02431836	0.00018338	0.00000033	0.00093862	0.00415955	0.00122542
G[T>C]C	0.00803231	0.00612862	0.00499448	0.00047141	0.00008583	0.00226471	0.02326887	0.00095243	0.00005887	0.00283988	0.00001087	0.01404543	0.00135779	0.00025515	0.00020061	0.00189284	0.00364585	0.00069180
G[T>C]G	0.01735086	0.01203130	0.00269809	0.00188366	0.00000961	0.00135463	0.03502996	0.00118528	0.00005903	0.00498518	0.00044764	0.00370589	0.01905156	0.00027091	0.00030129	0.00245809	0.00320025	0.00139329
G[T>C]T	0.00592569	0.00154870	0.00317144	0.00005113	0.00054219	0.00002310	0.02446434	0.00060419	0.00037363	0.00202482	0.00761114	0.00470723	0.00787975	0.00000000	0.00569608	0.27086573	0.00168833	0.00169047
G[T>G]A	0.00277255	0.00707931	0.00235806	0.00022704	0.00007501	0.00016449	0.00201278	0.00036404	0.00009500	0.00082079	0.00021716	0.00064711	0.00048638	0.00003219	0.00248389	0.00018328	0.00241120	0.00101043
G[T>G]C	0.00225774	0.00328088	0.00339523	0.00008008	0.00012333	0.00009467	0.00068627	0.00587677	0.00009575	0.00011463	0.00034606	0.00035009	0.00036414	0.00015345	0.00129519	0.00008467	0.00110496	0.00030508
G[T>G]G	0.00561404	0.01701302	0.00126735	0.00177732	0.00019607	0.00045160	0.00187025	0.00143889	0.00013576	0.00699688	0.00282109	0.00069526	0.00123240	0.00106742	0.00588183	0.00392177	0.00230306	0.00259633
G[T>G]T	0.00001272	0.00565873	0.00208766	0.00002126	0.00106539	0.00027260	0.00015057	0.12048837	0.00003684	0.00098821	0.00190568	0.00632410	0.00283640	0.00018235	0.00655753	0.00629843	0.00009903	0.00178953
T[C>A]A	0.00035782	0.00128916	0.04083649	0.04195254	0.00027847	0.00001268	0.00231425	0.00004342	0.00064779	0.08519408	0.00229043	0.00023641	0.00119881	0.07733569	0.00137905	0.01018766	0.00391670	0.00238165
T[C>A]C	0.00587088	0.01648746	0.02604974	0.05272406	0.00046900	0.00247346	0.00174842	0.00014902	0.00016327	0.04805738	0.00343668	0.00072499	0.00248530	0.03150813	0.01291921	0.00819601	0.00105379	0.00010571
T[C>A]G	0.00359513	0.00012911	0.00348337	0.01250168	0.00000926	0.00044379	0.00036143	0.00002900	0.00001426	0.01504352	0.00016272	0.00009885	0.00002408	0.01096242	0.00000337	0.00027959	0.00036000	0.00000119
T[C>A]T	0.00747731	0.00429819	0.02969744	0.03750003	0.00036547	0.00170526	0.00121447	0.00277760	0.00114845	0.15577052	0.00082893	0.00072252	0.01825307	0.03559639	0.00340542	0.00081140	0.00871844	0.00469433
T[C>G]A	0.00145076	0.01322766	0.00080333	0.00153889	0.00000003	0.00004847	0.01018902	0.00013070	0.00005777	0.00177740	0.00007682	0.00317075	0.00143033	0.29731981	0.00109320	0.00373333	0.00575882	0.00153289
T[C>G]C	0.00433230	0.02960847	0.01322187	0.00544012	0.00000220	0.00032754	0.00666702	0.00000620	0.00005135	0.00378694	0.00145827	0.00062301	0.00138978	0.06579360	0.00430019	0.00018401	0.00167068	0.00593059
T[C>G]G	0.00241206	0.00008787	0.00221519	0.00227702	0.00000128	0.00007273	0.00127922	0.00003149	0.00004617	0.00118219	0.00026618	0.00044891	0.00033765	0.01417598	0.00000000	0.00104197	0.00008909	0.00004375
T[C>G]T	0.00259748	0.02523879	0.01227852	0.00055037	0.00045040	0.00237569	0.02238958	0.00136744	0.00001309	0.00010821	0.00005914	0.00048415	0.00249438	0.39136611	0.01223867	0.00004453	0.00377408	0.00420816
T[C>T]A	0.00167548	0.00013750	0.03813006	0.00253277	0.13932653	0.00144119	0.00895417	0.00001629	0.57654248	0.00764733	0.00011164	0.00023213	0.00121991	0.00185056	0.01652561	0.00009675	0.00390009	0.00111654
T[C>T]C	0.00000000	0.00088613	0.01748698	0.00668697	0.45075240	0.00000002	0.00843931	0.00003836	0.07209302	0.00000000	0.16149389	0.00000318	0.00007440	0.00233481	0.01441439	0.09137743	0.01064900	0.00025544
T[C>T]G	0.02170991	0.00000276	0.00000000	0.00000000	0.09471053	0.10128922	0.00140191	0.00351142	0.04380920	0.01280475	0.05589932	0.00045339	0.00059356	0.00077287	0.00000000	0.00707022	0.00002761	0.00398937
T[C>T]T	0.00754454	0.00178224	0.02506210	0.00666582	0.02754322	0.00000367	0.04639397	0.00039081	0.27864843	0.00009115	0.11453272	0.00133057	0.00318329	0.00220370	0.00051676	0.03883898	0.03582857	0.00573955
T[T>A]A	0.00315510	0.00065502	0.00552454	0.00187529	0.00016510	0.00746585	0.01222804	0.00084157	0.00001383	0.01023210	0.00220838	0.00054285	0.00584529	0.00041163	0.02309640	0.01330463	0.05812816	0.06749922
T[T>A]C	0.00050201	0.01051017	0.01317956	0.00141232	0.00024027	0.00009523	0.00721136	0.00026470	0.00020495	0.00181013	0.00212229	0.00530807	0.00003001	0.00055829	0.03692755	0.00097742	0.02211237	0.00501301
T[T>A]G	0.00573668	0.00369562	0.00605052	0.00596271	0.00000000	0.00035450	0.00339786	0.00000663	0.00000000	0.00061528	0.00140732	0.00133643	0.00081340	0.00006042	0.01354979	0.00443164	0.04105352	0.00437100
T[T>A]T	0.00117750	0.00088266	0.01936103	0.00377617	0.00036989	0.00186074	0.00659117	0.00142202	0.00136665	0.00112835	0.00009226	0.00239687	0.01252333	0.00008889	0.26265793	0.02590258	0.01385091	0.00480861
T[T>C]A	0.00930617	0.01172765	0.00295357	0.00082702	0.00228546	0.00022647	0.06933050	0.00073820	0.00050546	0.00013865	0.00498154	0.00081259	0.02120121	0.00001069	0.03818445	0.06520992	0.00708089	0.02390198
T[T>C]C	0.00418991	0.00790572	0.00565342	0.00000205	0.00063051	0.00498587	0.03763675	0.00095209	0.00000916	0.00539245	0.00146093	0.01416753	0.01036907	0.00013961	0.02501892	0.01192201	0.00003024	0.00978804
T[T>C]G	0.01281104	0.00496485	0.00383890	0.00099835	0.00006081	0.00045176	0.03397965	0.00111397	0.00009344	0.00268793	0.00379766	0.00190797	0.01787029	0.00001103	0.01544017	0.02063256	0.00389678	0.01047859
T[T>C]T	0.01552392	0.00963947	0.00003299	0.00004104	0.00092914	0.00524415	0.05184920	0.00044240	0.00021565	0.00042127	0.00316008	0.01945586	0.03192803	0.00049680	0.09181887	0.03324336	0.00008982	0.01016793
T[T>G]A	0.00467027	0.00872689	0.00816352	0.00000809	0.00013939	0.00015403	0.00595410	0.00000000	0.00004326	0.00000754	0.00048194	0.00000282	0.00000914	0.00027251	0.02245270	0.00007142	0.00232366	0.05428198
T[T>G]C	0.00684945	0.00723896	0.01758856	0.00000003	0.00002355	0.00060301	0.00460217	0.00869146	0.00016956	0.00125281	0.00121712	0.00001077	0.00065963	0.00021940	0.01706978	0.00048547	0.00073625	0.03471303
T[T>G]G	0.00885362	0.01214470	0.01124561	0.00184612	0.00000150	0.00088683	0.00365839	0.00452273	0.00003703	0.00078069	0.00089284	0.00146668	0.00228857	0.00000000	0.00868580	0.00051610	0.00458708	0.01999356
T[T>G]T	0.00183255	0.00778992	0.01285858	0.00020356	0.00003888	0.00101028	0.00814048	0.11784349	0.00015506	0.00021744	0.00031764	0.00560080	0.00777411	0.00000000	0.01665457	0.00057150	0.00018228	0.38078206
